6107422
15864446
16973333
9763482
16343974
17469289
14138785
16664681
15754281
788524
2467791
87818409
3108351
2097571
1367531
759251
15012486
5402612
14173315
742143
28785486
14293310
14677919
14511951
1020058453
5695632
18980519
448524565
250740725
24693705
2843946318
38967536
116699912
51086473
28358543
256569627
1651023690
1951639321
717824269
126632581
608615938
25142830
85452649
457554412
326889905
190946220
22317367
30513101
17174309
1191817560
31262875
2812641176
2778446207
36431303
2431136251
27725199
16048320
18672145
20162248
486927315
47982751
9007482
953278568
2711175502
168778996
863635406
113762214
2938623414
286313601
16185414
43833516
551971949
242973581
18825961
19520983
2837188531
2828743998
476362131
2303929609
2400574295
321970500
205915163
75916180
21133007
18863815
24886570
20565284
83265346
15460081
104856942
33677181
300982287
428608400
89525420
768407407
488426410
459520912
945999066
283326630
3253252506
59949396
3077662896
2233215648
64929124
25011208
52368140
125077669
34453414
1508538325
301482436
567325499
14841501
64602565
70774622
156735736
36050801
61559439
44441179
78097360
216148558
95445586
62786088
36075739
10228272
165534743
5943942
37741293
21862875
18645813
36746176
21086501
16542877
20536157
31141686
2803191
382267114
3033103596
15670515
74286565
139242149
384388981
59414975
139243072
139239482
15482643
30452129
22412376
294636267
26131703
309214184
25516516
250083780
219858307
1409345516
24340467
2330999293
2260714455
39869902
882203046
2176579747
909358201
1376189018
22014324
11348282
573726684
137513133
408064667
460755380
20825047
32351549
22611082
15852417
22838300
18750157
155705264
23733354
21568477
24343698
20940081
26043177
14220688
361594753
45788610
73365668
1562069486
17019152
40101400
23976386
18625669
964212584
28987332
69542069
21787625
59399268
134234000
34914032
21001379
130151627
27476141
35727881
18776605
37019708
10671602
26280712
948444535
2297589577
620408446
2285256625
2330951678
41868798
954590804
14199378
29471232
115485051
17471979
40370322
46666106
239930238
372314818
183264683
193818082
26053643
23151437
15846407
124168590
378186136
21094888
17836882
138885978
177235807
146553283
75097609
376231288
392031784
81172237
14922225
126888705
87053919
38232487
15411797
91761057
132984669
54314033
15069555
34687493
523952950
516246613
48845433
67098552
374152180
463651132
303724279
1074448466
36719581
57072174
68391341
29606746
1487234011
832284750
82254640
620226862
1468877634
300532683
34464376
292704687
18742444
59804598
189280347
21311712
15913
94786277
15234657
28245852
1039093580
116606606
18927441
51681117
256217327
27855118
18153556
428333
93885127
138794168
141021153
290097288
294198566
34068984
749690785
33897988
80242364
24742040
870619080
281827015
562566166
46423291
44799470
47755190
138103050
