21619519
14677919
8936082
19042788
119491006
116589820
489569315
17133657
260209994
22829472
1689466232
245132050
12343872
888814940
281257435
234472001
19201793
90947238
243724127
118478797
2542095734
352747996
44673255
29417304
294556340
44215512
2358547596
3050065193
504644924
26556899
297066172
56826095
179525103
74836761
85341683
34904355
490929520
1113512833
1879842158
228245448
1184045624
1641436460
2664202967
17471979
69742890
109328493
128928959
2207218507
115149062
25541932
26756955
1507338108
524396430
372898328
176914950
349297814
120128428
16228479
38271276
546135718
22291311
41966069
41918680
42535683
28644864
20058011
36471524
14850996
1074752546
273583665
1206894170
129718597
85513062
62321938
41415275
428333
23028290
182655444
16312540
39389304
73227509
55184723
81756964
67941146
14307307
8861752
22197119
22146282
47237549
17194411
37102304
19359489
19937474
26304824
94005119
97801115
48368184
65645716
46462457
15565078
19725998
90973784
62406915
30010401
76159839
25982493
14124489
