14677919
2467791
121183700
40533752
182407547
26759984
21046818
50476895
14273696
2879781461
182069086
14089195
788524
759251
28785486
91478624
15012486
5988062
2097571
742143
3108351
807095
19701628
18079284
87818409
66740100
127555008
1145065434
191206295
287444289
14293310
460693003
555448499
2439032786
444813339
39863994
370115289
33905807
20924539
86201320
43779912
2403016420
85452649
2341265430
20565284
70493112
80490861
67359917
286495100
136135351
259925559
344634424
157158949
81772189
144517320
233693530
271468010
377617275
781619641
223572324
409370660
280701704
1087696081
1210130725
1387976528
1512089702
48245440
2557521
9695312
557379987
27678749
41139989
14834302
9633802
96187874
18322639
80655102
18863815
194813197
18948541
407977463
436266454
155659213
96951800
14780915
58996781
226233723
245417665
121169579
173129929
47729416
139556944
140083975
36072985
50374439
255747911
166788286
56759099
166739404
60600061
58528137
133880286
65077490
57482454
36900747
22184352
150565967
57453875
87291402
96638231
58028217
80377305
88056342
