170384986
428333
5402612
14293310
5392522
2467791
14677919
51241574
3108351
35773039
573918122
92158465
2387957084
344863444
18484483
17370412
43112319
3946989927
459798048
3179282478
39883197
1723563360
3056468552
1628776303
52188923
1934989190
88215673
2906764318
204832963
620142261
494395147
153438157
1915336519
18781602
84715087
255067647
3171069504
23285758
365191691
463933187
3158178364
2814229505
246088673
3079986094
75050644
16753407
161900841
26657119
241056520
21654736
19377913
13896552
12993222
17659340
393348427
2444534352
118743846
197554405
15135567
1663413990
3094513477
14470115
373683618
260384666
605535719
117640526
355537379
21401706
156280432
379821031
101781053
18778872
1652970288
108184995
64470344
122231268
18028359
505454112
1305831925
573565184
1427757265
2790538982
18652307
2284066573
285249984
415108761
1282172306
2937436447
15986414
47207043
3252895731
48733616
28116153
348003
36252186
27212264
75742264
31610556
76697365
22190567
1054360032
14893530
2690038088
1167315067
8071902
487600344
17948003
23718361
506457797
146052318
480196886
14615871
15580988
3188256661
2414812230
110396781
16384038
35184346
1402532880
466783875
14304664
735439969
3004231
16289549
259427014
48686630
807095
742143
376927648
1872572352
482439377
312365633
17998609
534787945
3164367992
2884477683
159177111
1931124158
87252702
575451034
259851359
148034257
1408347294
1460865637
232343904
1327459886
42690248
59811175
2993556106
2328128190
371293972
132240374
19038934
6433472
20416406
19626006
384923143
544466882
24913022
139715762
277052231
42955907
94098521
9420322
618852876
2605452916
14817150
18536997
566603099
17453131
65946380
20134672
107175080
326665662
31128730
227780275
15088481
59949396
337886919
785148522
1173108078
165819788
1643302016
14415745
535483220
58198180
2882238150
2170861867
270491583
99471291
34262462
37874853
50944856
20165212
78592071
83998973
16031862
1157898721
339838574
17376893
133694919
1582853809
872722801
251253349
19456931
1317144182
44067941
2305492032
6139282
280616544
786764
113763153
304949711
16831522
29545977
18999641
293611387
26763420
16423797
688583
18638090
26584441
263305085
106470258
2218377602
15346695
20702724
17514354
19000033
64434700
14269008
292560870
319072615
17150428
14780915
192547775
378093954
206262965
2882391828
307929473
16955870
170547167
6604072
28657802
39174406
22502646
53120768
55272667
23326114
144549643
283258239
168798900
24421289
551964279
16152553
74186967
86317714
22502043
39774409
24639266
77555261
246723540
282894960
1542533869
2483907804
107900713
222475367
1947301
91180720
14717197
44419026
21515380
861408991
39496381
19431488
1652541
557801745
14140468
404324754
12034642
17964283
2578744446
1630447177
584891890
70821640
86002394
16313140
19863520
154392094
1132090693
37820652
308673411
1370463554
2171156179
280251879
21328706
2347049341
16044997
21665234
46671396
348843579
559202748
526941484
93747541
57083046
118523226
22790238
23245572
602095816
22711857
2307330234
298683013
2389520173
19918353
289998339
23745072
1149195548
16085441
232217983
808692144
1613366358
867302666
19086164
50323173
473061579
458966079
811549418
544620720
164587598
22848269
21263260
555769933
23216371
14498484
149282848
16596309
8736882
1454583764
282709578
2319175700
46898027
18276341
15220768
17900758
17787621
517858762
27467910
5525442
223864962
271044602
39859913
19066390
16926550
16295907
55355654
21882251
24767630
317212738
482308944
14216661
21825027
209388134
25878195
505073464
250331241
4970411
118952409
23720650
40139016
18851299
434271579
19171433
1087315136
14357265
225265639
21889069
19837493
16074930
91358233
8936082
143885561
38491229
132708197
105208870
479862010
1039870082
1529373403
154016912
203123011
42665626
30958203
467661902
193725962
18968115
270920024
87614862
271445418
386742828
1411434049
14834340
21693060
97352555
212621119
23612953
395411826
57047586
403372214
21625747
249489876
456354916
73406718
25713736
184444620
16307818
106539218
47377728
992994398
1636402351
62901112
257636542
1952967283
745963146
18510860
1053965401
15458694
26354403
50414759
60955184
359577248
18980055
48551107
20111830
26420157
43178145
15984676
71041321
480948112
353866421
1087239306
479771607
25084916
16351521
169237647
330071328
88237393
67973076
47612247
15844405
137449361
35944242
263292498
35441526
246565905
123231225
309816948
17680518
384031846
16811540
12848262
755991
122261841
24773177
579971178
211966029
36065127
158357978
20059181
60626429
320902039
21437081
758483118
18679574
38032209
48685122
296374432
284222474
996207487
470230809
377085073
22842362
256099282
1375534825
1101353036
826021849
71679123
63495143
569502507
50033746
15164565
186154646
253152109
1182831474
747398809
114965874
1334627174
177573242
36490075
284065755
377827234
17073913
20452161
786937495
19714882
246823640
266796585
99182253
291860325
267762210
45373599
14634720
818238024
227058736
22523382
116471927
309201026
142275290
390479943
15223265
14331373
164771978
274652363
474495954
857073236
352533151
216586703
109315305
420006092
2557521
87818409
268410291
79438625
191324405
25946632
503646906
21359504
190012537
1135768382
185722900
16661296
14864368
415842198
1021457359
59303878
331577376
24002175
16478421
21919812
16151919
30310478
25429906
136668956
115097756
64763754
46286710
108986206
15782873
15952856
16370851
845259146
814289414
131035815
41915581
64812601
61509014
17329957
311231357
20633535
204951406
334439387
343114987
822168361
191915993
76980224
273280868
846211182
24105706
364404089
79374650
167431567
60693203
253340075
292968229
86320422
8723522
235764167
143148413
23357070
788239573
20201160
24087168
371094771
23127185
222490077
27053127
23398730
293056684
128606458
21425125
119827702
28642708
121911472
116530638
46466853
112788276
247402941
564108269
414013963
19918228
376998210
23981851
282310452
292413983
109612824
538409644
25642222
557305907
36600881
188297924
244513778
116763916
17922098
21220135
21139166
16144876
497410944
41468683
16161679
132231788
493148184
4219271
72749180
11866582
177325384
112815157
132265705
27622263
102829920
17800181
236786367
102151135
41385640
58883706
20609404
19636948
237842283
18725804
472385266
84408910
48842195
280173055
27804980
287337972
20946458
184856761
17881732
16463984
17450799
378772333
140248957
25319770
23513814
7280572
17179368
217167916
275888521
207381263
275560673
78645110
164398672
18967986
38290074
18910324
22283767
88249280
5988062
13850572
21889071
188976041
25866673
17670732
168000515
262218224
278098811
63731881
100842674
50657158
63739796
1307791
392340696
23115968
19010580
17865895
221784077
23226236
89715294
365044717
17182152
2239631
1223101
131172264
19608892
166153594
21238524
260865505
1956441
16455755
26827976
19188829
149180925
187743979
450738176
344508502
20572213
25065495
425402833
24790115
96172463
363997684
46710447
21153140
334802268
21314252
15526563
18302691
20737006
