19784831
813286
2729728908
783214
10228272
275020671
26053643
18279333
815994
20108560
254218516
3194868788
12804422
66313848
29383691
21542677
20798630
14286496
15057943
1440641
33860739
23992315
14677919
32036992
23818581
21108916
329746058
22130393
19212009
16929349
19390810
459277523
1774391
23922797
15066760
32359921
4898091
16664681
1877831
6107422
17990493
1023096199
180463340
15635604
57097104
436292177
1330457336
14934818
136361303
27844479
1339835893
15846407
24885558
22906929
11348282
5856182
147491390
1883882869
156651229
1536791610
1630896181
21024997
27029537
71256932
380648579
277761722
427475002
22001973
25690886
5988062
28140646
14123751
62591681
27457788
133880286
15962096
52175920
217295265
23605284
81482674
16000318
35773039
2477879210
205063388
2233154425
2447157140
20439102
17057271
19066345
15164565
487118986
102789488
140758820
16955991
23030211
40001325
316469086
45798009
67358777
18949452
15110357
34713362
122728088
1252070760
86326843
387562192
137645230
18807671
5225991
2467791
3108351
6017542
1652541
14293310
759251
51241574
807095
87818409
788524
16184358
428333
2097571
612473
742143
5402612
