14700316
16153562
20536157
33933259
1367531
14159148
7587032
14511951
6017542
14677919
14173315
4970411
16343974
14138785
788524
3108351
807095
2467791
51241574
87818409
14293310
742143
65473559
21207962
368996891
16632084
70799317
24802340
54341363
14594698
23941036
15518054
17711232
80937256
2669410451
790680
9317502
142393421
121211713
131574396
103223236
3687721995
142803775
124335068
36182872
185260477
329746058
40851965
185314895
433730798
302242634
55573873
15790423
498100569
750567798
175180732
318877787
2859167786
1031786832
103394487
944203176
944835650
33330990
400448353
627949093
40644000
406745433
253809805
17437511
412806234
2968656424
3593520977
831629425
3901777575
1292376426
127377113
70740986
16402111
239795061
485667658
125122481
282804089
109669414
98199951
1058236206
1428419214
3901877123
37787358
3857342651
3875601135
46931089
123580195
97251131
559087913
20166847
35015510
349131329
14679798
75917712
84758154
3167212145
184237782
3732620895
250250480
1458565118
3171699773
237872146
2296410258
190455017
87733319
22080775
408112484
3517925956
105845299
178212355
3002597387
2267910895
43717592
3403199097
148810311
2286941802
87070315
266307214
315919021
313525912
158314798
66699013
16998020
405728790
56783491
109307451
443216748
33597201
21219827
199999865
813286
27466653
950341134
46891714
3313886063
261887145
1345702333
124575034
55572045
173545486
1072536482
131311480
71839723
62104909
347440230
247093896
154577458
282264566
3214677471
124965732
39786315
168534246
58547037
160701196
89036744
106499472
111100656
3352670979
143126485
79498675
106547686
355904719
160095115
129676426
1918440836
123268904
51289595
52273934
2521694966
552658376
298048905
358974434
164397728
2281541334
141817380
44150481
36751573
361270172
144974967
85002511
393852070
2893511188
3063032281
995660906
62093168
57097104
43289545
100322679
23741531
110721158
262881419
224267898
243442402
21111883
557379987
28445357
2305150285
247560825
200050704
17427779
575492930
469508411
19725644
409486555
24599923
113514650
20054788
338084918
31080039
2327359038
14123683
20565284
177758937
310172617
27778893
27260086
34507480
280582344
88287364
181561712
27678749
171682730
308716304
321970500
17915334
760928006
3303293865
157140968
14230524
1190105779
2791428994
39342378
278794821
3092241503
2203709322
1199264406
159121042
174958347
36008570
457554412
85452649
1582341876
432983617
2387543119
464128120
107156276
7831092
30670199
82455213
3171692195
891794228
90211356
3020923275
568825492
428333
2097571
759251
1652541
1198406491
2439032786
2523613098
35019751
17369980
627673190
2369525400
80574781
44449830
2401640120
866509532
417977928
431119799
489758148
23375688
1901060970
50393960
2715115656
12652472
125432895
62557485
35035118
58603510
146367309
22202145
226617318
66000819
172097332
62312457
15292534
162612967
22672822
160292901
2318223224
598540507
602993818
893167046
83955939
1524689467
361150095
2359476565
259925559
2691991305
183023359
164949381
135682966
1283561876
2533070650
255640452
66083959
344801362
280701704
2343987871
96220704
543078828
126672013
1520463438
109387470
234349299
1912425464
2563683745
158487331
50539557
230845588
140118545
624080726
461922813
558810910
2182274466
2330330082
2491702663
8350912
24744541
2231296237
42894971
34613288
54556700
465811969
19596687
263099844
745002644
620034505
2550652224
183387449
932429090
1640169925
1964571728
2506947680
393987775
138600717
15515656
578082910
69282408
85772748
2155215398
341639219
125481462
255747911
27042513
79293791
1636510357
1398188406
19238548
62513246
47786101
5402612
39542268
72915722
2155649270
15846407
158515843
27022632
205302299
609383144
215952307
44747764
25248601
256573865
42455153
1660468830
15227791
50374439
23922282
20196258
398092540
38259087
100220864
44409004
31312972
78071252
20015311
241382835
18713254
15485441
121626258
164242095
502135911
19879313
20609518
973363854
390925565
6480682
1205123202
348785149
142157505
1228516999
355307031
543728251
231579149
23544268
497391647
21526685
15439395
92717138
19966557
229219088
384031846
27457788
133880286
258483856
17336417
482790441
240784530
69270636
19657893
80096621
332638587
281766200
169243528
275400224
169740780
55609295
104969057
1149386466
47285504
195814782
602317143
466777455
244086098
1355069954
46409160
65289126
24289404
564303265
87148957
75974281
200201140
23544596
70957640
20728561
31388819
1129248440
29956911
577407652
35598137
70722719
270491806
68792381
44312605
1715051
22888027
389029085
332611996
39773566
160817572
90098789
87318558
143592420
59949396
62591681
62604873
409283525
443215941
28062164
21181713
480930665
19637934
28644174
17844280
48785884
580097412
22479281
574168493
391037985
552121630
24083901
53297035
500042487
18131961
17350250
27825390
91390383
149590738
344779704
460485003
136135705
58233603
265826890
562381032
30614676
24807616
555448499
460693003
90420314
77810669
116710152
26565946
266575711
166739404
90021519
36686415
45266183
184910040
285282053
141052723
205915163
251496825
129701195
25621296
234053160
551177934
89503894
113613920
34312352
288254260
222509944
57972602
321962760
