74712538
27758112
180821354
234053160
19114743
21163600
39887890
45707366
236956880
304679484
91334232
19903360
1068121346
2347049341
16012783
14511951
1020058453
42958829
5695632
15084853
2836421
8839632
14677919
2425228634
15279429
2756720878
14173315
28785486
15012486
17220934
465956826
759251
17790274
217518231
27760317
17842661
21181713
113613920
2897628389
2973732010
262050648
152025089
632575103
18373109
126718657
16409243
30620367
40026515
197037531
554349857
2432486951
711231527
126080847
407436254
333371031
565782584
772721916
36012375
30885814
74454587
261403961
634101915
332843907
2172
303302482
274281729
768160183
80568789
580461536
1001060760
57378349
59454488
297549966
402181679
1261246086
823709143
347891613
343940865
242382715
277543977
92636901
373780692
44297479
17017636
15962096
103602549
89403567
73251301
74231747
45869342
17843698
38526545
322837809
40074900
293067287
294957256
25295123
246481013
202415747
15439395
862483279
66263785
637338906
18165314
18952476
58002377
45761010
507191981
442812334
194678398
25199162
528915816
42035272
30364057
21376458
226235653
233063997
292816822
339790727
142363197
149249831
248540363
228898436
21158509
84447226
21354645
386056280
64857767
40270176
20015311
204832963
891794228
868820767
213350034
165511377
268783568
95023423
28161405
22084427
1736855654
119000092
81783051
9916402
16076032
500042487
16589206
7860902
237845487
28644174
23544596
16603324
35097545
66434859
18651145
18034790
53297035
139162440
14824849
14075928
14780915
19725644
20065936
1493121
14673345
129461358
14219397
18510860
15458181
20002475
535849334
218510805
140579875
68548554
14768651
18827821
20094105
87818409
16973333
17427779
6877872
41073372
263292498
11866582
19697415
1173416894
21368060
532793244
23145455
51241574
2097571
10810102
5392522
5402612
1652541
6017542
2467791
807095
428333
19101376
15227791
52174863
6322692
64814367
235760499
54682125
18177317
20609518
41524578
63876030
17681513
45316175
138724770
24447643
22461427
81525925
104936762
