557379987
14677919
14062180
5392522
2680162867
50083860
2696319792
9695312
4069669216
259399482
1082136150
39344374
23818581
430048955
488646369
20565284
18625669
383350609
50004938
42796397
261375804
761959446
361532760
365823722
502281810
2986161066
1008151898
15988683
13929092
500704345
205302299
2155649270
2463499796
17565514
2717254872
382166327
44666348
952293073
134887156
926620369
1260674960
312326409
30583657
2649588536
146327085
2377815434
14075928
24252468
434532232
110458336
905240773
17846025
9532402
326255267
227919023
7764332
115396965
238782335
185739738
262794965
1529314716
1734736945
3158281482
2913281471
49035989
88749392
2896309515
55117855
49728843
2404843596
7313362
3246413551
108090221
41229669
29840295
27778893
2401624056
16679529
64090343
1120326499
1536791610
813286
1093090866
469616302
152674544
1158838652
281258276
321970500
247560825
2894508864
56773228
234443392
105715305
199999865
262454289
130991061
109303622
2812768561
15279429
3303293865
22208192
25166426
63677189
27894365
3069100341
16680180
30965315
930266185
18949896
30008146
200913899
243474622
31248300
22733444
74773211
2391359107
2557521
165586474
1582341876
111556701
86141342
14173315
2097571
807095
742143
5402612
428333
1652541
51241574
227837742
2678072634
291733297
412384579
118527732
571719480
18676526
248900032
14641534
93464668
26257166
21337888
3104725159
1476215545
84279963
181561712
105119490
209708391
158314798
176566242
2303751216
18905134
57422635
18072400
224646465
28111785
2895654808
155620016
46954727
457554412
17243213
2609550227
298526767
46035083
176878645
2284215050
17919972
274002139
24779883
28644174
55573873
71026122
55025199
39364684
261061836
171682730
233688648
438115553
20574484
214791922
23807048
14655879
149590738
103258828
338601496
17074714
14419089
2310988671
1138895118
18653699
45057495
206868692
119166791
28412286
1219710116
18395177
23450304
118958259
106801692
23148645
489965345
380051568
25395727
2319560868
91195372
27711339
282789898
501389799
568652141
1049711166
740882012
2190377699
36359951
1504473049
1092371880
506154955
15485441
15162193
12221852
50687788
15676492
16407145
44191011
17600124
1716892602
1263465577
532141050
474725847
152785027
1963918213
20117790
119829799
25092348
30973
1432023073
16243938
398507833
87410594
189248614
479906071
31080039
1948029475
21219827
149249831
16137054
1410302630
53153263
80655102
262359713
79858169
237033613
36359791
822221402
50515656
1483817330
27195114
1308829592
1530122682
106313216
886859707
1009625708
337509625
1408489530
587748025
454423088
298051180
891826837
986907835
774187063
1020058453
87284779
24807616
500042487
17844280
240769509
23375688
14920785
29611918
243442402
526078034
75821706
15429316
16027638
379961664
281355297
219770914
113778035
319372342
21681809
1152951536
791024150
251294686
332605908
17560096
126084292
19030283
25173006
251496825
323418410
365713075
27733403
48729072
23482952
224077835
487965981
396314786
221452291
270564482
384507734
33597201
386788466
29756339
26656912
531912936
707830526
798429438
601298466
1000262514
263227378
47547402
15790423
28420827
217920621
473469791
309847917
542187379
711466928
114478604
231750418
138909476
47694175
89587925
865321236
348894653
175247746
386370914
435582380
831753350
446528960
75044533
210938747
271572434
339239285
21111883
710963455
25118696
6539592
621061730
31428361
561826629
243098820
17011078
591381056
27706753
245813101
220222463
211057147
552147406
98649478
22946688
30106937
90811318
111690277
42541580
37908187
503942354
449328116
543618357
15898172
153329168
6480682
331057915
557479242
589490847
449547255
190549808
186666771
498186738
67719573
483204881
66561957
74773917
56845731
219868497
28474662
23544596
193074732
216102296
549682519
2367911
479809444
259370585
2883841
106576026
194690210
251706984
36071595
554167465
26565946
268414482
300550740
65992743
80999263
5695632
38868030
6017542
89084561
17783755
14399483
497152437
48076435
30051127
398258450
334058784
162808385
104841338
344011953
58979080
116485600
14094741
27497538
509335531
19299909
172343824
128130323
28414010
25589776
23798922
336116660
14810884
32122637
61130274
28048024
272659379
377739330
239129243
13084602
258836913
35750239
54025386
266310052
309437620
56405314
106837463
19397785
297684144
311015065
112507953
230905591
368738295
255332640
229327747
252263949
396895723
345545420
448572667
471729732
88663765
33891064
254211344
188647212
24272984
456760820
352145373
278778939
234626111
443683601
43206031
24531730
123573528
355743494
429280209
222286862
239647794
15515919
31239408
177658536
36686415
169686021
15693493
23832022
119509520
349719600
171066647
104736367
14293310
19057001
16193578
43158428
355741893
413487212
373101137
14925956
43192807
16312576
407828857
236699098
15934926
23613479
34097876
157140968
28669612
302190170
184910040
289987799
49712658
52803383
27647145
59614424
384953260
40885516
301186841
15754281
759251
291277295
106221254
31178927
335559140
316883825
41346792
120943272
20012204
26940466
255351091
19877186
96238208
16331010
101928415
74488941
59017048
15012486
43635310
249379276
26299547
39018123
218699836
176249207
267841927
37223926
363321547
114144511
309062300
59240382
108504523
115485051
315366778
14505642
153327006
12480582
104191328
128360111
220463539
116362700
19562228
21447363
93935921
99128269
106461557
95515846
124818259
222970566
153327839
61484151
329420754
43436761
34009399
184634154
41206681
336255781
63550919
21148293
15846407
19329393
29612924
14230524
318877787
51170219
103708202
28638191
208324273
34344561
186629001
283677409
131578664
179508568
224506506
276281716
190030858
184647530
77888423
94360081
79293791
33587536
106484223
274310468
23617610
27989078
30094597
191267531
16826656
106905967
54269272
31523419
106238218
16409683
32959253
25365536
128986235
17932400
20139902
15461499
30381465
22421125
246941728
17496972
27260086
