86199249
308688698
14677919
35773039
16955991
16041234
23959413
30602016
3933080592
1543082737
2459771455
185397767
206468860
2710674356
3253249202
3302781395
1697125236
5700782
50197083
4147886593
2683547082
161580500
3030352557
116017009
251102215
2873266341
485848777
238440583
245424983
1059160038
88348525
1639221270
27778816
1531652898
1241621185
59010637
858497892
2369624922
26397505
27701354
1093090866
325076723
2517988075
973705435
29417304
101786064
114558968
3312884329
210692976
308705509
803310632
21118107
1488539419
2481105272
2442430098
3356135507
2157007164
79293791
38735227
212975171
22208192
14606045
148418872
291268061
3037709832
973688472
3165013311
3144531461
58503762
1650544021
210684204
1110441313
30890205
2723023393
817113
342327238
14437914
328198230
256131756
167623334
29013803
547986628
17169320
16265742
14982804
2717254872
254218516
20068679
68003308
36743910
13557972
23995748
151969930
2360097769
79303137
704453
5741722
15685837
21345455
26069909
128990079
18278629
30102069
524396430
15755669
58527394
304595799
24712054
84358766
454129437
162077205
23487110
260536059
26988561
53472832
229610758
1962891
119603936
4970411
172867574
1835652222
2307286759
586881665
2305853748
12266442
16178900
15471824
18395177
512793600
44647121
2247821809
26657119
15164565
966534702
327141393
114478604
14773982
74580436
25399731
16573941
5796972
8320242
392742140
153982542
162576868
17389118
404643386
11319582
18511475
288967790
2350490634
14779526
17004899
36174634
117424097
38213768
12133382
22906226
238319766
15625377
5392522
115485051
2467791
143816465
30313925
35826458
254751696
29813903
14358172
23151437
92717138
555708399
19777398
2374534089
2353213068
148218982
14602259
95431448
16013028
317254354
223321697
1119142730
139769681
222473974
1046520948
630996764
248343983
55355654
1850304403
395219331
1170167887
48802204
42389136
49698134
18587457
475286355
9300262
2836421
2097571
89210383
19654673
40155457
21025042
452177077
332791826
16004778
18391051
14787713
16083576
19358830
14221917
15754281
86141342
1652541
15012486
14173315
314689491
51241574
7744592
28785486
74085994
22650211
419627389
96242829
7940892
21258337
14454482
303827856
23986856
89084561
110775353
15458197
9541782
21042561
14524152
14939981
14689197
14495726
14293310
80943051
807095
428333
20710809
759251
17469289
251164136
16775743
23080244
14420689
16145224
15089174
26053643
14629669
77262432
16563214
9237072
14192609
1917217190
14511951
19397785
813286
26940466
28583197
14062180
149180925
241877615
15896072
176250727
15973610
70427073
14503737
39806314
76960923
18048437
29913389
53054031
