14677919
2097571
4077091600
3089798445
4101056597
2523138396
1646299704
792475668
4106585602
2324713603
3124125244
4055946196
14511951
15012486
139909832
98760955
2722754630
1195470396
14159148
19382500
2729061
350424344
83222936
439663496
19038179
2191230498
1564631276
1574895817
18286505
2913862788
450385603
759251
30313925
1450084477
346948656
53115044
100367386
18458348
265706484
2804964325
29442313
16550142
9763482
3101832845
36670025
51098494
178532072
328743446
3350730149
1018149804
3167903722
868571011
414320103
1410736070
3261758678
233254235
2895167823
149487578
2471687179
2892404517
1301674908
470536546
3108816467
243449325
21701757
1373198616
247920545
465872867
2889485159
2943309544
1389516006
2923727883
3132781572
2329638115
257436976
2512718260
2321501419
2583139549
3073643270
1915601250
2721152062
1898958608
2680852069
317918202
20920766
2253627002
1599463746
3307446074
2657724486
415127642
3139328316
613121418
428333
2227275901
243165626
3084862840
2904779611
265011660
101263750
3054647945
2871000858
35863609
3324110921
216776631
134848728
189470083
2265235836
350081859
26007726
500704345
494670287
395104995
519095994
2196565459
267722421
3234449863
3303293865
16012783
743411815
95301841
2884808345
1058459551
169716879
39585367
1536791610
155620016
3193707793
1909219404
14849562
18664196
770352762
3059620071
3005345825
2517251393
3227382976
461143043
546992021
29417304
2216595736
202836263
3165321796
3177826396
1339835893
514454608
257700448
1263540390
2312050183
755113
2305580796
2983423611
158828805
554716914
371061057
555460284
431519547
273065836
319915044
412691178
18033816
768687876
107905251
2679988763
3068594637
243162131
2820157302
192023171
448476934
399680387
329978193
2770150471
1402874162
3019101761
321484635
618304844
167072801
3047422383
43419914
30432667
2596911114
996428490
2635524097
2251449888
109702885
293850289
169686021
72568426
326359913
44084633
24047612
18481641
30180137
34395888
1483220096
596607831
3032007341
364902590
1621424731
1280737226
396102343
427778891
266336410
29166305
150515266
211318361
45993378
446543090
44972141
236578312
40505249
799573489
22162854
151333237
46751744
138102228
17437511
61408528
1463381372
273649447
274512892
2905655834
1916105388
607748249
311060809
39291341
502088521
237879349
2356579945
2866453935
319746584
2666221898
747639205
524950103
118545821
700097708
628583940
426200292
246601583
46931587
80706281
537645111
12480682
91408245
407042279
743483167
15914986
289215998
127377113
944203176
305175578
70740986
944835650
154755362
758263806
627949093
382303129
15085498
40644000
253809805
1870130772
406745433
2877648966
412806234
562248311
26582656
496563402
1350549294
25348246
2196938611
137878848
56309136
383650578
1292376426
17883546
82455213
20348431
15885301
543136366
369714825
2344826274
31208130
41840564
402181679
402790467
13049362
311188161
41875694
21447110
14178698
267329349
119000092
49708023
62414046
14166714
125386940
2893895262
1075008763
16522244
124003770
81314037
2845585355
19992041
171338419
145353566
798601856
2710123717
1165238244
942239719
71876190
152776345
1258516232
362714545
1085069976
37836873
42744294
16827333
281874494
711158924
735974436
568512424
5576542
16298441
1909848618
21506406
49717874
28194601
351357724
45163601
150752096
262794965
1891661047
1513138472
74829153
296389072
159121042
525223471
366342771
2533986578
2252794932
304110536
66010799
27330675
37329797
18995373
2230755439
124938678
2380678022
2374431732
263963560
330780855
50208306
37710752
27195114
19725644
19130338
383224852
37008705
15460081
926114798
187309898
18904436
1094922224
18953636
2251014355
59150974
230885391
17747848
2279443902
19879313
35421350
726774306
210303787
15764644
1081562149
327249933
341311420
1259938350
52398440
23833624
398345759
14817235
25084660
220920203
2230826630
386848483
258066840
255747911
560770090
376970504
211703938
557182970
9898662
354487586
405990819
762779522
172153520
900694717
484470798
1162258999
199064056
940220912
615658868
30074489
288496230
636605378
145899935
774666529
24395277
56245646
18327656
38239005
19459351
14873854
37433368
461719542
196057009
179144625
25373
26833198
14428486
596912223
2207980962
535429620
1167395479
1343023890
101530121
352014240
23636243
266940949
24660376
19995503
38041326
202494978
25426693
580023601
24980255
59958288
22318474
19673448
204870137
813286
395477244
1146375835
16793425
104937383
210944652
15279452
