75264585
15897147
92367751
69181624
91478624
50374439
20536157
1344951
16973333
14677919
33933259
612473
2611508896
602572980
462002814
29912873
334635978
3432290709
264579898
3931542195
552582271
29557052
26853548
557994355
2327686429
284616690
3282859598
2734953286
3497869400
548539482
11855092
82453323
15165502
939641833
30994347
17105214
15819632
351621695
15135752
59195634
58966564
65023553
34365208
1974017821
3492573974
2460870782
3388253872
2683407426
1223557777
3309180530
3260639682
455199894
2279270987
344676258
100727865
2833610736
2389021344
3164539322
33452466
3749112977
120371573
1605744104
1190510215
2886226879
250205792
555548903
24807616
257548783
146290693
36072264
15458833
37338332
573004512
87673761
1923320030
377204484
15862891
537588875
30313925
15102849
1183041
49012699
7395782
535289761
1536496616
1016129114
20038221
2196693372
3897613152
1357422229
625016581
15439395
3579487212
15009735
17939037
3641786714
22139698
3918947668
13691782
972651
718864412
35877766
18746273
16619832
16029857
22167056
24129206
2743553543
15032736
23503181
104201057
38722208
33998183
2042231
4620451
1299995892
186154646
22185437
3782983034
3737931859
805419332
14293310
428333
3710773762
3760533449
33405350
351640699
41441873
371830906
93714983
3783164420
86981664
210653010
214817215
27978241
33773592
18644734
15612654
14807898
330921167
2734713482
52818366
44134466
18774477
254142204
3218847301
883665606
3565003400
274151347
1444344619
3307610761
1601289007
108190113
2251566159
207878118
13787402
537787984
107172099
85891683
42869411
2263820240
86977818
53175445
29456985
52768208
14199378
44196397
15500649
484991854
14848513
46319532
23959074
3108351
8295072
16245822
2467791
1046661
3426103366
1635837012
544517731
274649460
25565646
16817883
284602545
355307031
1903382054
2990690988
275522403
216776631
18848018
111301499
5392522
3405855627
14159148
194347664
104969057
602317143
3342152225
51241574
15428397
1652541
17248121
34554134
2263441858
936437790
3353111932
807095
774311630
14511951
1020058453
2401624056
23151437
1394399438
87818409
377982356
2097571
2362445323
5402612
742143
759251
95023423
40931019
17384099
14089195
287906361
284745621
710782219
543128024
963558768
896048634
1334806249
239264158
101798589
2557037323
180463340
15635604
148807607
214656189
16154755
292586251
1935937212
34409159
47285504
2715115656
3063032281
357589389
296977242
391037985
2670449197
2748525155
178463040
241382835
18947645
216444984
14920785
15846407
3047104844
78644388
6374602
11180212
71132242
91409081
23560015
3194549386
3307369908
3260563478
327672977
16573941
15898172
14172201
26011572
16890969
336445332
1510918164
1093090866
1330457336
1536791610
1339835893
15224867
19697415
847710324
2466123494
2336771796
437833212
58233603
264498030
308193132
1184096144
605381102
383044849
265554862
228822613
346314783
26527812
117374834
2151149082
49523336
202791787
20106852
90412433
163844242
38516217
11229132
162068753
176686379
248742334
36771809
14505838
125305134
77305343
119073765
112728024
18335940
16568116
900661884
127984917
2401555776
28123862
621573
20977701
21581503
28184452
15110431
23962323
8963722
18194898
16438248
16895274
2317351705
158414847
316389142
40513047
22692199
109571377
234053160
16303106
28201743
27557391
29304837
44409004
12415722
133067266
79293791
75916180
180821354
21133007
100220864
18646280
297047872
24886570
268439864
217518231
28706024
15169176
1451773004
19789439
15165493
14091091
337886919
165351673
1115148079
46220856
33602654
180200031
138725262
15473958
250831586
65707359
188046098
16622151
27760317
24919888
17217640
208442526
17722841
20060293
234525371
103865085
28245852
15234407
159588456
253536357
70725281
37710752
19802879
13201312
15519544
65647594
18244358
11348282
85839993
19725644
21436960
117662694
17781165
29472803
36184220
16580226
43166813
34743251
17842366
19722699
50115087
19402238
32372834
17471979
19658826
575930669
3355517979
21317077
15763416
16680962
14647570
5695632
880747604
2893511188
15485441
189253902
376435801
74712538
39188061
236219296
14230524
15155074
14780915
24963961
35094637
813286
79031518
173992307
11211372
13176312
15431856
