14677919
3143875313
24737091
584126416
85796380
206181989
499811956
2695494936
140192933
2425705812
149462826
405779581
100801139
81963947
52565719
114870386
290816006
36870257
465877306
14072588
2699217710
42948845
5988062
5402612
428333
250269492
34658505
293107630
58808037
1447003896
216436927
55766986
61363790
113110615
996355098
145692764
106430178
525264466
159253302
2718105283
340309688
124915269
82144205
56219974
376169179
148041550
246971667
369024896
22535674
196306906
15544077
919233492
87686159
18576537
278151809
121282415
1864835456
10012122
137346303
130298649
161463145
167915295
66473677
58929671
841550263
1375058696
212292357
216101510
1040106128
1658892799
80061912
317963051
841587025
354347990
61492590
131564691
1421796830
58605618
378536595
39288218
278428134
397943507
135327929
141735808
25338543
90300296
223282435
357892288
118396052
27621897
17180384
93969270
62522985
280851894
21814628
2446459640
2681888657
55268034
607398681
76842130
18606941
629475304
407877206
2535219181
211918976
31817799
66482014
1684665632
151605617
2345010776
41787455
107993838
16709879
150644454
173976177
322572436
41774468
153825949
270387470
102840899
114795734
124266832
707565920
32929295
308156222
405918447
431129074
1228312916
55635848
771882566
1014384037
1649083920
1318301670
365110013
83888584
9694042
68823697
15446126
42945901
2167125926
982404792
53042729
1620773072
22537332
716585346
1023387091
110993919
21491469
891295957
363036798
254108609
574044489
1264680739
376895479
17818131
21059542
23072537
62926741
118684532
46424167
29555839
37016962
57586364
16783035
8161232
17266725
15588657
31213362
22404600
109674233
28267705
350479264
37963496
80294798
115117283
304967362
21293091
25494294
20527466
20533552
27033505
44363615
25354040
58530166
164634050
15300222
69104395
25030519
68794900
240447091
22276965
20629893
14499829
16616061
15587500
8984292
25928253
22708797
13787352
27922157
22019881
146569971
39250316
21098119
15927998
46690855
49807215
38029544
32950070
17997789
22946999
415601652
321256982
134429434
308151547
15951068
200998119
16559024
87769317
37979392
228756550
468741166
128774698
6792632
19003727
40948223
346137648
951276103
305127045
9801202
179752291
22209176
184604753
16012433
182467328
9147212
18527048
15200647
13021432
166660272
4623751
855001920
856410919
266717184
40444023
230406892
17918679
19273794
24319482
14842401
13779472
17550067
19273930
329138139
976861500
605724946
173683051
225966732
16858898
23993734
356959469
24994219
86872485
35386147
179772666
169160139
612703992
458291313
240323909
289409159
1056279696
295974082
1031980357
582348076
174301293
86823293
19881436
185748219
36532290
44428795
55273142
97722284
36470321
407488968
16662421
32754385
45214422
101614836
27516672
73981088
573305237
339671870
64068072
149827409
114795066
20177423
326359913
19074134
46186400
15279429
33652317
115090913
10283902
555979924
326974383
622098575
69014818
61483126
93268716
71290695
83972205
264220902
117840570
146849104
24273086
10031682
197473435
3222731
51250299
119866419
18248645
42102939
172477586
508097690
337405455
19294551
106502630
352420145
136034867
10725792
18110979
164700225
37826174
57776965
14363297
209708391
58102047
163620089
171840609
33884545
54115409
114839029
50506982
18978280
57669911
555147259
96640348
288413420
108452568
234523393
491071664
37780023
35726000
382696635
320799329
455153223
330369655
216374378
109432132
306716881
58615031
58472607
407655044
121855763
143181655
97446088
189612555
243924962
73459349
114792269
487772923
18784113
61857603
16515099
136402343
450200372
16676160
4010871
348090653
420583355
48081582
145662669
14647570
10805852
118784585
117556768
38723469
117631957
297514827
19661618
66704731
428910590
104917540
184006847
19846233
52401992
434611005
19078960
185260477
16093039
191470269
20504058
276888984
58322238
71683995
37957147
71297893
169128936
407480865
239156885
241058489
15224403
39859418
42076619
154342382
14638581
274639464
238650503
218595998
33918319
234129949
193246977
66866467
55577937
6976792
54785615
113705887
59145115
131033769
38078904
215337014
177051873
110806347
80409992
15926675
198970266
69701069
150342453
101772207
93030823
29749448
44409004
16538808
169424852
108908254
19963431
107645843
15648827
62513246
63462207
27650692
17484709
47612389
15049365
37978929
35364040
26689687
70462295
64710791
208041200
34359402
16592908
259122986
37849693
35759258
211458372
81684636
55454497
61055703
128353822
112431151
128295866
324505319
32213869
152126846
29829266
70835712
270437992
39511120
147270337
111398463
80669686
19729130
65417014
200265700
38531266
127406283
58835918
312454424
113398892
67481044
23654616
77518799
30219958
51595181
66814394
16330790
27034775
45624304
123902747
167221639
100780277
52660746
244616510
19489239
24506246
83004451
117630247
17061263
151090798
257923603
10929352
50431241
65371809
52430945
49624549
70256412
50635048
201493641
342285704
187689127
20998647
15403826
326945495
22548058
14989742
18940064
63890093
114837438
60773879
98957715
159352391
310504796
312744664
60486205
337982591
76683098
262173464
38009994
94674352
60291914
77249253
54734766
72469278
73428007
59215690
123955962
48855325
226577620
225445834
10908822
16985693
188574211
54098186
54059802
228609209
50915542
118286624
149905213
50463455
300975882
344438497
17397787
62530556
114797671
17492582
37966027
72449675
315868054
34676410
38109868
151569993
19032807
225171788
117450379
3450061
305737188
87861408
7996082
148529627
19534806
227919300
62937960
85426644
103013348
60721471
58060877
120118935
16745893
168512311
220964398
56626332
157764316
56217869
245928750
153218499
145323753
249224563
16976573
321955066
98566995
336906206
208045119
79824197
125032534
236092503
5520952
140048972
11581562
132827409
338402463
135195371
14247816
141341391
58946189
313666826
323696922
317192987
58048133
17558611
115750083
8789172
19726230
53594117
146087611
28101335
237179730
43441330
60685242
51326671
255081840
19973100
6017542
1652541
8151682
54330754
16193496
63829941
17768092
14114282
31141520
48747680
58912739
51597098
54322484
73913879
20594284
643443
55002270
111302767
129426842
135172255
260942203
137362876
118073403
92809792
26992500
90227660
114835920
122112318
141273706
56740956
120958721
1769551
65406296
211988117
140583083
208123170
20270337
22752559
14592723
7666852
65531694
127547549
174467524
99972415
133520841
166589987
143759803
89687250
157181186
44394145
48497723
167162767
114725592
46529156
76080332
18741891
35670158
131156640
129041129
38002872
18298859
67038807
35033114
41009357
115091857
115092559
114834301
21294944
13623532
17974012
132330029
60219443
14676905
17248121
86756543
24683972
68235788
31438919
17813135
72258963
16041095
11061482
9994932
83259753
13450292
13445382
13445402
14166545
13452582
58947222
16312576
37977291
12815132
52746198
88631329
37701975
70464477
13452252
13372652
33881434
53902478
39765594
97050225
61106774
63282171
81106305
27094267
16392202
67871393
27375385
26644478
27028248
59532374
17324570
95786879
27726303
110048022
16097079
39944372
68352208
3755471
96747583
97047008
105833723
63119246
51200175
31414330
37965578
27855409
9610672
11761292
24952459
7668952
43231537
29222150
52669906
