15962096
14677919
160842774
117472538
3420181873
32135038
2322631764
1589333617
326354591
22849921
357916689
218749413
2493505412
17995857
1720406070
158102645
543118659
17718497
28166836
16477691
2317494151
20556711
16948171
600962606
44138459
19206471
41545899
1357632140
17355423
53429839
37723353
18659510
123015364
359741582
1178700896
15635604
20778387
190092257
18583722
48428463
22895299
602317143
14247155
16082318
16157737
18840445
1434251
11178902
24216951
12096202
15594318
79193651
268352066
617831340
23105167
11030882
44177245
263292498
142334552
168686684
104969057
21921560
21542677
14132562
506652594
277519996
30031167
63057538
18377935
14094741
617777020
617769412
180463340
491850049
45332531
15888142
36120438
807095
22699770
99440406
14983162
85412632
321690191
18159919
106900690
211686250
67472844
15054113
17011841
289468400
28930565
26648025
43979744
345065468
46469877
15439395
71256932
14629339
19103513
29853739
80847794
28049003
64643342
79797834
35295295
69203755
16432028
111460036
7551
