75528474
311397912
17433151
73871975
441636351
42606652
134758540
105710210
68497896
18681139
101695592
1346439824
61156375
742143
347035710
2222673457
8622162
14677919
807095
97217966
14511951
1020058453
38800236
266714730
1726006819
5695632
2855442949
2218274526
47685065
86254626
189917061
2251588934
1536791610
63992320
113278275
108252113
18538525
18872373
18861574
102957248
14120922
468479147
2729506932
88856792
130104041
147502876
208417986
57671815
181512747
132385468
87233065
43568964
16485058
75509967
36076870
23291925
61755650
307786551
18839785
57928790
107168854
356107772
56312411
51001368
18185582
116677732
96101258
17381587
6809452
63701470
24705126
23061619
52378823
17482727
122995784
388272261
40885516
78941611
76294950
44588485
56304605
19929890
97865628
17685964
145125358
101311381
87170183
