42648767
3232541964
3891630200
729725611
2920738039
3017421586
237634998
3242981196
203021499
18838361
478434298
548516337
3120238332
843112550
2476810303
2280156355
3302291418
67080446
2216118331
305939760
173727516
379534778
965463025
131102007
2838454748
137478201
321445166
2484912217
2501274093
89423854
487483712
469779250
42495593
420890854
3289339496
147487346
231225639
332788870
175606169
25411758
2401156866
65853743
3112819498
2931330481
583557107
14627214
3268229396
66339576
3535272133
227626917
2778537414
1403154601
3464926458
3555783372
552706005
3648222259
3220203980
2859349141
1968340153
2816361434
2535026629
239386463
17392958
3158586740
226905098
3221365748
774350738
2354265008
2900426395
42420346
169719009
231133296
361775834
1271700841
207426991
2474867366
1962711
456305408
571245744
63004239
3307739500
2783351468
2265765240
3360471135
716299094
3309811333
2316730200
3168153996
1241367842
3318282655
139399835
403078259
483866291
3549299059
55728361
1025357059
351378893
1886926903
2529856783
3309837542
1746588836
588730194
148760908
740461340
768753265
136148489
79986578
376847261
100563581
144742118
3177411589
3312974208
2297896736
2781253458
529277322
609016944
281367491
184974943
3254097120
580831310
2874824850
1670228461
3033837572
1706815280
3342533787
1883508534
44835347
247330109
446837051
459276667
63155376
15492359
408871541
2219926141
1206444168
299056836
1933749234
241402636
532884988
14677919
16834659
256833444
127761705
2552633088
255461902
129673790
3096255157
752352726
17383073
28278535
2653681198
465319204
115884789
35466620
141052723
967748192
19274342
21147300
18753424
544787897
29576445
3196935817
218730857
191384973
23046015
444180992
3105590624
3833583140
62001353
161907370
47035767
25629056
335141638
22993014
3964388473
117623477
80521629
23879043
501483043
252059280
257861295
14740721
264790922
291471318
3291401121
221257811
2374640414
16213404
3304175270
45785789
3104093047
125835870
2866612068
3088652035
370565311
29098641
303742442
1554461208
257757379
36255721
243865694
18470775
953172948
48562147
3869882593
17692554
511893537
926671896
778287788
3859198392
531881411
2793739442
293876002
801690698
3277095115
2213822132
240129369
2424971208
92424604
385250674
3309227533
79874108
218436756
2625573596
928909891
984089012
16675569
233340096
382418651
32201814
2768501
100895721
21469205
3045254252
890888936
401866664
3181700065
41312733
886413924
4023186499
99749614
492772742
2706416744
180702578
3438700338
1895240005
1421818849
246746555
2804354923
2481381254
2834403152
178801115
43234702
3859905984
304888449
3743901733
342430660
1057173019
269240293
344053767
85436197
1477177969
3689390299
1247967955
1361417706
949041037
50393960
24114876
4085875932
386046195
2283040729
9609632
3778614679
3443355374
97804575
2954356302
2395789260
3790671319
18749677
5402612
980912270
177180025
2177589222
35986316
14740392
14740227
16319888
2918951450
1595732978
20750828
3399525792
587927963
813286
321527686
3256153009
38056120
4198577472
4012381332
810039912
763296187
9609372
2369747593
45278605
449567831
1960221762
348246424
4140897679
21075591
22333048
487319894
1355846334
1497255541
1865820955
1914346176
16734909
2266461786
3161228918
604559725
951792986
1568343674
16832632
5988062
3320940800
385886594
807095
59338142
3018226490
229804828
416844231
511457381
16213124
15439395
93766096
16857864
1696365193
3115876308
172478123
26607837
231696487
2491398871
3680308752
438951708
281499645
3846913218
1134228523
189486358
3532512613
2833005398
74904593
1880085546
87118217
854877668
527249736
2862463829
3313863560
53466777
484377706
295561417
2362228890
520147426
1565366713
233930436
50618718
27260086
