475387575
949707872
13802392
1010094835
109237155
2841964389
23975060
15164565
35773039
14677919
2853600951
78027558
2467371145
1502219544
3431392043
884997252
142282697
17463923
2575486273
10816812
2747122290
2520999920
31350724
19125090
809230718
1635422000
202013151
330079961
1322070918
124710009
315107326
31285982
41865658
4099260382
168857946
27814665
3853571357
3708138917
93622147
161720492
1288063951
250562614
3526970241
296140107
93711247
111197966
15813140
31925790
17003765
213579515
738588763
584557906
537145328
2904292852
33838201
22046611
25412522
51263711
91220126
3419060666
165087408
73591918
125400714
174279917
2984479160
3318721967
266127553
3378377920
788158068
8020002
1250154102
894057794
1436567406
1258933296
56690593
3471236475
114894699
3899944877
247530298
619855057
127176250
34713362
428802983
3342530218
76966092
3143126199
2812957794
3391910519
219690900
2182812798
2557027249
17350542
16134137
32385638
1713417312
14847675
40587059
248528470
14284157
394724663
21360280
226235520
120391107
1150130822
75225695
167960058
11595422
179490918
49413866
2853276243
80422885
1258361226
1071464654
339613727
299089246
173758266
45817915
14792516
225706847
128199150
151467226
475790003
83855918
50580846
94523600
37921383
1082790528
2900173115
2873930206
36427941
25073877
3012764589
3293783876
2472478026
605602813
1636340558
14138785
788524
16343974
612473
16973333
1710852030
45660717
339789356
340824773
282545468
532897985
80048596
22001973
4898091
1652541
87818409
427475002
140070953
3245752650
88904510
23798611
16816193
1595415336
2230256532
289216066
584840125
91985735
16450071
18080585
16134540
288500051
1562518867
2827342884
126226388
76561387
1287555762
187906124
477022374
228580505
256136003
2931154869
1525696230
37599351
630484949
401579858
2373181489
410730973
301298292
2285170428
326979560
2890449660
1938663272
445558265
145062108
429016649
3004445758
290663751
198445215
2177957640
3065569479
23375688
16409683
79293791
44409004
26589987
3356052532
759826807
1178684294
376117583
2572263258
1709806004
3387198964
2467790713
403153238
1883176544
436266454
373471064
586198217
87532773
372575989
300392950
130649891
1526228120
1148446332
2796501438
2233487412
17881816
3046089087
281389691
2609087906
1147346131
2644897784
2162382852
2902455306
2359077392
2679621182
3221442469
2849542025
74525242
918502830
162798835
431626624
2216178876
2912349706
357638075
32971036
326113058
67047017
3120869129
1617314359
25061933
393491874
2991904109
16635842
428343557
86390214
18073623
28636739
42735351
16500050
52806615
392783094
2835593069
83658040
49602721
1942840448
2832071580
2858412338
1450532214
1525145046
632779901
903286604
3032115201
296320946
102602862
33005367
15299357
454166844
316299620
498649990
16712223
3065741392
133806972
2842695051
463248390
267283568
617335097
2327093641
2521030569
417944646
3323484910
85604997
2846415109
50045408
3141709613
584035625
1147039171
1449144583
58751324
294204643
22925265
717697701
56377143
106062176
22536055
5577902
124476322
3231775857
247745666
821045162
352439708
561133976
1025958342
552869469
291208499
1968536251
2369467405
920533116
135501244
96846955
1933042237
1133861635
2252040360
1961001230
575555115
861765444
1062830886
14700316
14361155
19277186
18213483
16153562
69231187
8271972
457812556
29439987
407822663
2522344603
3034822192
1093090866
1536791610
2833931855
243078876
131804761
2982641663
239390809
224778333
1245724202
41355018
3059656884
2933018525
806271169
227258017
113034662
1211741910
19615559
2290316231
78246714
317415110
2200540916
18165866
479384272
67418441
245060966
52484614
1550967517
285690437
105590714
20793816
2425151
543158425
3042462629
2752080493
20641938
3058606833
21991908
1862439649
1961027899
3058346523
2414945695
357588709
608478654
16004418
89517005
2885489051
601458524
168826960
14174897
66780587
76120046
2318319632
347829246
160548220
111035888
71472846
381430478
34262462
316142129
1392826357
2561297364
2704548373
248578788
818878782
317005063
573472674
21055792
281987844
21638893
256517975
2926850337
2945940359
107097185
16955870
295344317
235261861
405033226
144592995
2951523228
587539644
2193723715
2234523626
474659813
1960996338
142759156
2798010661
2831420532
102015033
2256400662
467167139
567566714
101850741
519086090
131498466
392086269
9308212
176883031
14107395
854581958
2831241171
54502344
2769742348
113201620
25111672
84121002
54373762
19425169
2167580387
392550101
14328026
17601777
2587463574
14857981
35835138
34391787
38508852
435067636
28438385
74287915
619148247
1927580929
258496743
95051392
2734946513
224595064
359502467
617131113
208495635
116766383
140079898
417271020
413783469
16425197
15670515
32468665
2459371
31311757
382267114
243381107
38679388
37060788
56505125
1488015864
2610766514
2692302790
1359090558
296459271
104561488
37917513
360472444
15460048
17220636
156645608
808883766
335425259
581937648
1667566386
1053187375
2340058412
632198919
288089508
1065881538
232747848
1515884658
13982132
14049061
33474655
48289662
5694822
18036441
138372303
25808219
312516031
16746076
2437987820
466376163
457033547
130060599
59559885
61774686
347086876
2347324974
497726860
608310777
800090544
1330457336
14228488
719117631
2418113005
349489402
48651192
326912209
557236743
352053266
39585367
19540483
567360618
568925428
891377682
263536155
7540542
50090898
1731878023
595065843
354847710
2490239771
474741680
2446931281
395194959
135902319
624612122
1450021249
14053823
40148479
436964111
218767761
306909794
2396874799
2396194309
64676491
1615340304
73829129
809455016
1378889792
55745460
762218060
1685928109
256444029
723106122
412846810
18027697
2301956046
14465476
585372692
228837900
475823764
2219338754
181924499
126955629
69279952
386002944
2294161567
381473563
2181662947
463793195
175348010
344720320
239823191
174659944
170810369
1008979266
1378417838
539927779
434782826
2226521772
580511363
137285212
1389982490
159205795
386609580
119399481
22862633
920446826
524009775
12748572
26618468
721822783
371281654
347512743
1916911946
430474927
1410108823
34891078
1958493841
44467408
278026264
214867461
69869180
24725822
1157440122
988309146
74286565
886855934
68382599
2181929208
63803710
728384659
348379865
999095640
42177510
196939898
57440214
1977427386
258707358
471918111
15231287
22873424
1845894162
18017198
819791
15426758
417228311
198723631
39511166
881060544
1603607678
249082850
35357160
43390722
1863549241
20279029
20332679
183203923
1968934273
16304899
11188622
1850883752
125915426
1858064659
5943942
141114993
515613018
67323783
126071164
154062346
10228272
257742152
1595205038
1629875646
1582688532
821062382
211791426
1471675927
296824934
988950228
289277091
1727659543
1856721444
1543282292
1335841165
1485838501
33837345
80755265
339093695
18667838
132428813
337234645
607241675
270929683
605173999
179013703
816653
236296178
33079769
1470634802
141922403
123686487
120362612
215213520
1379223859
1516418658
336476383
99953577
1669754372
324259525
466256791
136242380
211512733
952424316
55722254
311032328
424008867
59976611
1447305066
76744012
267939430
7587032
397161504
141864252
174940381
75558047
144417571
187891145
20766600
14435488
268034373
179664901
82471190
276329304
965757378
875485452
288248173
849106484
1593695947
85346528
104934657
191478785
205437050
1461491364
847317914
1219716440
786796010
56960258
106059177
14116807
150129315
38699733
22256645
67980863
82462275
30767393
186017092
67983720
917051281
1302962346
364830542
16672213
100519283
337618719
66759749
611685604
278031675
56626609
217617771
46631702
1107139776
469437084
1307519514
54502715
282755509
366482752
1219682684
197894963
535477007
735309847
160211407
63116685
396483474
740496133
635474154
1073603742
250876250
487318567
893571986
503220539
720862602
79162056
382095918
242654766
1072981963
52883001
14706299
1252787486
78583843
135187648
481996040
33933259
988439732
871893528
59087907
26787673
627343041
243948852
125615215
2097571
296735526
403559893
40454059
127488686
118648043
22685200
409486555
331070770
1114169886
879829806
228844315
239628768
540687654
25103967
1052207550
20402945
14499829
259791236
828181028
36304241
719713418
17093617
33407950
362950823
115990995
39461661
406816463
188615792
70636581
132588642
129952473
296714891
6017542
740111636
188680814
33998183
14885549
25093616
25928253
39520708
250024481
248697646
479319324
725769614
85960765
292450384
386507775
454430831
508806709
82615402
340277433
58354465
184941796
42970712
269780552
226916308
807095
821081293
58154652
237727634
51241574
238010923
2803191
963366372
15261829
428849393
116005395
43859368
21303464
498776216
22754762
742143
428333
36670025
49921218
49568486
105382622
582617572
226139693
343326011
500704345
15762708
18507095
33388399
438443784
54290504
106625598
22832997
15825547
132276254
82821779
469186415
127780662
493916845
788895528
485481599
138708473
262078413
63247343
30018058
95173260
810605353
142561454
191357525
377334547
382564975
320316357
121041518
332402124
215507915
172298168
488751763
346432179
168055010
80387925
350583181
389986804
61731614
519444764
200988657
147561402
32167773
47904231
113848301
46354706
80385188
14159148
245678731
288265072
154175481
206087305
226457244
425117177
356086809
277169830
515284321
93208569
99952151
191765987
227021376
16435650
284946979
19971370
36344401
197347638
46323186
292191299
27652717
29075277
303211908
275927036
57295940
245329016
350066710
183165874
252479319
246841572
115990919
328345941
367601297
338955038
141765996
14473132
333935142
8161232
297169759
253019710
20545055
30440282
30313925
41716273
58495203
300789811
15907720
237278846
813286
339474885
14803701
77047522
6821282
59209825
27860681
333438168
624413
253575117
82845683
308066876
315827597
24489724
284983752
291827480
91478624
116799581
28089461
109220563
288311590
81821206
320662182
19092141
214908970
207198938
61456067
51019770
37658336
116702786
289195706
54682125
17086831
161536440
19397785
45099212
65360345
213747020
228380994
57277057
17842366
55466843
214357391
323216653
44315614
127514402
219077858
102700397
33826481
234142934
36507415
36671438
34853832
55727091
18958264
759251
212091808
37601149
237189703
4970411
16681542
75742264
35715094
24727891
211613276
205171299
197029290
126104553
57431071
29855970
57682827
202059210
8983712
14535265
11859822
136293558
36066987
53037279
46887885
60858114
71481978
26441980
185550205
7212562
96399121
160240936
109482245
38136287
176333568
59060329
139772819
92731878
180686964
177265607
154036419
119958687
62246997
54866208
66048014
110121475
69809492
40034432
29342322
79596159
16269450
87778228
33592466
50393960
20536157
783214
13
11348282
5402612
38146999
17137628
130571543
15286317
15998593
27830610
37001084
20087934
43688445
25985333
114396856
117685967
25979455
70394965
175534392
5988062
38671739
37680013
48517692
49964039
2142731
36083059
115141256
18493366
108675464
