346670872
132185465
549673665
1631016871
2890961
1344951
14677919
30855079
41516710
3449646802
17889970
19923293
177278677
17309920
3038614766
89043072
97566022
1698040651
512544642
87954771
29773272
571202103
17903419
3355060617
55253484
135596491
63135225
3020421519
32839908
1852555963
3386100407
17351940
14085655
16785424
54414905
3416717074
21460063
36691701
121527999
50102861
166229233
33395719
14872511
729246487
86328927
500301582
51263592
82669742
236908714
459413287
67910774
23802723
2869531
87707239
28370738
25053299
15883042
5625972
21841004
16896485
15754281
93529573
47848627
34643498
2787199064
13058772
539442421
38734356
2798170898
16536790
334984155
78105431
97530284
305913715
69090785
1628702546
19407053
525005120
111188612
8310782
772368
15676118
32717799
3193322570
17374576
714249878
1081982948
2411583258
27745330
1169652012
161514333
71027475
15281391
15568127
117896777
16622207
28577099
18992720
142491284
21202783
223281275
381150124
22159974
186206438
42771229
18691328
15041291
388304625
14128970
140869994
20694658
2836421
18228026
1086485478
858716964
78975783
15770772
26377478
29307636
284278132
24346793
370871493
24959839
46966900
28166836
237081808
145643866
57428985
8374662
2493505412
8836762
253813094
24910477
40144962
2398158668
14727207
14255759
12901712
15922433
22293445
91520946
432261067
25017210
62840317
1597256431
168315454
20950232
199299110
21651332
112832960
525566103
39829513
44691739
16403943
218129328
24108943
34060848
43183327
28161405
32134081
37468279
116016371
50117728
40950036
172221238
25165675
46195370
490868308
18771223
1934771510
15838676
14079167
18782971
165244577
1244928379
5695632
48488561
14773982
51520765
15501934
556567644
193955006
596102203
487852864
526911841
544620720
2415367669
15859039
30690661
16265550
16672159
2393670499
1388361565
211891109
91478624
370425922
205348909
27954374
15992174
10937622
237105651
6487292
86365953
20960208
36218435
352947624
498863526
611051470
35048332
26886095
20490406
48849410
87284779
1074592622
1191466099
41069135
183675164
12133382
16016427
163559269
17244973
40892016
151818008
226231298
272128539
59378077
494564462
30074516
479809444
22870112
595211619
243442402
487843424
152908556
21701757
34082580
241964676
25019638
248894548
1059194370
21503254
87011147
16135536
1164088806
19942100
87583436
18088746
15241599
223308421
120145555
237627239
60949435
463216531
7121092
39623638
17901282
31464562
30964045
14631598
8936082
16510540
61596738
185260477
180505807
26053643
50752123
21829681
19319374
69342015
16246688
819839065
55486201
747561024
37556811
43750993
62103
23778898
125584836
17718497
24786034
23472029
262503705
29538085
15485441
19777398
489750466
123145972
95699068
109957403
42055968
143812589
28404196
27649623
7212562
65477401
80916069
135249573
103987673
29265047
50158116
5391342
19013887
358942948
20300608
501133925
27449758
26863892
20950014
35385104
15146558
14923674
34541677
116365041
19697415
88763317
2903261
6480682
442881000
133110529
17931627
16577011
38077338
67819221
178271228
34013662
36913910
21832608
360358557
344779810
57475038
16334893
248525403
330475112
272041686
29097443
17494046
18484707
347335448
34430522
348718640
19358734
27796499
277373862
36362259
48492831
17969108
28665877
337371726
62369975
23803265
106792566
55458823
34862549
20120026
57157768
20899023
28474662
17507250
35925260
246481013
14353392
15347863
14515734
42040091
17322846
80700514
32453930
24469619
158414847
14511951
21506437
97498047
25521487
95212967
154998430
22284074
21467941
47742924
13213122
23235056
14478132
32135704
180180104
64378435
36139166
68787250
62587361
50323173
57489671
18042635
22495082
