619040284
30614887
23725652
1640445541
165400503
3416023941
41259253
21148293
14996376
76997832
19165963
3383329174
5504802
22222761
112481670
19413784
44381332
39706174
27967526
19494203
81480697
72423061
89898430
25925271
621344129
29499998
18548221
334321077
31353077
1183041
7861312
29344169
22848503
118876530
26270971
15666380
4178638978
2526306133
34990326
14677919
304762153
33459316
29629030
1662602166
14075928
14511951
27457788
1373878824
16312576
140456560
145499533
239700809
116260753
300372129
19330043
54951973
91390383
43289545
460485003
17350250
27825390
287874817
336116660
7723382
80700514
17844280
480930665
57084769
2802364415
3714112156
22083910
16929282
572939196
23811090
1132809487
1287598994
1561535238
17821070
1472337612
105177227
239000570
181145158
2962500555
724873891
2361777858
2789083275
291833079
3298345258
15716318
18208354
1961920975
28245852
156411211
40996128
201369277
492026768
2536085539
2378006915
384010518
16548671
3787903994
2749214067
586671909
281549070
22024083
454035957
705215780
3222240218
256659585
253728561
3104206934
35026720
323003589
1330720885
2802761096
275858993
459805928
2516792714
66802959
17396590
22598760
209257359
85446693
37479421
534675241
958435057
2291531748
701162036
2349807786
3364820313
483807849
343200020
422897666
38625863
772270238
57079150
272465994
15693493
48424601
14606902
27128952
20964866
16341666
3705420740
141029991
3139388694
2382614660
304177939
975195812
891978001
27794989
331109724
34708778
1584200688
158573399
58966564
26082012
278367416
428306264
20035593
35206553
20322986
22084427
28406270
2959675661
130922325
14506253
34793170
136350065
22894742
14229194
1143861355
59171474
27200364
36686415
2373072271
17357428
164158518
125768973
101613166
190371305
3071942610
18131961
71876190
55748107
19777398
112508240
22676390
15485441
32004130
21681809
38611183
19542638
139162440
21414413
16305330
586032653
62606201
3321671932
163724029
26044398
93121635
313979251
476907667
2863488598
176566242
1596415225
15001718
2260956151
158314798
181561712
209708391
21111883
23375688
17919972
2592483608
2327193669
20015311
48613218
6634342
93777539
508325846
45285833
15224867
26053643
36403081
31127712
44056285
38695929
15417634
280739495
35052310
3237737105
1130215122
23977179
290375334
146627634
37725043
498054897
1710972890
30177232
201603304
216558300
7744592
357839393
2414683884
2305973742
31282931
43474616
50204585
18660189
267932467
14563866
87601830
99218498
404513793
24373065
581410531
400498204
457865615
34639923
371398690
61705595
792924390
42474370
205068166
74178974
16300791
468005527
125538125
1679872278
43627002
543909638
1009749133
47352518
546609063
2382434856
2269093894
268414482
243442402
2897828738
47841323
742472989
43295578
319977255
533952998
179735685
31483387
277267685
19793752
21035409
56768257
386056280
738020712
17943975
37433852
529624859
23827692
17732153
19768193
3664645516
1078443955
115485051
26565946
158414847
333574953
15143478
16303106
37710752
19725644
30518445
946686746
610566084
154341116
6480732
6480652
27816957
23027237
26705414
78194111
332611996
313451959
74669397
26582656
93654953
40100270
329746058
258896042
124335068
398092540
274649460
14824849
18948541
1715051
27042513
229665860
448696652
347884379
207785745
1066843490
537434396
395723068
1006926926
264350749
96792326
146942318
30412891
72877562
88283494
455315694
33891291
29455313
70424163
1483582470
167219575
2208010074
3201680812
391037985
21447363
2715115656
23544268
40820320
48106830
3063032281
53775273
1128218821
47786101
300844271
395589480
2893511188
1180675964
586136477
1636590253
18009083
346852354
17921578
1394399438
216912174
141136487
214099665
18764425
150991470
24167590
272100780
76460301
34381878
23170865
145907006
64874291
15606542
96205284
500704345
278776049
11348282
1093090866
20646711
161801527
33933259
757303975
14159148
1330457336
1536791610
50393960
30313925
1339835893
283731631
123499123
232725909
284689153
536618676
389270458
2298875414
2155259340
3301073250
1111458499
229219088
26369893
17158140
38536306
62290422
142157505
56405314
121626258
78071252
123015364
19329393
316756361
57097104
52551600
133880286
50374439
75974281
24807616
66561957
255747911
1129248440
52939106
58598187
18863815
40981798
43003845
28207101
28208983
338084918
35094637
28897926
398458864
62432717
499336680
27406401
288304848
205302299
104299103
67982898
191504048
46306646
50826280
17168226
15650816
14422326
15347020
24944357
38972021
761246743
31685653
309418030
37418332
2877471340
32285303
30602016
2832288816
1290082680
45454350
500651859
1888149452
189283341
17565514
197193121
584239638
2230559395
14982804
1569791546
2230281187
139185720
212161775
44312605
44707441
1480251510
90693080
431765325
216201838
302974524
18055737
1676243917
383044849
574802120
2360031907
300351053
304669638
90021519
321970500
236699098
157140968
23617610
32959253
25365536
24929621
65992743
290137174
64621799
24579796
340635228
100952684
17655448
54730258
22001973
845743333
373416209
44646378
2883340550
2389982754
36109935
43974815
32931486
419017726
1466045252
18857388
29085908
559069522
125568395
267345689
1132741358
3420181873
2789871557
2896944757
20834793
43156329
32398059
29844579
250831586
211717188
492399548
6427882
88749392
256573865
436292177
443215941
124818259
29518331
57097648
58113644
26012852
76745164
21446951
3430803351
584169058
3246559648
28675576
233503928
33014441
1962971701
2209021801
25460615
281072742
241217294
33627557
41229669
544517731
43283406
284602545
25203361
385005144
106307801
2500881094
427552446
2296552704
2377217551
143192279
622374513
240004063
313121509
92409018
109003085
499073990
163755960
468896332
104969057
562381032
580097412
602317143
31312972
241382835
3179977818
2474719489
2155365456
239675358
143922679
17446621
24740625
59283767
84358766
157558832
25330784
2649920888
25060780
2151429818
180505807
22209201
522602305
2967931958
1217389394
3145516171
752096917
2235160212
3044567841
1177956894
2260687665
1247690359
338269959
3016147453
77128292
20442395
18388616
195625468
149291207
549749560
82884121
16579345
20019468
3303293865
27711685
55117855
29417823
17238636
70487344
114820947
496804744
246158124
25753762
112673457
22548403
58545637
166739404
62513246
1152094302
17602896
17229809
200163448
18667907
16206688
19658506
39253470
36628828
902790692
2906071884
21362105
17525171
16573941
268439864
14230524
139823781
152801977
77645932
53297035
20196258
31080039
500042487
277595625
28644174
19637934
23544596
32938980
34011551
245580331
255650551
376406061
287304068
234250292
55091725
417558800
22963869
203391658
23399746
42893938
63631280
23771759
41640047
63302020
277229570
594023859
152713734
140273149
3256735258
20641690
3020453099
34597377
3082967281
24217751
289051336
2953166833
343420501
66504422
84491559
60202026
800461770
112769277
197592035
91701437
88959253
69050841
65059104
30180038
253733535
17313446
25930993
20776177
226762256
22167443
24413714
17816090
17628218
314299168
39998413
80132462
22922195
606285306
22678533
31427989
24841511
203103707
192734781
141359720
2859152786
115957736
26339847
575621819
128277516
6539592
502135911
19879313
6480682
23210784
36919032
16008484
19920585
19397785
260986435
79923701
610420789
38481817
149590738
807095
591416071
25525507
71469543
609223126
94215989
1158422186
813286
412077439
780416875
59949396
124003770
275670260
310332946
230363672
1424521628
464829719
43236552
71152315
20121232
59664949
97107801
31641658
17297267
257796122
30364057
61720562
35764757
15846407
90420314
125783363
124018037
15336104
851783426
318809879
1455281838
206454233
2365340298
21796731
2435408024
1226902482
14308739
1861866049
2451109331
46800369
1241798094
2377702022
157529516
283980422
1099454941
216498485
266948289
1979184265
963184183
40662192
1270837453
16742322
1942514972
15887695
79011839
29062513
23649129
496359541
87000508
14552759
510562083
56161845
2418490597
2425816800
395052816
1317003007
343826297
111528121
2228597934
23181740
333720929
125718111
1213754006
1398249762
37522349
2225333814
1430693060
2385944114
443879087
303596605
325677393
1626710714
2570636219
23727168
1000808437
2491847059
36695419
29701223
171915941
179765449
2444835495
126769075
595945537
96365963
14445134
1623518252
75744683
25501655
1273128511
1922089796
34451596
1915824164
113492951
258654171
1357453518
985764326
17875330
761610912
16700914
2553815640
1300587722
61595084
181422145
41031294
16574806
2267049293
57259975
173915399
106370060
26170918
998691746
