338598641
55106945
18497266
117089224
14363494
17379602
455485191
965255749
338618009
615565791
2329066872
595515713
66369181
1615463502
19674502
9855382
16076032
73181712
116850607
2575008938
38982739
9624742
54541306
301512359
23839835
15647676
16669075
14075928
6519522
28585586
54320191
3236167844
2360010721
309679834
16826425
468840862
55237566
362895183
5988062
3108351
1367531
28785486
15012486
14173315
51241574
5402612
2467791
14511951
14677919
26809829
5392522
25098482
19616219
27860681
788524
87818409
2939361
87849696
28207839
14159148
23231179
839171197
33933259
14750983
234186437
40738160
133363030
606423356
14361155
619175025
1390446914
277560755
3296545852
3248277392
3075662331
574725609
15503210
14499829
33417126
17137628
1226193187
14700316
69231187
742143
320960101
18616735
522246220
18213483
16153562
11695472
33999986
15821039
3652966636
17765323
24602720
172726892
31469906
128870338
3415301533
3377883579
36709370
43910797
1686712196
53903663
38451494
274117490
38448220
40323391
40281932
202667284
21130922
156048846
3315408225
3567397099
153537041
104308359
3107884289
2837427268
3036468115
903987984
19884044
30313925
26784273
29232646
12405262
15520754
1493745054
3121830541
87403396
1525694971
19673700
1705521404
16348549
15738974
53775273
174170923
2905618032
15725628
93974840
116378790
482503040
2276885071
637075553
608207043
15846407
595586216
714249878
39805172
245841182
174824747
28175038
28275268
219071993
164586509
54242627
136339311
34243623
14813320
75932644
14217173
28827121
88697946
17572133
17427578
36498054
14287139
340083765
3194477752
3233596258
3233522111
1345702129
16014100
15977916
734810828
2962587664
213282389
26303602
285014284
43464948
15588657
185408277
14850840
3063996411
422906292
7346052
28852952
78361556
19619541
16017753
30317474
1568406769
1413904075
2906208635
770275370
2395507958
3142075631
14550673
15222806
70266297
14335586
14133964
108416848
90309830
11388132
1344951
55355654
240721478
20639071
13493302
1394399438
2720124552
28676128
378197959
17138634
227894751
2551981338
2559596022
8927762
20582958
19711765
1170074574
15667291
19940791
14266598
14786217
5031151
28657802
17486629
16859797
76221855
18013285
22332114
17573212
500704345
20609518
783214
15492359
17842366
117662694
11348282
17831464
46180114
17471979
14730894
2542132494
1705894705
39633235
18622869
76348185
18247062
377540405
173939851
57625403
22737278
2427700016
36132890
276792669
161705350
18713552
22971125
119521385
22029553
71019945
21930128
17006157
57405911
1947301
246088673
10340482
15265641
29221344
20479813
97732452
113108098
25704351
3554721
306909253
316149283
17241749
29442313
172867574
19865528
277601746
2300691618
205437050
10228272
267976788
123955880
15355482
3459051
20818801
17596622
916303212
34113439
19539716
5360012
45577446
18091706
807095
813286
362301175
122190432
31179862
19605981
16935292
125233653
15947602
2553151
9715012
243273429
26657119
496515119
19982260
524396430
14630443
18042754
467686087
14676022
