252914998
376679430
558001719
29072106
122759220
1071777608
3232054991
193596074
21929099
83851657
612473
51241574
2097571
14138785
156651229
742143
788524
2967119053
18949452
12036622
833571
87818409
47448886
257529281
5402612
15012486
14677919
2467791
2891286038
357777980
2490994543
303192715
454603545
17238282
897342212
2292903914
979570171
21055261
16218084
285094236
3522883034
1335808285
188211396
3023059462
570472507
147059867
128452996
492034179
1734381
558562282
180258856
29576445
21469205
14830349
532884988
22333048
92932981
19274342
243525545
21840055
611777402
1420827828
23964035
14989076
3045252452
217062138
32026816
806067284
291863074
142879424
44313780
2326481
83634607
36740214
23396106
193547361
397794234
223282435
130407488
93969270
632832040
389793544
3178406376
143288784
621509191
3452624242
3407391733
17003765
161461853
110631887
199552100
3017020963
410426546
144422264
2282592014
588904841
237138885
2270728189
2595819385
347890135
95581201
624403027
106918199
291432655
326520794
552683977
22466970
617666341
281309571
2932095338
158199012
23389389
29947296
172186399
269196568
184910040
19176710
161100686
333615851
308379387
176985932
357336335
185041739
52966490
26117804
50515478
22966534
160856325
310703618
66612373
26607837
387534968
19513452
17765323
262947571
1932462342
293342656
203509091
274502563
921759169
20329672
211156862
140437805
2424560604
345130969
2649163922
368085225
25055963
348190912
306011263
14739684
15423488
47541188
346741143
264319867
114043643
373035376
405559638
1326275946
54482861
77165760
125508472
351379141
301193116
114656159
24661347
2378476489
1157358216
1222209002
581836023
505243183
1138599320
348123261
240030510
874989236
35773039
17071048
111339670
41306341
390880218
1279618789
3378018014
114717792
286194696
2374519951
2175021768
621691283
3831480072
3829931234
2926240752
2595697987
275765686
212484431
35672983
1451182549
558161717
341407439
2424371534
2564065944
44095512
575286529
2390586018
1343486720
3289440392
3229629835
3288699010
3214594359
237157712
440419375
296031164
23163421
2352105680
636731015
237527312
176632996
1696669836
243396411
911484169
1244790054
2703313388
3345260713
608837338
442435698
3227788230
881063857
123220456
923517085
3180204024
3227879522
2908669602
106333093
2364007644
3011215375
76868633
168376502
190534603
23046015
529147678
21354407
238338536
62447831
270102263
307762186
347676617
443157601
212090864
14521440
116213384
1360949130
1225136641
169115069
3325940901
38247862
20510039
1271254890
511446371
2449842978
1282269560
2297601414
238361560
3129124208
58377462
353996359
76912328
538062044
1971070274
64332002
26182922
14800270
14128528
2582923058
23009949
28426074
1976865085
5943942
3301321625
3286032108
22731148
36525056
273226054
1240408567
1087999573
488142169
1206772322
25388398
20562315
2457522692
1508523014
14777884
3186972974
226348151
161161344
961486345
62739423
240968515
1733501400
775632937
883949738
44183122
117188856
41905057
14719330
17893121
137873079
1075183758
232193106
55079634
2909654438
60819381
2430407396
706261951
1339835893
3087157260
3108002192
22993014
1360874191
76220539
3045792116
28544448
253536357
208442526
1287906530
1247961288
470168020
3040493005
26458304
569018849
884683141
97660686
492529034
2347617482
166868418
160845703
330132491
15476901
6065352
262971495
56382058
3306864279
3303293865
2706368119
17928413
14114324
18743550
246885577
23954230
200415607
21364005
2511470359
1339843488
1092378031
200583835
514205054
222708867
74612230
193175465
19748200
277927360
966975408
1180741567
1092202669
180190760
625379973
2292152906
2908965511
76019109
162194427
16002426
3069907316
2747746148
20015311
21938951
586671909
140310622
1536791610
195165175
2988590140
3095791521
2413352126
14056632
22439643
820903999
14266714
3017044513
2614268718
2422890860
3111574910
299520189
22809165
137507788
3188267047
3188173705
3187072242
2747758657
220952879
209316734
30416955
31682898
201497344
2923343534
1240496286
1100511037
91320531
102344445
22495247
31932788
74967302
112417470
1688240539
25057520
15096075
596893898
29936614
343968354
95136229
3108245485
3143664005
562913848
18641695
252958267
265089018
347663825
30848629
1406435418
1605592849
1663684250
98687257
17525764
1335441925
26623392
1652461837
411291490
2829333597
394643259
312431301
324702780
298507361
39461851
544517731
372779045
155245930
21147300
558924063
977554694
25485248
125215990
64925824
359820188
1138446030
2153997884
252331819
348306067
2291147785
242979193
257852029
3116964465
1093090866
1330457336
1577260148
2835276183
18676177
16845441
354582942
608912828
266973824
98234381
18753424
329713920
161210880
2170058522
1853099916
869912299
797972714
202331922
878348790
1153335073
268146651
2446346167
374822089
2805167706
455484500
529074693
2251474292
1629092041
67535823
805359241
81763066
110270593
61155321
57333022
192856497
42883359
21225005
3037071096
61486309
256833444
16513931
2293517425
2575293217
30289093
15846407
28221296
213462225
18367318
2645580764
34061868
594957414
2460819233
3029041401
190311715
568831693
15515532
311792368
275985387
1005630354
136501961
320692744
324894989
21261955
235138487
3029479402
584696157
29098641
199927838
336321087
2846140262
27830610
14354451
21703272
15942137
15721208
2190426018
2960123580
1711915387
2379989774
254317000
53898458
1461192223
469954285
2983584751
2970960102
1884941778
2697324954
61410856
567039424
1181055264
96887159
69674123
184395503
727672790
1910053357
304943980
78707887
545687207
1337935741
907380895
38144347
129673790
2956663615
2393819958
2935940436
1942185614
14611891
933101473
2924750730
399011314
1614505166
17781673
8039612
18534106
22879353
2926197168
2915099443
168074460
2910555433
2923791559
2907698421
240580579
132865099
95854793
169769510
378278756
2832751597
2479226604
337210102
348249083
1664432256
142957691
1855737487
74950126
2452737050
861952802
338828606
2868225884
1859495642
14768344
1585385694
23041630
1474734912
2927627923
84464003
43298231
223642128
35341705
99098632
36647013
531162864
373683946
2603801
115884789
2899114627
17462708
841838833
2918141016
23020765
64144638
2911554601
2895452323
39675770
2540062238
227911567
246120872
262218070
20758087
1849784238
180633258
132731802
22123727
297841370
1328324701
150593832
91095823
571488084
22573758
248161114
380061594
18322847
21548431
129972061
348272593
350707926
21741803
887994697
101205809
184322317
90755720
17673627
1046659700
1199139812
1605357078
2898349268
484560175
2832285248
86257323
1916548939
61344006
233136284
402709788
132353467
579555736
16305220
2890388863
2785565384
11216272
902941208
2882928631
136494380
269497385
2461495873
2713786579
168653390
272785891
1281826165
296707758
19683339
104035196
22361652
21348764
31077006
488080900
502460066
282342728
1123473384
260397665
2855339598
2855204077
2853806551
2853570570
2853541476
18035948
2851380326
1959633534
41997014
2848612369
2848378866
601972617
795680912
2848058119
2847948630
2847986701
2847987139
19940915
86823243
26731498
22578378
1703577242
399245549
59064990
307718546
2583722900
468061288
114879983
2612683914
444654306
375987999
4553061
1728635287
486229532
2532087626
304709810
2783377344
394394991
1146896160
341362246
2479424204
2249445372
148969629
337432435
1023151512
727399958
465106926
96315240
1461512112
1021316413
240916613
109081754
295638663
2222089970
396889472
2781771842
1882976580
414977064
89381243
14241791
890102851
369808606
408970629
287472545
466247787
335780527
1113300182
2827799011
22837341
15538097
466314521
1297089260
2332659522
3801141
2769741702
176811097
1349082427
2592733051
314437348
22418859
3108351
2703615164
384548215
270772885
1529799799
1093817143
440523195
818212956
186725875
2289618368
132340401
134931311
110280728
17090308
2705171280
21295156
359071727
498315813
1314141
273647119
211030758
22609290
242207540
91096410
232422202
1853379950
1950503952
121235166
25036511
64904483
338781770
954590804
126990459
17386863
386927851
253342708
202844511
1149541652
292794853
28785486
29769484
189464908
499185139
2361941166
14641392
181461665
334459542
1430816947
266520602
615578323
264746388
2562590444
276867280
1213878474
830820079
41070039
308950221
1886351744
14562259
2518952258
2490767276
2295198686
1565154998
2536125508
16049417
938375958
1242505447
16213404
595126101
221584601
2415449366
2414044669
14947081
17047158
176750498
608750705
2364021139
20511841
19547581
256371548
325867851
210908743
1926964098
170133866
102824772
423789558
1675726590
411898978
310043258
33480328
260532442
240507048
324756935
37591497
280388530
16600169
20650031
8406032
57147594
89060910
276835904
37591805
60451973
201131013
8997942
35128594
34101432
1432126519
22706314
762600559
807095
912563137
95023423
1620243528
995981432
18957805
372575989
1265726480
112471133
20562637
79783264
19407053
9207632
6070762
1857421
1325759689
557356524
23789698
783214
361623899
1223458093
23052672
390827278
52581715
259052978
9720292
10810102
14499829
23011721
305329867
82097756
488073551
402406558
321860422
241893916
252995959
820906980
348298010
356634761
164017781
97130047
702509737
929373746
107661234
37875187
119202052
805551102
125854580
114685387
73402979
898438364
481168266
592434464
592423934
915762828
915487344
897947797
906741499
844709160
844581019
834251869
834190800
587567285
587613880
442389917
592621063
103809161
592412630
593212108
593307886
593269105
593370489
593251073
593334598
634111585
637424943
770607919
742139718
915814442
1598644159
1689419970
283916507
17483381
14454605
53925101
15441074
85298631
125550777
21268969
18486507
419305345
7144422
10876852
195980966
417600434
8071902
244845257
18966637
2183080788
352118921
18980276
2768501
9609632
35055854
1202492862
16215736
1371338594
2149795958
17080107
21814628
134566641
74371557
222022394
185945070
5345712
20203870
1093638847
14032632
118941710
29394283
857325001
33552794
303003301
810134
14718018
23842252
19684493
16734909
42203
14055508
51509428
76292109
151726584
50257411
21811846
23373409
285569173
284809035
198678049
746584992
26951863
23860518
716972815
300538480
36534770
51929713
233741865
407352719
325973560
21362206
126201741
475470091
280716675
158865339
35415477
18080969
36843988
15492359
123408841
14293310
483195215
261101296
251209643
385199430
35738491
30278532
112242274
235760133
29961469
353701419
93766096
26258900
18754728
16049723
28739612
750836323
620544218
35992483
1335572714
486335098
269581619
259506084
246581081
14192174
21762800
11698322
1114932710
418346160
713857795
50924111
20420559
100670627
174083824
616901744
253853953
103169999
35216864
1206558546
44835347
871891
527526077
16213139
239784497
20497884
14578961
552508209
271276165
305915898
390037126
806091703
8107622
193927117
871571748
126272580
275615004
20551303
126087729
136452727
23017217
303129981
53254165
31086935
61636429
14947998
84702072
259598807
40841664
197962366
294464661
66601424
249027293
68964307
142977623
36854568
14511951
20213446
14438274
531056793
180505807
216958005
20216125
496435856
348783600
136357851
136489548
180317412
270642847
2735591
211764753
216562272
85286016
158914109
22874758
823905
14737705
14597662
5625972
249120383
251620853
189436328
396948758
82303907
106837463
15134782
14222315
298914326
117218161
13180972
73134924
161818653
174378785
115485051
14056454
214370144
213487359
36799742
212857159
41298351
197717731
21075591
18381819
157284811
19011374
147431076
160505387
19621110
57181602
143708214
89856037
140346023
28703779
5768872
19619883
17887641
22698155
21328051
10428202
130692713
33443675
130078459
16652156
93818188
120321021
42021875
20032100
20214495
15103138
14914722
20674650
9395252
61384630
21135496
7976502
15495096
62581962
25324839
27591433
11340982
17831966
41773826
25058593
68970440
7931602
18363508
23174619
5174401
17851731
9905812
15890456
6040172
22642788
10932022
9405862
14155571
1673101
17459014
17458783
14875578
5483942
7264292
8918032
14200100
15164442
15439395
14832259
3305661
3652891
11448652
662763
10087912
9609582
8559702
14210957
14510310
14432417
9257552
6605062
10202
7878582
24113
8453452
839321
743763
5743372
11489
12916
9899822
7466612
6123762
972651
8820652
10178
79543
13348
