22179997
3297914543
2155688214
1880173116
560140871
65638924
267769106
134864659
17251259
64524847
14446275
188058016
88897822
1451724114
398053889
215259677
202558404
1688082169
64246143
196496209
3302259683
2575221492
25106802
20108560
53184267
17602896
428333
177387343
74918205
347569288
419694871
438100482
200163448
18667907
14497313
17229809
570134447
17243213
30868879
14705603
1173464773
19377913
1088348406
23990483
34993020
357788039
79003410
28223477
58832356
3123612231
48320922
218560775
217391863
215326831
14780915
171001540
2366958715
14677919
493904209
94115270
361821680
934907318
303807755
1192646515
108657222
326359913
24047612
225190303
73359920
78021221
221382131
85772748
369405466
16913418
28635233
18647765
109702885
90774609
44084633
74701069
321970500
49239873
34395888
1156866230
807095
90420314
28221296
1440641
1536791610
759251
2327933017
19247844
15912441
20177423
21401466
234053160
346742249
136361303
17446621
622802740
85552729
15472634
67749865
62515127
275020671
92106602
1737401
104031575
391037985
478849092
223260331
2313952789
1357838666
2737938653
50374439
22548403
52551600
97551101
166739404
79293791
54387680
25101661
