157140968
27260086
268414482
21111883
14677919
78523300
248900032
241747585
196168350
39349894
39344374
113047940
15745368
50055701
65493023
52544275
25073877
2233154425
1205974434
310687757
17919972
17471979
1536791610
18948541
26053643
215060612
133093395
20012204
25589776
2883841
16331010
66561957
17017636
241382835
500042487
20221159
259379883
185314895
110827653
12044602
48410093
57097104
329746058
62513246
166739404
492399548
6427882
256573865
443215941
436292177
133880286
75974281
602317143
104969057
391037985
47285504
2715115656
580097412
3063032281
47786101
27042513
27457788
11348282
19722699
1233293664
3219879846
23116280
2287731426
2731418873
2628166308
2248403298
3098358836
2926232263
3224498490
170960177
30723561
7152572
237845487
128956175
15227791
106837463
11522502
18393773
195769397
725896062
112209272
1633483310
1671961988
16742420
18369852
254279862
994078759
552732700
909085856
1036416505
805274868
741560749
18150470
19404618
482936877
609440969
1329141823
545498736
302727349
19515920
1380361633
1868387064
586671909
15013572
48340033
51176807
40940457
335320739
55601939
199324622
469924560
19096272
58013820
20728526
57829355
18362692
1440313656
50515656
23375688
19329393
91435342
50374439
33041426
14824849
24807616
16303106
16373753
15139049
23027406
28521141
32985158
20609518
167010482
228923718
2459371
12925072
1183041
248718024
281390508
325194107
10228272
58545637
389382681
296459271
27758112
17467600
862483279
409486555
813286
302282968
363417269
1081296350
703506830
18713254
15898172
8984102
863598266
512574386
458602998
15526788
19232131
141125824
37702061
368649768
508639414
194614676
1187577733
180168381
992147906
594723436
17752299
196291641
246240234
17366486
544517731
35755653
525270408
15559134
19066345
15119140
552728659
20718719
61044871
34004044
750200606
424450965
626820046
19043098
417524213
302421698
14373387
118514368
14473958
23121669
156494408
760897440
41050556
344362994
393840088
526097706
632911629
248032202
336191316
10544602
15907720
25365536
320134516
65343312
237597485
34610672
19562228
115485051
90420314
18682876
27760317
112508240
15226433
23059991
101440235
52551600
14681605
52146755
19058681
24447643
50826280
1317671
19554706
21829242
10810102
18964696
15439395
