17152053
288909699
16017475
2916305152
43399803
1023072078
17956430
788524
128216887
18856867
18949452
5402612
1652541
76133
16399949
32840667
25087909
151546913
37350044
19811190
19394186
18887526
83876527
16906137
22207520
15439395
352947624
36339024
46671396
17185109
501825960
23056885
25311070
355994177
15687399
21889608
14677919
458966079
381289719
22084427
1358810652
25058787
18934391
472207969
74543190
20037060
465932562
2612306131
3372962393
73426260
2545894026
55202042
706510086
28064246
44000968
1919327989
20808655
1170317479
18431843
112385571
1019440776
17323674
2977900810
18533988
13482112
28302288
198785571
14894947
223209273
2861441499
18063422
488655017
1737011
561513060
70912476
1010520086
741471253
88192092
195091164
14440597
124146925
2377005283
429821073
575255648
19122160
2575601292
20156539
27898762
279100391
23128358
113581554
81078802
374775839
261625877
18693863
21931406
265527290
99749144
2290188222
330839488
42685648
2435818539
149090656
50103175
304896687
366868936
320863596
85228947
124690469
66443476
129462187
77977289
75792565
219649885
71915955
1522794440
595647804
19488620
310846783
801276932
980943542
124856935
466408366
109892942
69572246
33041642
18628393
192187104
20762073
357528356
176522865
14459814
19774023
202402044
36377382
43688539
35563075
74233
111646224
334977907
94528110
193602484
252293067
238609839
189147414
49937205
18735538
214829014
271006045
427711169
259930943
205890924
44495571
22913754
19141547
93591446
30911160
35719463
376402118
270946443
119795305
356874084
569328143
143126309
35900080
269394406
15724779
225151742
602182194
257073344
25737351
310240827
227282314
69827141
89188236
228900299
148547732
118651294
102634547
418962259
37614052
155573998
227830442
157433208
261838398
46796750
17617350
7107302
153537447
238316057
51603563
183985737
28323732
363362963
14408271
153548634
167781606
212525849
391360965
43681299
204028577
219934591
166927784
44890977
212940155
16852710
20044170
101774245
93150065
294781911
41084099
112184431
14947991
17514413
26205764
206255009
41855754
101005002
96137598
210635014
282236214
247424331
14180579
96101135
92240562
44019763
23198441
113202980
40850899
54038659
21191629
36068415
104216567
46655438
41788299
18283867
10507042
214696957
6468552
38744336
213206626
27960885
13454862
219653156
57323352
222050186
25255984
25544270
15006413
18407825
200848308
200465846
24872821
127023727
14473298
17999752
64671468
36675013
18020708
161069376
47339867
14441986
16644258
160338966
34665434
35439684
83173500
114604911
43952006
40112733
138925829
117054176
20036723
104956513
54388815
89443511
22953628
17684703
61161932
89198090
83716516
15116120
77312135
11849562
71203235
12053132
19918570
22783018
26875413
61730935
27900134
15039570
16849746
17099492
16345129
29997863
32453944
27915943
19106962
24268951
14368300
20016485
18880035
6411422
12369602
766122
5996402
14040752
1743381
14932121
14933086
14867044
14932569
14932385
