16334857
15110357
14293310
14677919
51241574
2884771
621523
140211812
1754641
28140646
624413
368731893
4005375497
3165841511
299900985
210804665
41466772
148939898
3962517615
727616941
12874852
3888601633
66064952
1084785932
2216989950
20665924
2964309575
19719380
19478383
144657491
50374439
819181700
268480430
14511951
32359921
19397785
3108351
781753796
2467791
15754281
5402612
2097571
742143
23135992
2793018356
31891798
32789366
39651447
44150150
3145378295
2360660558
200903930
16248319
200583835
3830883819
622376253
4005780732
4048785972
5556142
408089076
14135461
21948661
29159687
9624742
20596281
34713362
414872140
14084872
15420307
212355668
387245373
15475837
1356891228
1304072702
326814299
533446461
296842582
36724337
1051193683
209241489
76317752
222953824
360910089
15568127
8036392
813286
50393960
28706024
