405605548
21866939
807095
14677919
5695632
48683505
630192510
1196553943
222468030
454959095
412627022
166088833
18904582
2345406698
14353202
143478208
138037459
287826173
40015678
373468913
266639627
80588808
1905017893
879745766
1366806294
4024409063
3868964716
340916071
241157555
2450027802
357402361
2586966811
1241302927
242254923
437370918
260751234
1540403462
2744668346
245402860
2444653313
33315010
3331410795
3011964520
463903028
440199025
1659661788
16275037
788524
136004952
486531927
623836486
608224799
49576442
1082426281
123690515
16683666
575573641
19562228
329162272
20701800
19394186
593580843
52344859
25984418
20065342
2527342499
171098457
1139878104
137645230
19066345
19780648
17632266
47331384
25543672
763279752
29739553
485922167
546596770
59739175
241530009
56665723
1122487176
421063523
318931044
281437033
454758043
476869056
1561486298
88034334
347047391
418951633
19904188
96988899
21439144
483029934
43876479
53677029
89494940
10933632
117060803
157299529
410830206
87416722
30434605
2163437282
1344951
1152279248
1582853809
21325066
20136892
449646423
310960217
20155652
180821354
314792669
807608628
367284950
154474160
19111767
158479424
104197256
134827113
43077689
478559402
125370749
76351820
211926836
83814679
5402612
259379883
527526077
132096235
257074358
145868710
319139497
947402281
576073280
