71563667
5392522
107341163
14677919
216776631
592158712
3425122864
389483020
29442313
1536791610
1339835893
707870833
492519673
209004862
22133856
42506176
320235077
613956249
74279505
37773780
212325799
539987389
16268389
4046003309
67878649
512221904
814386200
401140484
367908899
130267418
17903611
20990984
17620848
20794662
620142261
2249008987
2322036510
3135812591
66263785
52039891
1122192223
22698366
57162282
2426
2239729884
27158468
3378776897
1474623577
425502100
15336203
92327927
16807883
17299063
460633669
555375221
130657643
196218193
807291270
225654365
252663106
1202033696
45006808
15492359
23378774
438571137
32765534
13213122
40892016
61824637
104481958
6854942
17968886
37710752
237845487
368196789
167255663
543257694
2204113129
41404125
3246552885
194996487
2958928675
568401000
110902866
36053632
28870086
31163170
163796450
51263592
890891
16745015
487602166
75296671
18948541
436292177
24807616
10810102
22657153
20978103
18676177
30364057
24447643
2600836148
239117601
2832077911
325687450
82492347
138538606
1037385193
40545396
2788683410
1799663066
228437642
50772918
48849410
109001556
46260740
27934142
59342982
16026351
15510639
26276260
18843019
309214637
783691975
21621536
321145481
35003860
38604790
87331737
24183229
16500317
47320052
183330212
26303915
341158318
311836771
53972927
129668309
132032569
123416418
784630166
346110740
36354710
1589201071
17561233
17297156
954288169
15394289
419829900
190367919
93121117
16248968
36379262
188563191
287863318
14114564
372467453
229733381
20012454
262488766
19380743
350372443
2732857300
238319766
188541625
67810696
21879024
85259796
196925561
14681605
26053643
25403689
18918483
24444592
156724893
1690700527
10594232
140980601
39718863
60357435
253402294
394982787
580297806
231209943
178750371
256564842
16823674
16097457
64654685
1655535163
2321107436
15594305
18807018
311269157
2591771113
179519972
69832233
179588204
2606796133
33676925
258426023
320519342
2592548165
78140378
19509884
19785801
23261531
23985200
235181669
596151093
165307416
117189136
19562228
2499932221
28370738
29965183
299661175
1964381778
69147333
26403610
168800581
2414216183
97218448
80313024
816019068
236786367
730918610
25432501
52529896
134242072
385565488
60885081
284945371
574168493
76972169
20603875
1553557478
283828299
326964258
545515557
79456950
2152464326
1355764904
56443153
14824849
16303106
215060612
2309053632
29638149
15626412
480809795
1947615637
56217321
123716675
15181977
209236567
16037008
23114836
15111011
636358431
137870932
716351162
333534703
157531194
322416213
352362341
219823828
356496747
104427558
115556335
84394857
7563792
1000262514
550155826
165101958
1943940110
15027086
399080466
67433765
16546757
61223612
61034274
59671537
21033467
14105575
238475531
512418287
63355157
53702603
20274544
226662318
1088969244
14213715
1028395584
1468600183
37371973
475952719
1877912492
56409233
518021754
155425864
1129933644
225171885
74970852
60249077
375111922
378885620
54780669
44407505
111678563
1652280391
16618332
111267600
209421297
25355724
55753463
111734160
56408045
16004470
15846407
455922834
9867582
15896854
89634510
145107843
48551786
334914290
36686415
18479513
5741722
104937383
292955942
532557157
204832963
115597898
850192040
352372462
1696946342
468793971
385064239
443407588
20321703
1699616041
474670466
19530584
22562547
168656127
21142992
22643590
61528137
14123683
40139016
407821296
297047872
119875281
19656482
25516907
82714804
19549082
20117923
42690723
20106852
671093
14871080
231183280
18713254
27042513
50374439
228439014
15439395
121394428
148326081
224607925
223501049
21727918
22061586
32875317
256564438
40931645
449902720
327552960
33582416
50332997
67942677
388403214
4098551
616708518
360099026
20221159
34630995
29312953
19191229
621096332
166270127
300456397
105173492
2467791
80441410
187608029
87818409
121103805
2097571
9245812
96821645
742143
428333
54657041
205437050
10228272
82128042
106973989
937033266
472403587
85963047
727264026
622114471
121713135
901109766
930742849
49915205
95103487
35698206
850916340
276287072
329237543
1058431974
171404842
82161132
314485414
14195881
97392544
295068000
61816136
182384817
21982677
80397062
118519497
16673982
17322445
20426939
1568288347
194179517
156053547
382623959
21979792
388875369
1206232526
26465800
18726763
23832022
68741080
11922842
9535262
93924462
17461978
394211749
25629081
1277309832
372052162
335098780
110509537
30254855
108382988
35831704
19081001
20172395
15497310
26761108
18622063
195964116
1237385870
30103418
43200260
221155202
257607094
403488296
133830810
500704345
726286446
23185064
27656634
583253767
67710731
272920599
365634418
884660870
620304704
616840061
355733013
341505751
378132625
164006992
472683437
22941039
333327441
163227357
18268654
793967172
57146612
189910117
396084677
244098313
469878703
970178880
1239709212
1398637016
136907329
353869856
784827452
159166412
148545099
1217347218
159495728
70915659
72701241
789940975
45150041
14807546
241964676
161555793
23150269
48509141
90935516
17016789
431965048
16382820
36459796
10206812
208568172
174526877
33084579
66561957
4634291
63827777
51462515
847123669
14334613
22868342
14841415
455148396
58617198
187928075
68457742
36979917
376983929
20697857
18974553
1326857653
15024201
49386076
26257166
14211946
82477970
127888242
116141901
124335725
39241726
25488629
770343
101905838
41801668
35254272
14147387
42897492
47463092
118735458
14257063
16076265
4334981
135281262
234013833
89687980
15176554
16431823
15026094
63896122
21766780
710741173
265764561
66861094
1552720094
527400379
30232590
248728548
216099617
522626749
1332560892
26759991
57163858
2557521
26588937
43139414
16302242
790136510
15957907
14544819
521321191
606522136
158414847
255657736
22442930
71023061
15380567
59959922
270949258
23778898
20232391
21291188
19212622
444381352
284089166
22309298
293431160
155662807
176157600
5577902
33395719
58669256
464136514
211729995
218349448
488011724
26762221
95982178
15982233
20346956
39392910
42258864
57100687
159523955
389974502
14963032
250338609
8143452
248900032
26194652
36743910
14511951
14075928
3937661
14285486
20164032
65167734
15759966
20124712
14914938
35213582
15176643
140543843
11046202
19979519
16666259
136307404
292351001
747677492
14180365
15485441
33521296
140935988
19637934
14498713
1260366252
1059194370
21353704
15177517
813286
128419321
115485051
19942371
23749409
252998960
20015311
34248778
19864869
121959560
14890096
103990087
15662207
337942491
759251
21405623
15764001
15754281
5988062
6207162
22940219
