1536791610
2230583870
475056290
412780348
418463502
3257146604
3312124672
1553281753
3769782916
3106534151
3030661641
41165751
1710801594
1729770470
47377948
3303507079
328878936
161485260
3424489361
3676940660
47808357
3580248555
330643630
134240162
106541420
1537114890
35016321
156791542
274136152
2930112702
142858623
1947900744
3192540098
594233612
712976695
875097295
3266856037
91493488
862030153
368544047
2908170952
352539661
3253946096
564320420
191283006
2990789335
18610043
2937625588
188338427
383025624
3274720530
2727968544
22582060
46808996
3497865853
954570410
267443407
281537076
2594247193
971047465
67052442
3313329508
2407468831
264449835
2984973176
2647531357
1936536769
312848382
3835176261
401603103
796261392
992193380
18294521
1379288282
179245596
91882544
176909116
180706923
3277814538
3422820227
3419210573
33435693
3950481494
3303622686
54065567
3279457484
3260515530
30903741
3546270030
3421271134
3385160385
3959740032
3388290885
3330905427
3284112337
474464413
3386688502
3220851492
399745111
3154652777
2271813558
2412564816
3403451547
2352603978
3260501809
3274774916
323019977
372567126
3376718313
62884010
154532994
217543151
22055226
237348797
18050303
395010447
118756393
13023332
6782762
3817413628
21286108
105216684
24212955
29090846
42259293
2869532963
4122056133
3033497973
24923175
74560134
2997645733
429031681
71545482
586309362
3020455940
3065872938
3378101476
2953694434
36752364
32765764
3311014386
3885469758
3772913417
41829280
2878075066
3272284375
821923680
240334451
142721190
131746121
3744122597
222622640
104299137
15837659
272114651
22936237
3184471478
15464697
140286364
243337600
46557945
128760201
406978288
398088661
3077050890
3390254459
3277884470
3273997009
30886757
3279548570
3890933907
1205649932
3408826877
49285444
3149579266
17159787
3087391632
3059045779
3120700223
14997156
270717589
2874373584
17061263
19489239
4064981488
552796567
4192414880
30240890
498960989
477269214
74759560
342894187
4388251
34282709
14262772
633287684
19713521
2307675307
20107602
44914646
318038838
57350447
14828860
170025854
14722676
3186583820
3287991017
1096210890
49641651
2200401781
3241002972
460532675
124690469
218482249
2376994764
14297863
603986609
2490088512
998576058
14787980
35773039
3071942610
16664681
14677919
14062180
5392522
3306796634
20150502
3415716123
21918310
115710058
3312840248
61049859
19926983
26063171
37999041
24037404
47438401
17225962
18380182
356285402
3642163754
2871246395
3309740233
14469996
21426656
56422080
369031482
193100641
16318652
15850297
14592411
19593182
28412100
112622036
13678962
865636782
15169032
18728980
15232635
14337705
784304
14328066
3274239386
2920472945
122505050
3837629183
16016427
5692662
3976676854
15637375
10003742
33663816
1450298610
3830912607
3876047785
1284340627
2415070573
280664117
950531
153181367
182883013
15742985
619345580
85811998
3137331
22005666
2339132688
523818001
49884490
2935327129
2937906232
2151312392
2893241071
1030757887
323014522
2841693095
2207586210
255186959
182258630
2759942659
2725381381
1493233116
2841880077
65385454
3400201858
461576749
2445577221
18294600
74177248
192477899
12137672
38129556
915465450
2238411649
707471022
1333467482
317794342
205644304
1040958458
55260264
221850592
1052980250
67168325
2157362647
1355725934
951006367
2209677878
61417559
1390214179
2321928620
1380695610
1469101279
1630577059
2278064736
1178011
2230083151
1389824700
2656964354
2752192451
3164006934
1630603508
34991028
518256180
22454663
1297482212
634595966
3410758395
2178643165
1646771184
3785944097
1003421005
14293310
91478624
87818409
5988062
15012486
3407999853
262438452
176950935
145420392
2452511965
2467791
759251
28785486
15754281
612473
3108351
14173315
1652541
807095
2296723068
890656879
5402612
51241574
742143
3168065509
2097571
303141285
13374
2615725926
3914047581
176758255
347627434
2783708485
76538013
534546163
63228779
166350811
1485192062
14176926
3092625141
636318646
3753356896
3822233052
50427352
217064621
3124986791
15186308
3540252020
3895471456
65342557
3012706790
2491821756
2252839610
169211465
372599462
21790160
457984599
2954137227
172867574
221898261
2635931398
1180379185
19395857
5577902
15416505
44945327
3517823533
2177442220
4035572129
250034113
54294356
2207780696
940368062
3521395697
3403547631
399618008
1332367184
2167674121
1432029667
2393063119
373703200
3919134861
3417755386
449110269
289256811
23205346
16992416
18899370
1542335869
585373512
529548712
361859989
349582502
112562263
26652733
49518404
1356992605
3111993791
2285393028
3344839151
2274646646
700286457
1109531767
183786228
3438317523
154994801
171375725
3509421138
33221250
2311377883
252734247
49530226
3293741005
3723723982
407490941
3372916931
709426609
1575689569
778885008
3283723057
628638850
3440693962
4005375497
3981225735
3990358228
2371155744
72426152
732980827
3939294374
49709066
264243333
3172925846
242363824
1193210863
325577961
453265065
1850080206
2535590378
1963995792
3269495126
123728862
414938338
260920107
60784269
208083510
1065869268
3677112861
3284684035
2216151008
3387188439
520976471
908546028
27020916
259283033
33079769
492833134
4049098757
336638653
3221970655
3896298147
120181792
379498878
336710813
1122705594
1394399438
5644772
205472863
242755419
811942160
1110662156
24411256
2440499917
1727910001
3097442365
332741630
306930864
136709880
2797156302
266378369
3095129086
3386886616
16854311
66605892
2217039596
2958300824
3317517707
232966858
410226900
2419859642
3022045469
606776750
36966852
3351974956
342864030
1242794618
32366023
21713975
1901008237
254312341
17698731
2842652692
186564174
2825267535
3110242216
3427200023
635335663
17133076
3772821923
337679240
2580471481
2799757448
232675588
482133423
376261901
159626574
166959799
2865078826
1618641848
608471241
2836421
3938152513
171171584
14437914
48144950
164412502
3434206390
3298722997
1606996346
18558809
105915404
430280342
3122220816
15740491
3653397675
27055034
16131964
18551721
940551708
1859900088
881568834
2959543060
15486990
18071942
4041846647
16221513
15485532
41144996
1968262034
865514106
118245138
98534609
35955424
251627765
39507587
2916305152
2285311688
82167518
3245135844
20020759
57020313
538547125
7760632
3419057177
54159671
3601319962
456342405
376390162
19370031
15047029
118845216
72931184
620571475
18860060
28427996
25073877
52136185
477864155
21862425
69649641
156306739
29336407
251801966
2372095194
117856865
205915163
352947624
2886195617
473279639
2177391164
172852209
71690223
1086485478
2288462990
2218177956
713377898
3127669629
35884202
902200087
3074604035
21965432
285916664
2655459625
276327480
954124423
16365305
595515713
25300308
20987538
195826487
3067367605
20192275
21316253
2171261742
2312045876
6724252
21426423
1043841565
16113072
17297846
16528755
114663456
3069767567
18958999
22362095
235409684
582374840
424719241
2472722514
66768858
177707651
711007148
23970102
41634520
19553409
27382597
197496309
15198507
16297787
22744510
68723803
82452999
15898569
2987089085
223970563
110445334
27744185
28811251
16358097
20776497
20786801
35474809
123327472
21394764
18320874
170034104
970207298
59031230
21212087
2746932876
17006157
19608273
112047805
227373977
204630989
169911659
240782721
32520240
30727991
17071016
2082111
38754007
231883048
518688946
2875761863
16574787
18546068
238570676
21056978
26487169
46681100
25101996
166990746
1646839651
14717197
32772630
27511061
97106823
2314056655
19568034
22011571
333451367
18140939
3497941
55376380
1750501782
17217265
16163639
23444554
365686717
28945635
245649240
16999112
21888595
393469195
2842335328
14515799
112899475
18772406
33750798
9862752
90077282
16125224
19554219
92079350
114334684
1905234541
12245632
14716058
29466408
37261304
15676944
20626103
12859012
48523902
20730021
16817966
18240191
326255267
16113700
15021918
15393823
305370209
91279573
5781452
711122335
2222188166
55064554
48029066
203226736
941811858
1055920698
124814437
2667857126
941970956
4119741
20118767
14982804
499206133
31030273
1375303986
16170253
24544452
25019638
11395432
15931637
1957546310
1949747844
603391246
399065347
250244374
191589342
1076570982
22341769
230450027
145450074
79366215
2458364053
1759181
1355683837
23829939
363177224
2465137501
381108914
25320639
711257366
885733974
26350255
49892671
44513878
106291885
1425164844
757303975
861492331
749963
491461409
72185664
495219096
27105352
85395596
125115830
491689350
340613443
38021361
33611715
855654883
24980246
850036892
432932108
340934794
859214821
517166803
19278408
30511844
17954494
21875625
74241914
16795628
34022952
14270650
50073507
85131054
6742412
881266284
57917441
147649517
86129724
16244449
29987506
829735580
124942059
259001548
14764107
21612122
118234850
20336516
195271137
18276341
14369130
69181624
22811375
19974045
19723699
18977269
59157393
39539620
20824022
60919240
130945778
305189255
1337091553
40116885
20480549
18587457
475286355
19268706
71627462
12272322
208361818
234540332
21313053
437019753
80944550
15473574
3365
321589427
18791763
475811383
18646108
280704663
940503344
488701565
310316864
466519303
23080711
18982396
19599446
388769516
18206234
1010708011
978983136
142890368
119519642
359101389
495601120
18881207
48802204
14251225
16893491
169974430
5336752
237403203
17454769
244146542
27882000
37972057
21669254
28587919
10774652
16725276
29465136
40443752
56149176
234454740
21844854
91180720
16017475
18686907
396837565
16981607
15446531
14327933
19024627
50446226
279390084
41798442
2030711
218975278
35218566
242143811
99966080
236040996
53159373
28434593
216299334
17004618
49698134
21414576
56700964
18906561
15985111
15463671
1305465990
860990054
15727317
136300373
340059769
22843167
16129920
17243582
326042479
419027846
15220768
4207961
69193833
1216651544
45671898
54208274
21862217
71637779
1551618810
158426909
618387795
95761779
374268208
248805950
622024793
550010708
180202188
1525083000
991745802
96576302
71048726
41017380
51892045
155784594
95368728
16798006
18448384
433179055
630301387
131103229
17293897
15450660
454423088
703429596
18012363
120610334
87174678
40320930
18295206
876211279
19884044
40094447
70468535
532196860
15041273
21357051
1069137992
20508720
15816595
374419204
206946184
476190715
605815299
97942529
166692760
824859920
26642006
60630907
167083580
17800215
41814169
14513611
16013368
20951886
993951462
21114659
17469492
246500501
14728168
116835497
47739450
16007460
46278119
1604779776
283301194
49971079
45840174
841299660
61249886
342945476
1385857723
131718664
23287125
1653890262
18164289
35391464
15537855
17210190
91850727
24789175
828386862
38456472
1643622211
140844060
25552354
318916693
60444852
228868362
440688620
164737922
11435642
118401061
1596526170
140710131
453319164
112526560
183036873
46903180
19107878
43409523
24439201
79743108
20733972
93069110
568395904
14246001
20921346
9532402
58558116
279607013
765196968
26344615
14412533
50645326
27452535
442383940
32821680
1658728998
89920713
27894008
39279939
23108383
1083814201
58963908
938674796
1651348879
444320419
19948075
750401299
444274499
1947301
174723185
267981911
1319216760
602442232
1455540942
206403228
38319647
1569649470
20182089
18172905
553997761
190330402
18247062
478343071
106977429
252800294
1542239438
450697476
1612511414
28672653
61869192
57616371
1432131944
15628274
615687834
27311044
49140008
550059823
372377213
1514055458
35123416
1281162938
327694252
940582634
14962779
89820928
142680138
14648962
1603925430
829446506
184136149
31242111
16157412
784943635
212670233
21032998
163987185
39595443
124983033
221164924
306051583
263359642
14993272
808119534
24733117
76584367
386104803
401049767
16294115
342887079
55066811
33381229
1339835893
130617778
22369975
64432312
1284255746
17123611
360080281
1375340395
324602503
57497901
701172702
344377992
29105352
4923811
16193222
418830106
78382995
848532770
329323059
1377827330
370685198
840305364
28465478
350293633
62815642
752236526
340038070
35784576
524744736
393645945
19043568
284137372
407523452
17518344
17907090
556736472
43969372
25713562
114859756
17611447
16377693
22727234
15731751
13493302
18244206
1373201496
14840162
17118279
597004532
20949402
384022150
25236548
324247294
379372530
15886750
339298782
47659165
537589366
16955991
18323740
90296011
296474643
716344681
16041234
18572546
29442313
46721978
438666561
407579699
26167610
76169169
453985738
460183014
29547402
269499114
737461466
128042374
66951419
245315301
1388964847
39610586
244655353
18622869
91849115
512622456
491951318
518065562
1195098960
376017790
134174178
350001555
241381733
18468704
1367103859
1363394484
233933230
38435322
19173787
567295169
123573130
137954423
450038170
1042421155
387416970
16787084
50769180
805027038
5145071
36452050
1024323540
47687609
137637040
245265141
248419585
38981233
77245044
19408986
11203972
73899524
476316327
11102352
231610448
65517621
60223057
18994290
10306832
1093090866
371760024
1330457336
186936248
30694631
14210021
14179165
34116023
163995099
48142971
350235446
258188346
587313695
725009083
19605981
15612282
18867844
313120760
18851248
28937679
1393548554
425230376
274440632
20565221
779507683
20564671
22253744
168485883
48605417
315878798
33811812
628061910
840711428
588479306
89277004
18760460
48459553
18089606
104308701
149776206
179101788
863776506
29373081
433178451
1335740935
745919868
1287482665
384279120
596877210
212097279
14839147
225235528
162890663
38121735
15139258
626274966
13361922
1399478988
324230103
27422071
353351870
19120837
746087347
1337350567
248192138
947843994
24596341
13396002
18549579
287371352
102788865
22966253
58666964
634962812
170743319
528221404
117316488
38926453
547969112
377560461
277501298
731232176
314303636
255325817
147956779
14844867
15667291
38271276
19808025
21731045
331469132
42126668
30865013
21358688
86861687
60680268
264879520
1353712800
780119594
334716682
18605824
272520568
185035708
61804416
558291485
92704271
264359201
1335208435
175214931
853309266
4393001
1391020398
543373179
18360675
241696083
20164145
62933995
95934971
17973268
233338979
14439008
469661725
511452916
17353658
1236541008
401022871
23658557
113047940
46176168
450253636
280787441
303592260
45641358
108807556
792660210
25422856
74820717
740870258
568566097
564947756
59461030
383819798
551296159
1353178099
633474764
632836004
1067318478
260375899
300735611
46680773
97512043
20860129
987223477
1200019573
326927692
336011066
53486809
347448474
366409391
205013353
28768235
590146186
1058591
73402288
46476526
1037571367
16887628
222186782
330483719
381743756
295171830
47206703
20134414
18283495
59348547
17755877
1080249410
245543122
762886195
474054440
103550181
39755667
337982353
214970743
16190478
16668573
18267091
15871160
73931586
548696286
49915511
52918421
17626966
406336012
49809439
34695187
284160244
172868775
15530144
447040978
580194746
1219144500
76057201
18906599
21610240
334984455
312149882
412341974
20598873
778485662
379962842
402294835
171878885
38741486
21982720
190589983
1067020729
38896254
751725193
326463209
19838028
14335880
301230251
52815333
239129344
96063461
89854915
330803110
702155810
38284349
26643566
50094643
6793252
266894776
56202097
1350303332
577584228
61387481
24914494
38495835
38463287
51643372
221863650
588532665
24796255
521952845
162287291
976917596
40094892
955972742
338738438
18916716
374115810
336264344
455212095
191282392
196871565
135714852
472867507
485806762
414003816
576581018
15918708
1120795442
1368327866
952855628
1059240924
343171266
592650473
878662339
257154524
24509962
21171967
21343653
7841652
51167774
450291742
27250486
384225313
382812607
22803981
442759096
1340778919
518663799
17524742
24190527
18026634
395487463
30473526
8234132
48683587
311469345
80216859
420894902
786230298
462934944
556208923
16662086
782358284
247902643
1043097751
1247588334
186557080
80611812
83869914
379914060
251686220
17366600
102270669
363208550
14584945
277317952
359749691
35824393
444981517
14753886
50490315
344918904
714798361
58135342
579207111
19613074
40818782
94364914
66897977
827996353
930911977
22984432
425063005
122799906
395346614
60113766
365049617
483020928
97963881
71897004
178903471
414873541
385629023
49072502
15744544
144527487
572790409
1364837275
1157919126
339705296
17526719
258551101
23443395
254732884
159798382
259349567
28277850
233354761
28902086
29100243
318968554
293896025
613899509
640893
153805363
54797865
349907191
193761442
489597191
16868444
16896057
430815476
443321896
302818607
32927258
297558021
125793686
454045880
34089686
270177196
878916812
21361003
263757100
96142718
333539014
82556422
594237214
516517867
17142160
232191119
273519914
260579681
880494222
163233853
161935260
24305174
415082103
569606994
188158578
373728675
361309782
92624520
27503607
319800208
399001319
15741724
9855382
332637055
154045477
466090255
399179578
169629177
621969422
91262931
118190428
323223149
17744351
16672662
125130087
73572581
322754614
17694368
75436954
17561562
115945502
38313256
26778110
19686924
29236749
179854399
268023894
294390917
20476979
263203020
888558318
290894597
61642937
26900055
453531682
144292809
288283415
87044744
16174187
243446474
280080082
332345565
15865042
20530377
102211444
475307149
558271726
53524514
566789087
100638300
144003355
312425223
247632365
23485648
18143637
373703345
378933826
268702954
1323723698
362832455
317948367
14802789
21436506
410496422
107633302
121889306
18124830
166557607
174316096
194615561
7702542
466264795
218027755
20009204
558048490
361367033
447161701
110918004
13524182
157079422
42440843
305399099
393621029
920393460
304730655
189316675
588560453
295623648
440666426
269534812
63254001
482552886
857001662
1292208666
25392357
30117864
120241711
1061333190
19511717
16642079
72552866
449373030
633007028
564202766
19857109
52955216
565883475
375286911
52824967
168010283
17995040
18137339
410882229
807413804
462104542
21044127
991841437
562323802
518399661
500300203
301200144
14197312
466634525
763498831
15311220
91622378
570911869
75930868
142459232
335544497
52559087
15790787
580098977
15503175
18400385
428081159
154889886
26761209
202055543
18936542
826301749
242618658
250914519
15927803
306641491
1022481914
20705876
29309901
105915903
336082401
28506617
20026078
92097164
140640762
388737362
15022633
79258361
588778634
469404790
11929312
559866992
181292375
456026082
63177363
82687751
182301577
593418726
16501029
450854290
317240857
144562424
32071013
23101992
30718106
984547717
54769979
325154144
621443162
18704439
522717407
13215382
360142354
35801771
570031255
261298527
69215257
457998446
54229868
478761936
310415428
19813284
17485416
73657657
16340122
24476251
21829541
160591174
238063505
14114924
629833662
376388082
7789342
66643970
54118317
12804862
1652311
14234444
14338841
84415790
15632889
35927341
869843150
233209763
1078550557
446707932
23286054
458044902
971101452
1244329603
1296742885
104874562
617246776
366489205
44284758
158060289
406474081
427886673
35511525
416047075
348529587
246993037
22000811
423533399
74014041
435099091
282695161
449308947
356604678
25365536
366819502
620532546
195951912
47411569
109355431
368545981
513200350
63188134
111737172
350522902
323734598
554335063
22286602
500065554
33059689
27903560
15722673
57428429
870608970
20758263
28628850
473495152
381949746
324901150
127967449
331456884
43481496
229197216
233761277
96535088
905852707
103773947
250390708
25126729
93295809
14654652
458447634
147050674
69642048
388722520
8953122
308222821
425233847
123617604
460748307
318049407
287174232
211221146
15632243
1327271058
158079035
37874626
168945296
354990034
230927249
14389132
904137332
8799142
355305450
130094578
17900421
389230624
184018200
458729896
348661583
393713354
64519379
1308120300
836305999
544721646
2234711
19355253
293866703
379083906
140475525
413651442
46956192
272361432
14211204
61657281
46232531
18856867
861261163
1122315906
217622181
1252730732
7612372
31464977
33170847
516788778
30467603
15923225
41385012
54386616
456711021
139974630
32258396
336363571
44135635
316737266
103344758
1099465459
33414315
149136844
323499989
1154842592
885717746
438023584
945106412
1107690794
857252138
205139274
110011661
134857842
124830515
69425663
24051462
426391467
249219490
1247828353
553981440
62407070
241742478
14749383
633485628
111708715
805669518
89030393
65006500
21323186
591018568
1225947332
1209266995
19015287
264371765
1005593198
348732368
1283290308
20721210
46503530
444931939
22703645
236696328
15976697
51621287
14666934
885372505
305874770
314222413
4816
25320005
21809256
259469442
389266766
14882554
442989913
350607944
230859523
1022783893
389281501
768367141
17850012
35611008
479132341
89496720
409062401
709502076
24262944
1131645632
26334820
16045956
34434801
30909846
243179624
513503674
109951643
436632148
297822295
624210678
523638600
408244773
389805347
229323985
906620078
443288612
24258355
14078468
8287602
5914172
176529933
31414224
25635539
66140425
289248176
282453031
20824583
229597764
47273089
17542901
28807346
21931363
43971153
340154636
20649488
18322639
18171035
18069748
22365249
594217805
354961568
16589206
241252324
192863776
58321817
55659255
16179663
14104994
19050831
128337057
18265353
24928825
24606512
16561591
30022262
19850697
41729745
29510539
33375104
44005503
15012679
20602077
45339205
13282482
16973824
1129735364
27297996
6017542
9508922
13418552
83428108
101264587
636303971
19865528
127240079
908643715
181618627
923671784
18653708
77314692
90967730
148988760
21295042
1206161593
327049481
518603953
54032849
388576412
365136056
240531800
47353139
337877372
76504111
241140071
19303879
1176994477
144350248
58708159
45484684
377140806
15632812
387123654
16162252
17740500
302720798
386551109
392811410
482296776
295413031
154359460
179185164
425171276
993791054
17109434
18980564
1058251002
40518046
336091065
23887463
508186010
363456633
175930668
573972193
39834947
14730894
12524522
259379883
20374262
18208354
21779975
17642330
50325797
20088745
40912473
30490986
451586190
16228398
18644548
14803917
27819083
15808218
224097503
48778278
14046504
17291393
774393817
1198295976
23874813
194129729
80418589
166885779
141834186
726439806
64643056
115754870
14873837
88784440
16068266
15450996
65493023
1074480192
22243973
455571514
28226033
18122925
67364237
112197333
926531402
104342107
53456508
19352378
1012303105
599329617
586108573
135978171
1068752485
1053503912
287163355
990294697
482372321
388704468
1041288906
248024430
19521569
1243097792
510746189
18216752
1225999585
563840329
19515059
18394443
16116288
1311476928
88597672
17714851
314910388
17527466
290997306
189670223
144336881
263726489
456235077
423971188
583051288
18176907
139088436
27728711
1286758142
27759798
406372829
413954242
154129921
459876250
456750528
10774082
67331552
710730559
60289418
268557035
53269068
10207502
109081931
52114473
71613350
157445403
164976578
59159771
43354788
86803454
1117193798
54655088
19793810
305233254
114083232
250365695
297769932
467968715
633899914
44271405
190905427
21237820
434316307
23354925
41416813
17946140
1114938996
905429412
26106475
1025729600
414520221
23668222
56532503
89015262
16703058
89005882
174338995
556260321
799826336
1301015426
155942845
196168350
122226401
469194846
733751245
45190383
216881337
16331010
846152197
19908848
257234986
28571490
179732982
294145954
15830643
213767557
408905255
260684852
17418369
138717046
180056254
55113967
517039011
1042946232
98917278
16089776
24884516
619218661
270079789
383025549
128016152
33347217
14669951
20837035
18643437
97167689
22318481
146095589
151851057
733838438
20715638
370144870
993451813
168486243
18333859
423185243
14481502
9235622
25539759
16191564
134360868
42825230
352742371
15502950
248845681
15503210
30907190
23120241
23024437
374138602
512606438
21707592
15439100
17971747
352999575
47938579
95521567
30941916
220701283
21368060
39132894
14879400
14829479
18030672
56562803
18433784
429227921
23022687
927272744
1247169889
138977055
1247717996
1247558185
384997325
1252025839
19688992
440328562
24466578
17823790
247723476
17516275
47253057
544604759
16161512
69773058
39308549
95713333
158769098
16467567
114479860
403647191
117626131
1309197547
19458818
398455975
465312881
205120642
289420613
18646432
14851290
16814727
14367719
39295587
14282169
233838120
264129564
107807966
108831720
15219770
1209427657
438871431
107172480
320524842
304259639
116319448
19213470
1005604218
67585373
17266725
342565344
14287627
16989178
86096628
73928096
35039490
287413569
29216764
237600536
14505245
37301997
26163517
68758400
34792516
95994080
312696314
18950712
233842454
123975474
20748745
25503408
17879692
6801772
16916445
109065990
25559681
792469668
459964414
19670666
63161957
523376516
174870821
71262690
16296683
16493930
123401533
15615228
16991268
16593766
224351791
94857536
252896599
228518954
59210322
272492316
622661135
65415800
47341545
56216595
572989332
436634836
274021617
172289207
975200486
840235189
32673296
844957740
556203386
14304714
23362301
105261287
560845860
528812892
599330356
578116913
165897043
590541799
633503616
627062744
514489584
22093237
390520212
345729237
475279773
524184670
579874232
24822993
16371866
793295376
284845544
1355741
20596544
422541560
1101965940
36957169
1197496212
347459635
427193462
30131354
264018451
24736981
411621494
16303106
49717874
110827653
85603854
115485051
116362700
428333
