4257979872
23818581
17220934
321970500
21506437
6480682
18948541
23151437
1337785291
972651
15224867
5392522
9313022
55117855
250884927
51241574
19426551
14173315
27457788
94129050
123417995
2836421
55338739
66379182
14677919
17919972
15846407
30364057
26257166
115485051
45564482
20962674
44039298
54584452
80700514
65399155
513300025
365012710
343593004
21114267
126142622
98533811
1330457336
1093090866
1339835893
50741466
43403618
18684157
112240656
17351972
415859364
41135906
19286113
32717570
14063426
18099844
16219742
19661363
50393960
15492359
2288991
20032100
1656318655
47222310
376502929
77527412
250719585
14112296
73147282
807095
21873957
890891
2557521
428333
14776083
14319981
91144162
16801904
102698402
205006919
62917637
2890961
1396857607
51405063
150723226
25005505
1924391640
260741931
16536790
44196397
30913973
586671909
19380829
74286565
20536157
2425151
783214
15245706
81132251
220884717
579580435
17446359
15859039
15122968
28612015
16907757
12481372
20348377
168264219
49085468
1051731
6780352
111444854
198637595
5695632
15485441
112236047
112243365
16363780
42703075
1344951
409486555
813286
76685346
31498062
14269033
16581604
122847699
2131611
48462373
48463575
76759391
428970644
70902633
554816795
70292831
32092548
14761795
13
26842626
14229658
353701419
816653
2735591
280716675
7610002
158865339
19186720
156352329
795626
761628
81217377
16365983
107234633
119173790
21271500
5894902
14800270
14935079
16997044
19411556
36060697
36458541
18089163
316791827
17889970
28078602
14896557
21661279
13925862
20139902
18517363
16739475
273197054
18941444
15754685
40061400
19752773
27154035
2899161
8653412
22967319
1046791
1318301
20640328
14357895
14197243
46056948
32687077
38764254
23450584
9210592
61510388
260324998
20626525
811303
199382915
19506790
198640165
13084602
12480582
30205586
17023762
17781506
36080231
