14230524
505138632
611098825
292409371
3189236347
2252122814
2883841
16190898
92386894
21584475
43969388
40293333
22832029
4128098894
16398118
22549812
3179021905
469465866
16521834
897072666
347420129
238285207
33602654
1451773004
3073871212
65647594
35877766
16580226
43166813
3550254376
350978737
3854273355
420067396
82536823
55035350
296078866
110784706
22439643
32932448
269852626
26282046
15224867
903494262
3106148338
1440219163
13201312
9890492
389763507
11856422
41602160
15179874
39170683
263023244
59397009
15723971
25093616
91159691
34981357
65416742
25092574
277546050
262733510
14562016
14882900
14677919
17074440
241264504
234782444
26077026
13638892
21258337
259479528
575645786
455632260
4170491
342803375
15397978
15817907
20308358
14592723
23403655
359843113
17781673
73224714
12524522
18027434
3812716333
3863605355
12133382
1278731
55868276
2813960386
19923293
17781955
64826699
15814585
17237540
34686748
16044936
81106305
32302688
70951899
3100346251
2308599968
52488565
21626287
123041010
2971081217
398118871
2297823301
330205366
3304684608
2679623096
10870512
1561972550
1708507069
237989139
61980315
14673680
14266212
37969488
410744414
255323802
182246984
357642570
51315921
325502531
376525701
1667811848
148291344
2258254334
2208958148
3034264061
550521302
259516003
3204608883
3428781478
621149747
67113127
209588395
547091641
39335089
2318975839
3169639583
480791688
33612317
177249094
2530908128
9852552
377676569
3818242216
436000034
3261233748
26816594
3397895073
348785149
611922523
5692662
18728980
21714822
2482427622
63076720
1167352092
2705274896
3218557654
521016853
1705405693
57581622
49682822
18949053
3160183219
947173716
73453532
16630436
15999286
15397465
3062082063
2410047224
2156709984
220369210
254787027
59012899
1641391388
17197477
188001904
1114586522
2287527962
3038572789
2815137133
3065069794
208475880
1061960144
3129073359
235157481
3253131637
2201677945
33091616
770238422
500433896
233442298
31863304
534999471
63752254
1126450964
1077120944
2967864002
1198406491
394724663
276821307
128404120
183310940
24034052
79242290
312356722
518714537
2232151070
155042487
26259480
35133156
394471665
63168756
35170969
21418016
90628307
148436801
151159882
24523965
16943485
318103660
1575511994
17373725
22796538
256464471
29848947
396988769
59568026
1278377149
2927758254
16378801
2518676046
3364676027
204817833
1345577827
130681675
2964923662
182566977
2701978290
101265483
232973255
178383380
412521232
197178807
1883889258
29629859
2562878304
991432730
63488455
20545055
40965341
44084633
128472974
29840295
3131067791
3045120332
39266756
50114278
53064694
45890619
42709939
47986333
27880897
29462107
44713226
46018067
41348945
43325463
32586476
41031397
17085652
20775287
42033910
1429761
2557521
21306514
18999501
366000916
17527734
3400764976
3401939052
22069690
26639681
25750555
24624154
22511723
36405353
23850658
56484472
20549852
499385275
179391701
44701777
39553352
979178173
1881450464
77841951
1225718160
121140184
1031599578
3315551312
358101059
103436965
58324543
23593909
24022993
248427536
33044967
315288041
1017033103
1432127796
2488243814
2973626626
118985870
191306567
21701993
97308753
27564983
40263343
22482597
24031518
2435816108
346770362
46964783
3244116083
252886302
17296792
162890663
2495728562
21332200
19402238
54387680
54365543
2317675784
19595764
23043294
24914074
2492360305
26303413
145724592
372895128
1536791610
15027207
26548315
844766941
216299334
108568373
14925700
1892499156
2471423983
2190940110
1582853809
623922746
1727394056
1187564448
1284230450
1570941643
613718362
2975288277
2380837200
26691907
19644670
19747232
19747086
19746894
19746786
54633402
1641120872
586671909
346878074
34036028
23280870
288309667
1380083972
304658938
2900910454
265902729
14857290
2848620331
146569971
14499829
14055301
69231187
33933259
14159148
17919972
40076725
2220254377
3472240635
491011009
1439570792
18522990
50374439
15131310
26565946
189969075
261933923
10228272
76962103
88979655
475292738
2677794818
1193828899
296466099
1302340573
1941835304
46215737
268481161
2470514603
2189253393
14780915
475952696
2153145912
2282628336
23633576
24705546
86260055
437687777
2919505795
21533311
176651149
2530354622
3297451490
1396016827
2793311734
594895327
133880286
569540227
12369372
17525171
59736898
59486068
32359921
28140646
67358777
621523
15110357
34713362
4898091
5988062
18949452
36184220
91478624
117662694
226348151
21237045
52484614
13058772
106837463
95744503
622229265
16252784
59985913
514047942
250831586
71379814
1246546177
742646042
412423651
376557413
793128464
120314139
962104525
24556586
315822463
595211619
30947351
2755980006
751735230
905199192
2720251015
90249926
24976874
1623412399
58224855
188341419
3251938507
2834664349
2846969652
2445304945
916196870
2287007959
2575437641
3430572831
1488065125
526747419
2288445181
2870761853
3046624541
43042353
55237566
3314169023
29914407
21304726
81757278
17351972
90903044
15824809
744318842
18553693
33695785
284602545
26589987
26053643
3129994461
3123030220
3099270597
37290954
3125751245
3226409554
2911592915
581538606
3256983422
269600361
3342166529
2202919657
3282224767
154866436
3314764040
3346743551
2466162074
167215976
2696016510
2330353597
2690165209
118123841
49686679
3007016165
456835924
426873029
239591418
3286523994
3382363841
41589809
702374956
2814815276
2454567926
2845549683
1927995278
3234320018
2373706705
34554134
16228699
17471979
14534174
26551204
19362341
15078840
24626969
9867582
17445739
15421558
34743251
624413
2500199479
1904652666
19329393
3187193290
25073877
19599663
2985924611
34396691
286795775
2811917352
19555067
3199175583
3006923153
3413760159
3322591882
3122986631
3105600849
2790693637
2465249010
1002698060
27453762
17045060
412245447
593399879
355062276
271439687
221544927
128777034
98776783
1167134053
1141574353
23110842
1911778212
1300308218
1348868473
1575003630
17986973
2166937848
15350283
54074243
1339941992
1374892440
1306834771
569528849
30492622
1325407399
1582522052
2432460258
2884435824
724693429
2789467970
2557490084
254392670
2557160635
2575799626
97695698
319165697
125528424
3098653310
566391005
2715947456
162639612
1127011778
115135544
2867325460
2660659302
2485432761
3275714954
2156062919
40519218
2375329789
3342611915
395988628
3307370589
3070745096
3178362288
3421129889
19670290
2858830358
119061469
614832156
24067213
3320983468
200192934
3229702450
3138655999
3321046606
3018747925
2836936615
841910365
2707029030
26360784
1960789190
2453884124
3250770980
3313715894
2466951337
3092223502
3246448422
1931811601
1964679870
3130112727
3348144929
1557976639
3092062468
3304036056
2344196473
3138102597
3313591584
15884232
32258396
2747966614
217860245
790380559
966144205
2695838155
291251653
3383397220
299308218
3188452284
2830541645
20656853
3377928982
180668732
345971761
3125248337
1964718932
2152036226
2612907852
3271234423
560062431
218554863
31610112
3138029248
103087926
187318645
25589776
22692199
2934377079
41431123
854512956
479809444
39290661
111092537
50393960
1655478984
404386269
487833518
14647570
28567809
32372834
16245822
14075928
16353195
17813899
20065936
13784642
14342018
14800270
428333
14199378
326398573
45372639
14293310
18947379
28220400
3225234441
61276293
2265363559
43170448
70194148
2415053456
60681283
12512092
19348412
17582161
25928253
23864985
216366279
1364930179
14592008
1655836291
404137903
78961309
30923986
19154824
22650211
115711911
15597251
15588657
31213362
29856819
326953842
393792249
3108351
1475683632
2891814216
1182993512
1713092905
1582043516
1561259252
979416210
1268418848
19044660
113638007
125302045
28449123
33090731
26828977
14091091
2313814776
20609518
3031269959
11348282
40086987
834281252
89899742
19458230
90902182
20562637
493175789
19407053
16228398
2295044222
807095
374189567
567645550
14706902
26799221
15566901
133946025
39822897
2735591
35773039
18510860
25087685
58582341
47345253
30270360
16667262
5392522
27726303
745476127
3389699259
38542131
23816931
337862896
18181076
47349654
17244973
20734388
25234311
12044602
59326062
23011989
20442638
21253742
526027498
16539634
481046886
17759422
18230924
73112424
16894731
14689768
17825708
14802434
219172255
20094535
89556541
21923997
180250256
19677487
72334573
51689433
46217991
38531995
57062178
151126436
364939378
84406878
129588791
20444401
55516787
25371301
132711089
46155808
19029306
524396430
19397785
29312953
18326715
14027532
22260088
27749083
94729534
705456122
162283067
450016575
559144813
40910930
30496413
68892385
20436059
20076000
18058609
22752559
18192818
16300786
16616061
39250316
17918663
44783853
17002395
18999585
15134240
10791192
13787352
19658936
18170896
6519522
1769551
41866944
16164520
22708797
12297052
31122496
16727535
52422878
46715620
33032111
14294848
31890706
18675582
298946310
145350228
24395545
14678103
17999080
542917893
23762768
56799371
17093617
312126185
