837492582
2884771
91334232
295705264
150246405
17471979
202572014
24341373
132123068
17093617
59799050
971643906
14677919
179569408
1833678056
19334486
30313925
15057943
35773039
22646514
45842047
27711339
65320022
51241574
33628064
49585215
22253756
281046179
46345843
20823773
1774391
15761637
15084853
14293310
428333
759251
742143
16589206
2967119053
19023112
189078607
2550309498
461213694
2388267090
16870853
351466143
180320024
46117823
287628232
41414941
286325692
15164565
64643056
21866939
307759547
531613908
81816303
61446954
39745726
214936430
19903360
158489580
1769551
17918663
16616061
14499829
25928253
23864985
621543
22752559
25087685
38531995
16561884
14511951
87416722
87818409
2097571
807095
7587032
1652541
5402612
54682125
21414413
19058681
21447363
195814782
125481462
6480682
62591681
20015311
75974281
500042487
274649460
38536306
1113167976
336116660
66561957
25587721
47285504
12701412
289123445
15693493
52551600
18713254
21499292
115485051
22657153
50374439
17017636
398092540
15846407
14824849
285810908
19562228
92053246
10810102
15439395
