1543986138
4207961
16378093
1242556435
306909253
21862217
17907987
17134268
17086475
16973333
16955991
16314021
16244449
16012783
15458694
15164565
14677919
14662354
14511951
14466538
14434063
14377605
14155907
13557972
10774652
9300262
8192222
3108351
2467791
1947301
1917731
807095
18142371
18251414
18510860
18686907
18766459
18812572
18924291
18956073
18995454
19985189
20772763
20818801
21111896
21921531
22975495
23818581
23995748
25916697
26548315
27949795
28164923
30313925
32070022
32780218
33466150
34713362
35002876
35773039
38228095
45399148
45564482
46213956
49697450
60919240
67358777
82689705
89887215
114870265
138516405
139909832
140928543
151106990
151969930
154145174
168295477
173996982
591920938
252531143
267915933
278594290
309937733
325076723
326255267
331211313
331803536
353225544
463765807
403415466
465123413
531627880
958435057
2517988075
2575941744
68988970
20707070
2548985366
193797974
26274648
27272182
58503762
2296617739
205302299
3844964908
238437242
80758969
299364430
975057776
514434525
2905170395
277774061
309957644
244834140
3839769132
3180275482
17199214
18234672
1246236312
27649741
2707454472
34843403
277805390
3376815514
359926182
3224594526
343072227
294198461
48088063
2828896267
471454646
61242633
44674512
421983899
55334133
376358721
854513532
2475042782
87792656
3234165474
20775724
66946867
97071323
24713327
259861053
14645160
2881246479
2548632014
392307734
607558430
388856127
1275372774
61149653
1389824197
389841834
3137603529
2546690178
2670351241
22660657
2205318289
2836409843
273987936
15412070
45141756
425294761
23017277
109013017
16333302
455662560
18858385
246446625
113667788
17723643
20638331
519439629
71944577
1377171380
22743696
361417698
487675790
287818581
403932208
41865730
528055712
52522131
858646280
2517854953
1710649668
286992566
21753328
227691474
2571871261
26766750
35797450
326380419
2781305149
34302847
306472577
56382058
2288973286
376744269
271381840
387731069
302881437
279238668
32673296
2477215861
29579336
2557351622
423074045
134924292
1616534946
18382184
584797578
1161607302
354923164
242176959
1703421145
41183131
105406390
17644108
526621470
16441463
623912614
2498705878
622073561
26064561
500974858
166560427
278901890
256147156
160058869
970078196
1729045746
11614352
1129359528
21238552
2414607757
21138172
52084211
15446520
164366739
49269819
17986973
15113427
2310938544
959596692
14085854
2183246854
15738599
18085871
272259199
272449775
42035272
267836245
69296910
26775504
34282709
2346081514
546317651
182628151
1038226543
297465427
956865721
542146740
547343679
1712960263
309363058
119163094
587062228
2263573404
272794452
618332646
1252317278
1918719608
70461418
453402782
48828993
222180958
93284507
2325962222
2196201139
459269265
557178749
2292879956
1219978447
17449833
28911707
277812063
564000560
38878060
27793335
760529468
38804737
63728431
15249113
993455238
60261918
2231352799
45682147
21879831
179732982
520033038
17348274
42581911
239784646
384111222
2212575648
58038488
16046375
198289867
128584148
54987763
42786608
554758945
49344223
311497771
38542443
227872260
275837260
768514130
549515975
325340909
401517202
26251434
65633843
428567107
1069812570
1017637447
357674108
130988961
35511013
127566622
2155370050
73086423
18658371
16123077
15209135
44187349
31298973
14246001
121283211
835911265
2167965440
38804457
15195679
561547330
490620348
10342142
421753216
16807285
149956450
27841516
48854106
1945034114
118202849
864642974
15891841
18441621
1964896766
203247669
235813860
233816507
1210471682
959564347
45413198
24738465
355589054
438794270
269998040
525044374
451815639
58609157
226325216
524924802
135983248
541381037
39930469
1264830354
477410739
394023562
119197575
1391871
326366968
264924050
790438632
66636875
1729266925
478624634
533293637
133128555
40893953
440211079
1931787408
303535033
140060120
182434699
54182296
16411851
571777854
26628146
1862599284
46476526
266652760
87812562
204926178
360677793
24241278
31038761
31000985
558188688
91929807
81418282
754135908
16127048
479282710
495464885
545528259
624282852
1038393222
25177152
1685456815
136337303
26688109
498987221
50076268
101574329
400784089
301019006
412358434
156656964
80984866
782845262
764937500
45059234
24969417
904584432
1363351406
50144689
16600574
32774989
607622157
15841421
901537399
21398055
37074061
525783599
37990581
978335670
216850453
1394480418
60349138
344308796
294145954
76698951
321774180
39897996
858638862
834394100
31824169
89741201
128290125
114159312
248419585
1355218452
125935401
528187414
16569663
42362189
1568034492
32260931
22077095
21889889
18066812
15784867
600533780
907018699
563244796
314849636
297233805
296371888
294434398
243899518
217906634
189873822
163813257
160285434
155439000
140612122
48981762
46219032
44686891
41705788
899006724
960921830
1078355221
38107684
272059064
294948776
194355896
162056343
149285149
145048124
129219792
44545472
39985050
32678312
32279677
23957625
21710345
16548855
16494036
16226417
14947925
394188905
429618189
451436822
457706092
466063510
468760187
501185419
559504424
827991847
848449921
930411199
1232365548
367218289
186203051
371943442
16201819
96391337
32522055
53503202
322865349
71375079
163370504
179712534
172584123
1511190955
255059363
101693644
296526230
254648122
1515176629
387321930
63770391
1510817994
856762782
522747992
297175472
279668945
131217139
66739464
39337069
22799166
21964040
21833728
23094875
366498596
550253258
1551679248
583127113
16711026
21312077
858921774
711634622
860415787
878597622
993358020
214563802
1263224436
118798853
19088288
15991770
225907142
21705181
14993272
9367082
82736613
131013590
14144524
48708870
48761926
19027999
20891103
307404614
17928145
19045427
22805901
17888787
54422326
15623425
14354687
1260574405
916560306
36701355
597135064
51923666
257801122
343327974
329443994
161252363
19625943
41826994
15904911
20289960
7619982
241776425
16370091
54042025
153881641
12096732
27234909
360285166
41842907
135314899
40351345
27391292
20956062
479659751
455036984
18152658
1183887576
231094495
191578026
162611402
31419215
271678823
267528500
16385353
292466199
169356966
272537171
14393595
103463110
326401965
827654173
24571841
18259507
292405093
1264557392
573920984
444250564
597820142
24716475
18294521
436355727
573046485
758549760
778358510
134796743
11102772
394473796
320877949
286375551
286412119
285786282
25443287
388095839
15298971
54303638
22270213
51593810
427799256
26316261
201501930
29106688
33920667
227061405
360150090
440608151
127566822
245923746
267395417
29143065
106128865
588007021
42457851
231947947
286923989
246892397
419608062
381899548
14270329
198413276
230932151
337254923
312326833
1330327370
1328079499
173794451
213179901
221913371
234617447
59668256
111126043
125782117
49568447
48423963
224384547
