15895661
2367673807
487739967
133163437
165807222
284249526
196560959
16887507
20292942
54290504
124987202
903517412
23136101
16425197
277434037
2890961
94163409
18846216
327824794
480551458
16542390
1227228949
16589206
36843988
88856792
3238584679
90592743
588874855
112243365
207773069
166618604
807095
3101839543
2181250489
2167698590
74951670
168708565
571202103
33801019
539225588
2839688676
1151751212
957812154
509871075
2720381895
815246610
20751449
3100218338
8963722
2373315972
330882968
143784220
11461332
14511951
816653
79692420
96501375
3157885388
18524851
28207516
1385976397
127731951
1669131266
38679388
30313925
3108351
1885857216
74286565
10876852
2530248499
568373652
1344951
5988062
3280889383
297169759
1316411845
18080969
2795577488
446146150
1533476948
225677453
240285020
5402612
134118894
13867762
1176135546
17503180
2868952914
2831764880
424840934
1019376049
190733406
2933571374
84351228
14372486
3367404340
802632470
3307218826
2215193036
3016359794
2467791
271362894
13
3060519686
515044905
44196397
72833360
3981079665
598355016
302009776
50090898
42226885
624646360
468916519
36726110
3293460684
49555585
102988947
272766295
39240673
2858241258
51241574
24727891
31311757
972651
438171855
953449447
1741967130
2560867268
6708952
92724677
421608434
14677919
56505125
41103441
165710489
62554155
22206388
16334724
15492359
357383207
382267114
84273114
1870242642
433157220
50393960
3113963044
2231889433
3980653455
3315408225
1498460078
2374434211
515459568
1057662006
3280788913
14182050
2344543831
121046433
60937837
3059497075
3879911294
257441629
454816760
502723915
207809313
133880286
918403051
56304605
124258971
43568964
122995784
1572975829
3031034651
103603559
53555106
375013903
63488434
136176838
104080208
3318304782
1344280578
3317018004
2785480981
189795315
564515760
2903696472
211453710
3075390655
242912563
152536702
589973469
24705126
3061785709
453885303
17471979
20536157
2705626405
2261691144
242341055
70179948
87889822
60636979
3457310544
151883118
3301775724
1652526218
3503412745
1192044541
4022134512
2304428072
2234098706
631289812
228054962
139831281
3978215479
22194637
61416240
138822469
176543163
2423892836
1196254680
209979654
456079093
124974084
103861795
84534331
18664816
2253142422
1338657481
200150767
219617448
108936259
94335928
240649814
56761423
214241472
155151279
2272665504
19699062
17470236
347035710
19929890
284318542
873261218
1456796761
16521413
15440580
260980180
232642391
2665348980
40884854
103770785
43192523
3254174203
321993895
834855756
3592861518
3030106588
3305950950
6509832
66334209
2882509029
239358114
2905675890
130104041
87174678
20609518
3449637852
2805358944
57928790
781721996
3957445272
3692697612
61317085
97865628
68374940
309337924
2904853178
2971365264
2469605695
2190809876
328094322
471741741
317034396
3164179154
358639533
235959351
31348594
2837795666
2778223652
577370955
4004909719
2177929706
81861163
15639696
72594274
1545635802
87170183
94494132
3096536960
2914590650
3150402824
65659343
1354900728
1961091234
575188047
2563885207
2834112558
3408662938
18681139
2784151064
2513150581
430559243
1620169038
134758540
79708561
2854261808
3117010261
52729592
71201743
361149248
33868638
729279937
145629876
63066473
121044171
513936907
3657998112
1076765834
2597666894
620815678
207005461
2911598792
1205572501
139876086
2932870080
92945681
2833663530
9877612
349579037
2245361546
10228272
2446626799
288292335
37034483
200102426
1934620831
183386494
553397745
264704935
97217966
2906931804
3303144655
35927341
1545689977
1492538024
3297331111
2736741944
2922277921
229457869
109241992
20354372
1555016072
3546105553
63919054
185142711
1221775220
2733822595
538463967
2893644318
594645835
3020070949
137780376
285592698
18008009
2879199889
132385468
3275363113
2776139000
2206511874
2253151465
300298495
3255730267
491213985
293707336
83571903
2841698485
616831725
459363109
3099661026
115341081
2872958940
82288284
2316657829
19895282
15670515
1057338156
1860667225
1559838350
129123688
38982590
2515860822
2219471468
743856512
2178230359
564000560
922993075
20414217
1975497332
1659024584
607125715
230644055
154069716
126928271
234266495
355344160
1376032381
1378998661
150171921
1403767579
283536419
116387633
122327538
272547556
738282470
189181551
1933670215
1654839708
188724195
53302366
191827623
1399703382
164878842
308600839
136948079
185963901
222019424
304216355
478508461
225879759
410454153
197688503
609772720
116366254
620541512
141040076
30606494
556702879
1931519401
602622102
113920509
1954558453
899876353
1954495446
539457804
1954531382
536038190
1954452618
1910454188
1954536374
1954539955
239500648
175126440
1954487628
102355759
1954542386
709503700
1954577491
136006228
1954571749
837398802
147875876
1954503150
496664426
1954573873
1954567867
107408208
1435098192
1954550972
1954559468
380250794
1954550138
1954497618
181542518
734790247
1954511004
97924609
1954580647
140681487
1954584355
296651873
90209950
163793333
1954523430
1954523916
1635086382
99441905
598481062
1954592011
103916455
1954205226
592735868
1889844554
1867523622
1953887389
726454940
1954524954
220228167
101695592
76294950
113419517
113278275
27260086
18839785
1953865334
1946318714
1953894709
1882273062
1953805818
1199769601
1644285979
1953873655
445446699
408006709
1953814044
1953836922
1953894589
1953849619
1953808368
709116947
1947383048
1605537542
969739002
709148182
1953913285
1953848058
1953916441
1945438508
1953889256
1197467646
532103534
1951139570
1953883814
708358361
1443876181
1166426076
587673331
51376979
1953788186
573873369
1953794947
780272996
1537831092
1947480872
1953798182
1953735044
622550768
1945941908
1953788336
1867227685
1953819343
149653217
1953824011
1953831793
1953828535
1953719798
346748634
1953806522
138514198
1953760532
1933588506
880026956
137278620
1953766908
1953807596
1856147220
416859183
1953777674
614424537
78545883
1953838345
1953803498
1953703310
92491690
1953815102
709088482
1953836641
20494534
71759789
1953795584
1953854749
1953298676
1953853189
1953851683
1953820838
236818408
250144711
1926394508
761792
1953667266
1015527066
1953852889
1953697938
205591241
1953560316
1953813878
80595555
775301376
1953813566
164996478
595169624
1953828236
735982592
1953737184
102651661
1953859237
1953856069
1953712194
1953769026
1953833576
1927165208
1953860353
1953863215
1953795468
304448703
1951188776
1953800988
108316225
1933910642
1953871999
1873976502
1953772746
1583407699
1953840452
1953855740
1953463663
1953850100
1953795942
1953866731
359374860
1953885535
1951009686
1953857510
1953758220
1953821094
1484582348
1953824814
1953809436
1953819990
555383738
170572500
1953851965
1951275307
1953823740
1953822612
489174331
1953873997
44567702
361375740
276420328
1953870494
1381819381
709064763
144084709
1953909553
791885360
1953846648
1171787840
625894426
1953867008
1953883190
1941087486
467147508
1685494760
206095241
409849632
136396305
243381107
93711247
189917061
950165300
63796828
405427035
38403110
57188977
800673907
98932084
44588485
321866313
145125358
101311381
57998991
92726549
99448420
135421739
92708272
