188104578
1183232918
43904362
22692199
18244358
220030848
67862272
1896249884
360267379
1061821632
2448080797
218470631
15635604
21091104
94353753
231793725
14677919
122728088
1440641
20439102
22475139
22009731
263710865
199173399
15866793
16965975
82377654
86078693
109583877
186803618
579795640
47311127
387814252
227075311
485697661
287621172
630590128
286664405
45523936
555399254
126899626
325642640
982494686
88965130
1461480800
448430630
198502416
1168674494
488324793
377230071
226310615
11178902
1186434643
12804422
92242282
105274463
1638231860
494944464
501637514
516578419
455942457
80321508
214205356
65141161
23481772
212727335
229429249
256001151
137480658
21344241
20949534
