2246137834
2862551856
4250262134
14677919
2265404918
19966557
79783264
2851186868
163284067
57949239
3293794476
3118660265
879589964
1035642960
1484891485
2217094273
2613143381
2430564295
2216746015
2472802974
2856866291
83609755
3370020405
2937800899
409731845
2454439663
19407053
14115926
2454409322
3317480694
733201310
3291691
3056305736
3224965008
1613366358
11620792
94682674
3247941871
110520327
148826807
501303535
1070904240
3303613433
956812705
39815274
450913911
405843511
386040209
14804579
19062153
3292397585
3104234608
3403650568
5699
1478433775
421921954
107463174
28164255
259356613
360027596
118530377
735431090
15367279
14778707
2657544721
73095080
3129685535
33963611
901091995
29261117
3023862207
30071164
41098457
3306419246
3249726242
2379332852
259621069
1851615798
858398574
66838354
3503449222
258908323
118443032
1879928798
106066197
3003196564
3490003692
35343006
441046228
16000700
49215562
369199047
83894645
178488932
183290417
102469274
2896375107
3416390579
24323634
3401590774
2148284325
20466461
3182966497
780719203
112706790
847538778
3042131225
231057903
3065500468
1432778928
2453783084
3217721332
3410398048
311632780
26595215
141315681
3458114417
3271362950
597631798
203712255
254885280
2937212685
261105721
84367808
15730770
16374748
1904748396
3360935482
95993228
3310562796
918827444
189073580
2321120970
221315008
615981229
3438189484
629322071
207291077
19872467
23213550
859719110
1572986658
3465316573
858216158
337971177
1675727534
30973847
120848550
18020618
3699120436
1620666342
3127161645
480849531
3773572539
3214419935
811677463
738563474
137478145
3656263529
87700952
158462982
2740681270
3016897810
3076711554
3088919416
3558508883
3057441742
33098821
2793097416
12354252
67313
22059767
275672015
230369293
2780293339
3022869137
3298971943
3093542221
2893220417
3372250527
315363584
118169273
305966798
228169491
624982652
209758351
39373319
25558273
2218676230
2646702475
15708087
285236275
408360989
23060836
1417029553
6742522
51203
968881477
588743
58708498
394263537
3334328123
3221148951
579383414
3624014954
2918134290
3595702213
3390530488
3517113327
387454571
2598812120
102574866
85148926
3413949683
168307572
2230322563
566568438
287148443
1222591610
318072677
2159316834
277679511
343318617
597477212
3410825500
174863477
3420285892
50770484
3092241503
15736267
141817380
24989174
133711286
2387543119
40527958
79327591
326071710
1603409395
3341507662
3382449735
3029688819
110827653
44409004
24929621
65992743
91390383
293722888
92367751
293338829
204356919
1632220008
316559246
64927061
2439761540
3107341863
2737590191
436166281
2262037103
1856007685
25765426
32465053
54622492
265330471
121817564
10644
20421709
14048901
65375759
40200549
181272163
25959629
390874180
816726270
2508814964
2453329165
3207910318
3207833243
3300392182
3170962819
282036435
564892371
123298601
494911156
231160370
19215029
542560605
2958769701
2872266653
3184822988
3301915174
3290199616
3408571647
943809288
2269582830
957613170
1546752504
1881904316
2485818824
2575803794
1320437472
2888880317
2529236236
2247579974
1911592932
3433743994
2822702694
3660396972
1611292741
479977037
254408037
587466829
3425902545
3395200643
718578462
1479405756
3050272787
2809110305
3607485676
82466381
20958216
47
19562228
30364057
3167185666
636663645
7017692
3095496167
3370346247
2734546793
3253973360
3404821067
274310078
2865701934
267486967
5249141
1014175832
1581664704
22724455
22102922
96035972
2322351102
977194783
1012095062
625222717
428687641
536095914
972486200
1611592370
19055698
1630896181
918400152
2329066872
16076032
9172102
13418072
553767994
405667557
560413895
28985686
303535030
223080656
2586997621
823157
25455011
31478464
91028163
27789186
2335340214
306951868
2439239360
3039159118
287516799
2491308128
2837917330
3602764034
2949556588
1710363866
2848543402
2996228985
3024811192
338904857
2953124946
2797500421
2893459035
3398445719
2217071394
3558579682
3008602060
2413318320
2869390008
25298569
69828458
156868293
23394989
46171395
2486866415
19179815
2166902531
498840131
2944352455
55422474
73403618
401246146
14441363
17111322
18957727
112202425
22256558
24599923
138102228
221197397
885594949
467259256
257591704
31455711
102788198
16730372
115211804
82975510
3236748141
234642014
1056979974
3509958677
3351752141
291891039
49897286
386056280
2932812237
29355352
2423847600
3373428629
3437718598
3437684758
120047491
2241053078
3197718996
3401883473
3758123781
3324786172
3299747173
559982670
23448341
90985028
870559302
994048430
1167513991
3302798280
84836543
285374004
313824026
47905347
3300440041
39952934
1345214701
2823700783
3510565698
534467559
92474523
142417624
63257154
847822350
226811244
1606544785
3559595836
263276166
3526468817
3606468916
3319596733
3634716017
3510342678
2419196888
1909831069
2591313524
397495458
94627642
2358314516
3255577147
2177840190
3675848836
3677929721
3315603919
532097952
407121935
322835473
3596619554
2357574149
3305282590
3699558257
233200046
2418276542
240350987
2177172510
260181833
2536647788
601601397
396467777
439555731
2510307568
574823044
139521632
3159215561
486975771
68546410
84224847
262787793
24542218
299946388
20175081
3546279977
1466144107
134459364
21237820
95934971
101847462
1096117159
902200087
16907041
127523111
142419492
106103161
18931036
22305644
24258355
48778278
259468203
160318693
142375993
42035272
2798603106
202235948
2800940459
1274354143
2458392152
1723286234
2186741431
726836514
29322323
3044087416
3051114499
1349082427
2438550574
2934377079
1142991062
923326692
978908012
319006873
3598879277
2870842199
17502009
893657815
276185715
3424768540
1102598053
29525453
23465218
348474838
64544431
118544826
26348991
32964702
25058799
58742042
145191431
19962737
22643713
21187708
1356569509
253008467
137466551
19489855
20241643
923922714
1070755999
2912762537
1093090866
177227365
19552838
100187588
43963184
381144031
25573936
19559323
195857112
19394470
15011089
167711000
23690789
584858348
16005075
1199102480
21706987
24077667
25034454
26108657
26330583
19659503
45786404
38075934
25341001
17751519
30918475
255333548
218346740
63172203
67492926
338850961
154843423
26637297
347676617
18885997
30594306
40838623
65269312
107341668
402464080
21080507
23388804
293840911
18007164
274378907
28943818
280629993
589265038
25287549
21176417
27964284
302975611
38294370
114685387
128472974
210917621
36890809
105971448
284688938
63724071
842951486
21362105
211894963
216887941
235354349
115633811
33443003
397111879
276378679
28897926
49576984
44215023
48672487
1668262098
19899612
27214207
24312063
29442193
403248032
25478547
34988284
355307031
16409683
34507480
512700138
44058027
125873555
29385204
159442367
891794228
48765966
16998020
14942701
1590639318
1657108801
430313116
150517593
34868161
17437511
33893427
23375688
244591207
310463188
40715529
170635357
2300526242
81973413
295595375
255747911
74588940
195183422
24585846
485558954
16212021
2579698790
18177317
113205342
140669654
205302299
245480756
2277219998
33597201
221258652
2830872505
31080039
60444464
16402111
176715779
71174380
64090343
88287364
19512616
182417583
51219631
49184499
305694283
31355401
391186183
325353060
35885940
964126711
1128461923
20952009
243905905
1198406491
43221182
86422542
304150259
21367120
154280902
171682730
1027392638
22479256
20027257
147754032
20783
74993942
34119271
18864841
65120103
22315925
8564902
38638456
69679927
26443701
1492144213
120534622
1688380825
16875176
366010246
16345086
26917714
175666723
45709328
30686649
1584609420
50515656
62849730
1206398228
35041893
45266183
801311472
213478296
558810910
204688509
236699098
21378998
51176964
65250871
215627538
15969172
41417402
313309959
22712989
439650480
2485625708
23741531
2875343207
16306235
98509211
25263082
3034892963
46180524
3496711515
477494260
22993225
413491190
12618872
82137745
38824829
41920509
143192279
75604826
22672822
35764855
117777690
21190743
22034057
276466372
27768726
15683403
1698720008
296562897
1589688012
42152675
15588538
379975303
270101642
20110424
166117623
17095739
378255614
69301017
15316338
454707512
22007555
15119140
12720732
232293208
33199224
144878227
39621588
15925093
148977431
198270108
18837172
19346626
537549672
17358958
15956968
223628594
295418725
14205593
529845393
42614302
257639463
27298790
14236893
61371461
14314214
21507795
71885090
15858942
19508571
22045397
324574333
14199254
44733150
38485467
14296230
322221556
16286199
15028361
15081340
17030081
15931415
15362195
45147758
20951512
162044153
482007354
91667529
370883293
198122867
305591511
371474051
15907661
2788729422
2865772322
2865831535
2792959008
2789401818
2893753783
2893681020
2783172764
2835577512
2665380229
2472814801
2906184297
3252843432
3271302991
3391211373
2429607409
3312174680
3394672275
3150775354
352334808
3146490590
3145075028
3146519660
3146420322
3386517507
3386624110
3648535098
3140507927
3028106369
3042565673
3209067731
3008248193
3297052060
3238762313
3235062442
3127858880
3027934144
3247934235
3151897792
2783193725
3321938794
3307025183
3230174533
3374895904
3297683413
3363057885
3179107577
3119143833
3318049001
3408617429
3495829876
3372473517
3430572827
3426762759
3337776989
3397257867
3275365501
3558442935
2458007178
371202335
2942191264
3141854196
3078135890
2352987595
733726728
3309179996
566481641
207183081
1031249881
1061806008
180968143
532352375
30194981
1292126282
47505648
827163606
950445174
2454433789
132328299
459673595
75287719
528523346
904456501
555263464
724532257
2312771049
2457677490
2152007471
2454419628
3064400474
2439689520
352691921
2418043772
2787620148
2268004967
2566878947
454263006
3238861148
2890663485
2941953302
2898685710
15776381
19036802
15492548
27514562
105018139
33173489
146544079
89485413
91436809
29509534
32855625
50752123
8161232
8005352
246887088
14664315
56706097
36412963
330487743
33816078
210885668
11893122
110423451
280185870
23083434
333528399
36773670
41519790
17167989
1402755582
115626888
14259542
20173682
92379105
19744978
28351506
95056028
21588879
59708490
45919773
64561546
25402789
17540047
23434186
50775482
15904969
19782093
29247964
23396761
109660695
48399528
24263801
34097876
464183439
185314895
123639602
409283525
22792475
321970500
266575711
368059521
369487432
93612999
167123941
21008090
458643767
274136212
246141846
17781673
93874520
22160489
50776289
29328707
155792265
185497496
15065363
105918870
317461864
244373575
16614021
582045795
166801505
18771176
185809250
32922642
120516197
20025220
14858856
14097091
73200912
20596362
27750153
15473413
14334336
142770646
19743953
22497310
21187877
1328237184
79046668
164776742
39730769
20441228
8007552
15148976
20705963
59949396
55071410
2785324021
270129342
1513873447
979156645
82085836
42618378
727480244
3112751157
3435183964
3254735007
721241072
3247630020
1661261479
64770107
615496495
364942937
757829983
3416252927
107837944
21212087
50534000
1051953686
3428026809
709340950
3317702364
1022441029
1311995658
1372189728
571856883
2329700609
1046755602
3547807699
3303965365
3753732621
3226180434
1561420190
2374553308
1465501562
2973213202
2695455798
3089076538
3042377254
3019477366
3044578523
3005124059
2760321443
2560457474
599524686
551709308
1172330334
819577015
213088678
1869105642
2284184089
2458134986
1039857115
1276184839
2430296124
187156221
1356800245
1145997344
1075918729
778952594
1158637123
2354264485
1072497133
3219100160
3339347471
3371983449
46038355
2970429202
3179236377
2842523630
3043411441
3039168353
3047870908
3047743289
3039127378
3012659914
3012676600
2989707616
2989696883
2969604611
2475117871
2358302612
3049448921
3158012843
3410102115
376084496
3263269060
3351753143
3381933567
3085924171
20565284
2275606783
1570141640
40343281
428368815
2984893510
3611117653
3295451235
2307396114
3407395625
3229416089
3069034251
3475606997
3402418053
3261075042
115265242
606759929
2217568975
2915451450
3351861317
16966831
3036820873
2839316076
3038213838
3029740689
806795952
2351868176
2400494012
1052226902
426028848
476583587
797947813
2411781454
2524169334
1656089574
1467483620
918439164
1688283181
1625646488
2493760398
1009131270
2206747980
2267399188
835761277
1966595846
2310726422
2613159499
2168428928
934160443
1735498897
912923090
352999787
2217237618
2597285070
2264743850
3049878870
1599805554
2426812423
3270823470
2536671012
2328847350
2490104443
3124403627
2358190172
2574590785
2711674850
2945537725
3299884174
3300741712
2688147031
1520911604
2419601845
3360891533
82922905
3388401082
3297043271
3382422034
3379626989
3382288019
465676951
3642350414
3225795111
3225788001
1528231656
3419004875
15823646
3312845023
3312836107
3032282025
15398071
3514915877
3623148496
3534550094
2795023010
3081376910
3437160789
3515926880
3300287220
3482085506
3225021914
3131739890
3284259282
3499721056
3537607454
3547060407
3591035838
3444370944
3171752024
3603384972
3469426280
3609055034
425814891
2907450853
3308528870
3257325230
3227959272
2985028513
3476299992
2945053801
1251722869
3622748533
3599802918
3319568990
3252444774
3252821053
3478235413
2999418282
3443265853
3628078272
3571743859
3150585348
1152999884
2552698518
1466954713
2589721442
3356447892
3621074478
3606211993
3636612800
3416033445
3386620768
2579585262
3419042332
3231438669
3171324338
3175761642
3322636906
383752004
3364364236
3065660945
2289092282
135977853
25326324
69755180
2244157579
3295852362
3433566610
3548517792
1061031457
3288339702
3376390143
3571782983
509066534
297782101
3310124772
3595210392
2942674898
359509980
3580620441
3416420368
3312830557
3415092430
3419134438
3006980565
81188543
46871334
587644371
1542497635
3305307678
3251630388
3345731654
3536937377
3536421375
625785425
718927286
3228756834
2797477714
831802152
2573730264
814751894
817528088
576398367
3719406136
261608215
3719645487
262923065
2351897400
2649683395
59077407
1959914028
1452900042
1545325728
1279217534
1150266702
1321945656
857606107
15075881
658493
19048532
592958970
1113265987
568433423
2368052501
2422700730
1334889962
210736674
623421332
1538512826
1931067614
1710202104
2232267262
380611051
839230752
1066499760
3058635702
3196081712
2156675325
297302006
2274691870
2848949950
3087022267
2994866831
3416299109
2454404988
3041163732
3029592437
2790247268
2969346717
2469949081
3083883231
33221049
348006242
1488647365
270728353
3618601699
2413354872
3416231531
3180398782
3173991405
3177424131
3386601251
84834413
2519177159
374268208
895808521
1068701534
2175327555
985797488
3236687810
2382653492
37122929
262910683
284553397
269579568
813689107
954615343
2836611184
1138844066
3461535072
2497685372
2326427120
2298775656
1620369409
2554187180
2714436740
2459282435
2615039484
2517207596
2825575553
11035782
3273207955
3666540857
2507128255
2812209965
2854879723
2821414083
2841573135
1974267450
2708333767
2891328522
2567022519
2868468657
2187203234
2921112288
2892460759
2871802666
2823622043
2869717503
2925077533
2865062764
15272110
16248319
34282709
210983801
235076888
187266073
80154355
204138642
114542556
561878688
598395430
69734136
2875503365
118718075
429680758
2882099005
2866340709
883673886
217465662
3054137032
1657272721
1461410630
3057833536
52243993
197224205
29573746
199851289
1022127404
27814665
6708952
32718488
34174995
3178380925
15635960
1851448399
52613032
763699
15891430
1469792372
104513715
19024823
1206780888
485109912
28017855
3074663506
90648432
2850359975
23280870
2216960755
38234449
3299955325
18327902
14367669
1895518519
44473103
2464839068
3300601334
182090327
481943972
32915744
61377830
363507044
1614787584
35735374
632597076
1614625358
112319811
71178758
3223645146
20531263
111698545
16425994
302178940
41418219
17817441
287361194
549575115
207355106
2546572134
2220361058
21169365
18043014
1684963874
350745338
41341812
2209019172
2209013622
29111056
161555194
2209030094
2445161964
2957823813
2416118265
3263265082
3580713615
3300382659
181911888
50002066
2722458594
341560678
767396
422270532
2728026813
27287937
1710165894
14769374
36671987
801847027
17563188
738777890
3196890440
2379700903
588559501
27413705
17402349
256628776
2817095520
1308455894
3003985168
2879904875
2977116172
3220396363
2835739205
3291469007
453900714
551177934
34572451
3580346652
19225408
575492930
141052723
28412286
166739404
62513246
2436389418
69938206
4265731
74130577
287912664
2288655295
40366824
37796764
116369099
2477760932
759126
9323752
3638351
1038397974
14215375
15693493
2161291
479832482
393960215
62572891
161694182
73115155
73111909
150675982
249757404
475826525
246810383
3411861310
3044822860
27201009
27368199
24608909
20833944
19213080
380166267
3313813466
1901468670
3588635597
389656623
9158962
729778639
362504061
15505559
366734571
19129770
2476893354
523889053
2326803913
2227107374
9207632
54665669
2483062442
27466653
3139890122
18565988
46832898
17674486
22843337
5668942
24941044
16261707
312789382
46023
485187061
55137824
19016024
318335269
344339080
33638476
126776391
241893323
162006072
470427907
170254080
54619276
84623395
22851500
109550308
18567754
21576543
17076885
19563438
25921434
208725869
76165584
7433772
22659609
2303771208
14642495
23462787
16472748
125227123
171708077
25960577
15638834
119625403
27720562
15524875
962394086
3287780882
9698012
242424376
16378093
140145169
74543
36143173
30253617
17136658
2307499940
255100029
23441644
138683051
317302364
24602045
77487918
322818771
9395832
37294647
15469101
15293504
17264476
19556080
17547646
1464874562
93547212
414195584
519528310
2363385547
15862891
11178902
3290254473
1515845250
5531542
388426142
17912169
15883042
765548
11041
15962190
35214040
181405736
55588874
297697218
25803806
20346444
500716343
124579015
901092248
1306780086
3108351
326507914
1247502242
3116016040
18994034
15109611
297688038
1436829577
23544596
409536938
1631077226
515925766
973087261
308631257
34002725
37501003
18492970
14853258
622609966
3337321998
1395912391
31986700
69671186
596102203
109928811
37584290
195478230
26895943
633485518
53789862
15950681
23116280
572225652
23818581
1344951
759786534
86120638
3048723250
236299739
353789193
515361532
52821137
39507511
14447131
2208027565
28819793
18851248
19605981
8719302
386270039
119082909
265235953
51441382
11348282
20536157
2142731
86390214
240685830
14075928
33696409
41287144
1726074810
3044665445
28542415
266116717
360775122
355428046
2884807533
14133456
16039495
214708464
1219904754
277188235
541042800
37694419
16893742
14185390
14710129
8834882
14137929
7357742
16689804
30331404
395978320
561690077
316389142
1420612100
268516461
163457790
311821810
352947624
185130759
41165063
13837292
6385432
14149971
816653
245491293
392560474
37570179
657863
652193
1668
41380155
9866582
14239785
20263710
50393960
10711
989
423094645
5965332
2857721
898371
10454572
278401829
190489871
5968272
14749070
16242081
14562935
4653371
6204
14647871
20744885
808627
770729
785691
14207787
14225267
16026783
13198
7456262
10476462
15319103
295
9203182
11417802
5251831
3439831
3840
18748058
17230461
2195241
14335498
397673792
14100237
2732724469
1636590253
378223565
954128906
2469089382
6331462
14141288
2236517244
33846451
24775410
64844802
43976252
104286459
14653404
92580704
59166197
15029970
17118441
185358059
185808487
22747624
28337263
7900962
16686144
419710142
2408289002
5943622
18233963
184543773
2881135503
25145734
18063381
427953785
216202215
5252591
47539748
42226885
322904764
17732182
3814521
1120060034
889826593
2829401
16402446
14541402
1558262292
15395928
132518463
2400261
570169301
1236101
14471545
14474225
6535212
22537992
262130711
493451679
6141832
172367056
14417215
4939401
44771048
17872737
9151842
15948437
5520332
12626542
164929952
1316390684
14489844
16407251
586
6145622
2730791
14052731
16333843
202886242
16412099
5418912
2890961
23289019
1226079325
14081052
745273
769254
14207078
5561202
234765685
108106762
21640115
20751203
5502392
14372143
14561327
5215
12901712
14807037
16717239
28917111
811350
11768582
116988614
954590804
183749519
8095292
1605
1666038950
44196397
9729502
1081
2529971
113130846
914061
