17381587
17919972
18839785
57879889
2911542391
268414482
20322929
111615736
703442809
366947884
18354016
358814014
807095
27260086
66334209
30973
53555106
53556894
3046063183
35936474
26565946
120990817
2162828538
791247872
70931004
3047009035
157140968
14230524
399649487
56913467
1176135546
16303106
23083404
113850517
59440681
23375688
57998991
2945342070
92726549
107318424
95023423
3064249665
90420314
290367125
23617610
32959253
759251
56761423
35695228
129786468
17471979
236699098
15639696
3045992562
115485051
10228272
53790896
2306003400
317034396
68399705
108936259
87174678
3301523154
118024094
169686021
950165300
123774113
19426551
19923144
166739404
3047297652
14677919
14920785
23151437
558799668
79293791
3019947727
34507480
116362700
285006693
97611573
1650265518
20414217
37432134
35927341
