428333
14677919
3026603044
317888472
1671358760
394145586
17162681
209690104
4056312088
623354878
68819587
315550782
429764372
4042311321
2852564233
3785776953
1086485478
3599333848
543940979
3131067791
124496546
2854764770
3166256861
728348077
275686563
393669159
18635896
2809339546
3087986562
1703499732
1446460165
91377196
322518423
41164653
197270189
331242688
216239752
92148995
147277290
2900426395
1475207178
199151761
16651784
153605483
207852623
881671998
1666315513
29556177
213009133
395149823
1264788474
2805900045
151635175
1308677785
211557347
2212678859
1020807216
1263557930
2314076370
73272338
2302334768
299160521
297986002
292513563
3303293865
2870078111
20962674
45564482
343547084
211810106
384061421
3290484347
1542533869
369318602
101112894
958156806
2774322912
174415544
607727322
927285830
1440641
15057943
1660767540
2431982715
274388094
966091454
17471979
36184220
117662694
15485441
3117335656
825558378
40128666
405801044
1649633971
298638577
1605162733
996584587
252942032
159342762
159942357
554097029
197216660
133011973
959809524
141052723
266766614
279774634
1573823401
87327779
164382686
2328293677
2334250087
182069663
2529310201
834702151
551149727
1251417968
2981741320
201162979
2908698431
227626917
393488321
309801380
207426991
2649991
322131346
2799397595
364113731
249333115
104390348
18905134
2863906475
79333340
59250300
295416119
114685387
99575207
161057565
92362151
2177420990
1438162062
259379883
65992743
1671864583
1149386466
974198634
2826875982
243442402
1525325737
17915689
1323404239
555548903
1674657000
134164413
901108766
131280052
259442360
93210731
413500978
68749116
141244210
1259722740
626961049
144889418
435882815
1629554263
298791447
1681431577
436292177
153694176
1295468245
34507480
492399548
2710715024
16193578
198002829
37718134
28384755
321517519
2681059892
847965206
2515364750
612043406
8859962
2727553743
29756339
130991061
105715305
109303622
33597201
21219827
1284502656
1416289596
113771891
18776605
1400837108
270429824
323634172
542938447
2615734079
155745396
598919816
53988652
104680919
281663628
897983526
204832963
2553106340
2254246614
307106191
2440603398
918346674
212746249
1215711409
2358954115
341842038
507602668
19211048
14289603
62816265
19639085
14362241
568191887
147305691
1475173302
588730194
1929859471
175205560
14230524
2275377889
56215190
281228834
1080238298
173663001
2279616793
842905494
1107691728
624953558
321970500
456487362
17584594
2151727784
330615547
85603854
316278473
295397808
2264584590
47786101
1092777318
32155861
51167565
24058779
2411488800
2383818715
2421008761
213350034
282869398
2313227480
2285622972
126858015
1321799126
355307031
221964726
26086106
251873156
176224244
494613523
48370893
118878805
154692148
37890617
818347754
456371141
1302010249
133880286
15846407
27711339
1356953600
327504937
1014234751
18603267
2201635304
403424204
843112550
2341180152
42434332
33264316
273028600
2159386112
40458187
115711568
335010693
865225184
216534002
346004242
1083773101
217493607
592945704
1589871427
1621543698
600745119
167949084
309278500
241789496
1598644159
166016063
12256412
262951508
801281178
189151324
69036102
183825928
117225069
117191333
98611954
1716384152
129551970
286294275
1634025480
622725353
250205792
116885308
185778747
139727749
60954521
169620409
513406896
2150020670
1478351612
96315566
1640750240
1497199687
374566794
1072626240
266564121
149180394
45266183
1353479845
2193588057
596344490
228721395
66339576
250459741
59459041
296252870
1073159618
578324390
1399946450
289538947
139399835
316728831
1978472552
390535455
202974775
186488607
101278983
1478373300
976232389
354508293
1092496831
108959253
376799037
481481908
362511277
313546757
304765568
46558543
197301350
348058612
125188360
728472848
199397722
805670130
101895924
556944013
588705005
131102007
62574871
271571610
149760844
229614044
401174171
745153106
188192164
756219714
1858497169
393822894
6135622
170452033
856396950
146152880
1096488703
1443609176
66436490
142371311
1447535030
119942655
204991097
274626126
292352078
328058903
102236961
487736815
439633315
849989623
746935735
842267617
43042353
357745499
297787123
147020852
307491395
1118127355
1573196316
1496545076
1535952619
321426038
214906550
1574297772
115860392
525821517
130734452
268414482
17919972
235190946
407880976
208549243
95373836
515869169
32163450
586671909
127685143
1321855856
270109821
27991073
320297405
635042867
107875099
59044608
281223434
286754859
298027175
255335896
1470126042
312784108
309691660
318421488
79293791
141620902
83668975
205359178
393854011
619719687
21570364
261688365
1037474064
902545394
43848721
96996213
30313925
1428762116
156587993
64312228
382831160
310915721
194308216
167874798
1005719437
56800690
257799442
73020486
1426824926
942438512
272188801
175748150
202896627
20609518
452678207
101978972
335957195
40086862
239819612
296623811
344233099
270455684
153686381
236490498
603134648
215848087
64268665
140048972
217188308
464863353
101928415
23613479
236699098
206724138
235020494
56805140
362565198
216192874
848032362
333716372
146197092
192650066
266791973
488751763
277606825
1318150950
185344640
539346121
819867930
129106891
573380760
864009686
1216673053
221452291
56006912
1322319715
38711366
1304364530
28245852
749952350
1381947404
284441324
18429921
807095
1344951
5988062
722886500
116351908
568782846
168033508
125786481
447304206
409503871
134995285
197273728
1349082427
520547420
1352323026
47491330
264136018
1327445778
282339186
476234589
62988756
1093565454
1245272185
303533210
581033983
594809273
1399071
221197757
334265991
73308650
45786304
989429790
96013710
1240388840
978908012
100731315
247425732
250083579
600196323
264257750
209780362
533832747
427784869
626676939
77352234
287671587
180505807
759251
450982091
157140968
821818580
173727516
145300180
424413993
312169738
419893737
89423854
418205370
184496693
933168330
189397304
315951613
282245759
305321376
27022925
587748025
533649260
1242797899
287377727
158052160
258149397
267433110
837982392
127873874
273692315
205339205
342349953
264508778
27158041
1180286202
799330585
112352758
348379865
57393165
248951046
318650539
130613344
132175413
69099918
351880033
1087729495
335534204
610449351
1126115670
268537287
24929621
171313205
974011206
252903539
193801813
53448539
300007772
1077525259
1101818918
250693547
910922814
166739404
136627335
225623233
115501649
21414413
324772772
947150246
500704345
961305608
337836372
202282454
409863961
30559072
473469791
67633000
206495217
266682175
964807207
16548023
902372112
625903621
50476895
214148314
229894057
25087685
834671893
219170526
242432171
924122882
21246105
808401974
234447652
413487212
210938747
372274189
904796011
558138796
242097413
66136177
204886691
607651006
102236304
172532587
16409683
27778893
72568426
78021221
32174284
203727246
573359320
11859152
102575817
244246623
52107950
373067876
36601355
276974807
14934818
118857505
50627903
24190981
136361303
27844479
44084633
16913418
188103460
902481463
23375688
933115778
241747585
407846971
63610237
411856550
331613539
96039232
218626985
243711677
40148479
402628992
15889484
24445358
531655941
241282547
33714483
403650532
390620772
40255499
591182426
48772579
589614651
21024411
326359913
495233158
712912196
52868714
30984720
5056421
19950643
395281313
54325663
464079285
209675212
16589206
155258581
612449478
48872070
77792947
280112107
637043821
605651289
408662592
754430562
87910013
93517067
615445789
767540018
308113611
213182194
734987454
754548607
27476141
294972930
31141686
124959666
73443014
415940135
98958232
69542069
260852470
32183137
133914960
124818259
281497546
262514185
313091751
410203574
360959237
30098421
627241745
195604347
20696985
339707323
32959253
485207048
286988425
615214819
251922978
325451111
518271400
449493360
446730561
21111883
280367592
341836189
156336419
25365536
514960677
346280237
627743766
276559746
392093604
275415306
513537091
13778792
173590254
358317485
58085739
588627073
456779186
143257853
335999276
543128435
40737325
116710152
237969760
580725281
479809444
18825961
46191548
163589918
5520952
215537170
34752219
181561712
266752236
52959490
112477265
81918375
27909036
462818229
127245578
159333805
222914444
177266884
375271807
151711404
184910040
35035118
186471345
345811633
289751194
125492611
74712538
82405954
94501790
275628660
85452649
238807707
149159465
107594343
126400767
197511162
197989671
67991216
137851965
240336710
360351939
58528137
356680207
180254241
152104242
63001759
289398887
137034509
244730854
285132695
108908254
160817572
97248575
181357871
160966885
56039780
202746278
186557332
205763496
162107268
95715393
95217117
251427681
17681513
123940702
79688612
221617027
197930493
16870682
14333756
31369541
115516167
265440226
108488345
28638191
279351537
22179997
248103859
233430873
71629164
254244241
2883841
40101400
34464376
23733354
35727881
58233603
219824269
57679570
27853704
42722887
54957102
35179817
22430384
21702363
104302816
22412376
23976386
27260086
18863815
56783491
104288093
104249727
