253592290
176224244
493249666
147230590
412948496
30974408
121678178
341102954
126370504
316208515
111906894
618336955
175605389
204887235
264107729
197224205
221197757
403245020
173727516
332788870
403246803
169719009
89423854
439125710
131962317
296723507
403255314
137478201
312230865
176566242
139399835
149760844
84279963
55728361
257799442
181561712
148760908
227626917
105119490
321445166
131102007
158314798
237634998
1463880866
209708391
337502808
2266343932
1476280970
66339576
2313227480
1324765802
525312787
1681324362
343547084
615214819
3827942476
182503471
224020465
21866939
158426909
26207922
4207961
87416722
46627530
38271276
7587032
9229672
23839835
34655603
16715398
2329066872
16887175
16299627
16076032
15438913
15864446
16589206
102707504
9763482
16935292
6107422
17469289
1947301
16955991
16973333
16664681
15164565
16343974
1877831
35773039
14138785
2097571
788524
14677919
6017542
87818409
2884771
1652541
14293310
5988062
51241574
34713362
5402612
807095
3108351
742143
2467791
1367531
428333
15754281
15012486
759251
14173315
410582796
1187647735
26506952
459484724
84431425
546825941
161071708
93928859
15934328
613889837
270572725
437346656
18413914
215103550
759744626
463377692
601617485
946276392
69175584
21828301
900695130
113647310
373751001
37808254
38058670
810160478
924229381
15831360
94669891
17332386
634631943
17824560
22664094
381809733
81505840
68387415
488738722
54204575
22832241
124332244
15521520
175757261
898556900
30026404
94919897
212751075
22691261
14537303
15583174
22836244
10814422
22990521
18997715
423662810
2883324256
2301573020
30870308
39550144
2537647023
2632284821
132708764
230964004
140249027
273590718
149199765
365465681
464364182
50865223
2786666684
179990848
593370001
1691502835
33600887
36681590
9130702
27027979
14692385
17409240
27114180
31310158
19611483
16129106
54885400
106597684
2964806427
2357966385
1173397296
1538146620
981057535
207800544
318181107
278870414
719122890
466091753
1038523015
2423728750
293774324
553550168
377700822
517978264
1109987857
1325396022
1109902279
49038639
87851549
1611911845
337822931
347015860
437889534
605051381
1570853341
39358172
1478986855
700297814
1223501545
2885563731
2909496728
2830769585
586671909
2385749072
2255359261
552011578
551149727
1003794630
1264788474
2316421386
233930436
2302139671
103375058
14117843
2223500513
598919816
988162135
2579178439
2214392502
251873156
2771414255
207426991
2761531445
1373368608
439798423
158263856
944078305
1958569866
950845970
33407824
472967330
64019328
127245578
390860562
126990459
206052014
269661382
221452291
73593143
43042353
462487731
843112550
300392950
2192651941
2223592103
2250859872
2149434372
1435811695
1368631706
54360288
288215711
634714422
365953260
1582853809
1132090693
555928038
754585519
203021499
487843424
1400837108
984113971
1355337206
907355191
323634172
156073229
500283839
1337621690
2165402733
426709774
600277246
521593942
175452679
1028823049
95023423
1304166198
1319755279
705685133
525821517
142371311
487736815
309746725
525060895
629097517
524962944
849805856
434545375
355741893
1385526308
48497136
1362966576
1465829376
498961017
23065354
476234589
272189706
1466150762
1140197778
1468954093
743747280
401070829
297380639
739843554
568656579
1869088638
910828603
48116875
22747276
37792861
22562425
404267934
1668179906
560847252
86299396
1193239746
1130972942
1458822224
1438398324
1166296058
290219362
614588868
842121817
455416536
580297711
940386733
1255827014
1055411868
57706478
502415615
619343996
1225348188
586949693
586072160
294949358
337549940
1007827645
1373003360
1166991042
1213969598
353396797
1445052602
1129737534
1195523832
1336660028
329459133
14622632
23083404
