863116550
42493191
3032867583
285198536
45845303
5392522
16649502
323368841
90420314
51746735
1705210375
1258396118
3897167292
2959681421
17919972
182433311
807095
150838659
236699098
15427776
101610772
26792275
115485051
14345759
15701942
46503530
3664709956
18938912
16017475
338003857
33897988
15309804
62891848
15846407
20322929
113420831
184776842
18085974
1339835893
333515191
2424051048
9624742
268414482
2467791
119757545
25521487
26565946
25365536
29524454
2557521
497493311
15295015
17006157
114751867
20257611
813286
849931771
68697725
3007164460
871865545
175422389
3354045604
23151437
16396588
32959253
23083404
267726491
15485441
21315320
21447363
26257166
18622869
48470350
67060591
19632071
27195114
1917731
79295885
2555515850
579481252
9300262
138167222
19987060
79293791
52799854
17695692
59322911
2347049341
14238142
21829541
1522468057
2572549216
14677919
255275180
14437161
428333
126742384
112877491
355625639
19426551
66370925
247340773
156841560
24494173
480381794
48779464
35773039
169686021
16712473
22161563
27260086
154341847
553834895
1374901009
14920785
4144706883
138103050
5988062
1956514321
28720731
34996738
247105139
