68198287
14677919
247900783
1286402402
75978025
288188179
2522833478
114467184
244912194
2502048182
393093749
275124375
308762281
167172284
540287170
24900543
36480971
26238633
125203603
488600986
1352212645
3678753976
2717113862
187486308
45020983
14118808
100644325
2431228916
541212035
27195114
155521601
2949131574
211688176
171246812
1974562728
14589511
5402612
51241574
5392522
14062180
149180925
2319108198
2704777000
44196397
529274237
1229525312
2180006766
18494593
1652621341
282757653
3222583198
76741852
222913419
289427430
3263870164
57623265
3397802631
3038865981
602409897
19724884
18937505
553195323
25246760
2770831770
1971644768
50316426
3306620728
395049327
704126497
1582853809
14636422
65339456
3611282967
3582663203
14202088
3540513685
3426996629
2710417147
3131171801
82097756
3194663163
22175689
239754365
2858688867
3554709316
2729013035
47646874
429777601
131171033
3258034487
3200835652
3533979136
78054205
797895740
21879024
100376314
22276054
328292102
19058681
104621139
1179775526
3421957570
15572720
2986955835
394095351
310463188
2314423496
3232930770
45167357
636923268
324727211
772232
67119119
13118592
77441295
14060328
594973574
1408457989
587788351
24874596
189329074
277007712
269859235
2577278048
2805160112
38015980
18229605
1976485832
20588973
13403022
472276084
120273022
3325727253
3295761809
241730145
2863273738
1950270936
2985547049
321045403
1880336552
2153241420
19289750
42204222
838456964
3241870594
57624587
17356006
2891194066
24272549
315350641
85289395
372000429
369129034
3172404226
14470579
380476118
552639032
3216271
25902722
96419755
3254877532
100188425
3252823527
162936249
1564177926
27636051
414920391
1399663716
295203062
118963766
2726282346
20427739
1433117083
55117855
3117751725
55543193
104314672
3192395434
3150138292
1692013051
3092440133
1103537240
851550769
930879703
581748561
314568279
2577278713
249111361
25365536
1405354628
3038879669
1254245035
3096792915
3091688061
431203527
88306774
191839926
14582672
20020437
3023617815
300978086
413209468
112247046
262787311
74174047
3065992876
2976410875
2856825496
2989639648
93265125
275761735
2335343376
2858916887
480469439
705765823
1384764216
3022216001
2280448069
2989770406
89781028
3022290341
64011098
2373001862
9313022
2873777835
407644754
515425995
3000254161
82509608
2975159711
543620599
102924989
102191696
555405498
14283643
1469990245
292354838
2540826731
2414706632
2326704769
544135561
68642540
23734603
39083592
271398350
337334850
2656490798
281067990
2564202830
104437775
2615242520
169686021
1141367503
2876314192
2858894962
834876829
230759450
2382218570
864940608
158845978
2822641421
22319780
2270641142
281488996
2794597241
74256757
24521206
63705881
16098057
1143395144
2770503226
236172825
2338495553
871741
14341733
2455940870
2747560178
2749503181
32372198
26744401
67682450
1364591533
33586109
2764159508
2747491730
2219697919
16741846
265998091
2602080438
36171979
544722974
2611630879
2252265750
2696861053
2728964919
266852619
23858494
47359335
44481223
5805552
20478741
2663883871
952445094
2610612768
20423679
2590199534
378290652
2480781552
40778042
600617908
120881958
2411765767
2583028811
23147225
555509364
232194345
2539769550
29225148
13345012
2529654775
2527959841
34886346
20485426
2482764864
1967376390
288283163
2542826757
2534501115
504523061
271126736
14122034
23629347
140118545
14169482
201709369
2364306739
305167375
1264496858
2458085556
1598644159
1428833322
20442519
482036048
1081562149
1573649600
930081062
245994671
2417675809
2414669581
77980712
13432812
18578408
2391122725
1119962424
461313120
355819667
878075754
343660886
553713584
89776224
304395881
80155031
186712060
1488108014
41459164
337230374
25734651
20005094
7367002
414135758
2153686741
76179104
2350494480
1926846440
100405465
20769581
315783479
564458651
206848081
17952989
22036606
2227022306
1445986392
369510641
1093204890
387860280
2313506299
494699660
399444662
191737201
354866536
276651844
300857001
512594381
380659749
87508418
24192697
21759987
716633
1548605216
760393562
303217668
2230205636
1068351480
1447558507
3895021
322241681
74004948
1924865485
1475187678
357474420
1863743804
929577559
1356765919
212777643
25544616
1628877020
79545698
474903373
1277826408
842224346
38247461
18543137
14411890
22984150
15237692
577122430
576508614
20247104
1417749044
28870340
19637098
415499093
33644712
1360765093
96672477
296194809
757400857
28891752
17895054
90662563
210817040
287769579
276648788
13330262
25580085
972651
1142398676
183571232
701233
171602013
306025835
588240543
137051703
18314235
470666515
855669025
66195538
44872380
346881278
28301609
169478200
559675462
15814350
208433481
867746646
204832963
630521377
54566850
404642696
125463740
261931245
19388199
22280717
56985417
200559673
21543045
235272659
300792428
322184756
333696244
115631006
90472066
322887641
278516788
237756595
29212999
28909335
305629233
296560092
92391483
270909440
695073
277196908
27633828
235527851
83464448
29493609
22809042
72312309
304395437
25724330
613873
294341436
36568064
214394957
93716330
292228413
21014301
28664411
269312132
25124505
147972000
16738375
231788391
225332796
70449935
163860807
87691885
5464192
90318466
41820534
19567206
216863684
173185723
87484686
171712419
22801537
22122112
6430182
22048797
68834223
110171157
135429984
27668050
18761215
16795907
25264982
23818581
17873357
61229095
105220416
64269190
65483691
42738465
47105360
14183884
772572
18835029
22012028
21739799
18244379
19925410
