5392522
14677919
2467791
21134190
50660724
58732927
17507250
31126587
219003524
16963843
34738867
54978190
18467630
1650368761
2342049092
19113374
28370738
1067042330
292730788
27539007
129802371
1365991
18255763
365669588
96143695
16844294
20120026
61068514
15311668
507586336
100628886
363751882
39601873
1388049019
7568622
170295901
68759486
195598638
21060995
2269392931
41918680
40567344
20091908
59264384
27783515
60711517
161390417
179203071
519874842
16614829
177688842
41506199
1427891330
48524480
14472984
15778974
3004096129
2319428268
7132042
15236703
62973449
19558817
19635990
532236739
11154172
25152415
2788406077
20487008
15697358
14342173
24795813
20532076
2707904532
19803869
17964728
151496658
12669102
63797902
26576259
57376486
142503208
47116136
1077565879
16160593
2377588466
10425332
22648778
13350362
25589776
184976818
16312576
19025115
11424582
185712440
87273337
15429595
24877602
16541046
2732294527
2685359325
123597375
446443786
1470226736
4081481
210684204
46730166
14603642
16810513
16301642
53120768
28633072
318510630
426845762
18004919
24990158
28266838
376852722
38065786
23751864
323587298
17525171
233662017
43053652
2995061
26257166
101928880
408670473
284871247
1000467072
26583027
26059066
65528177
13213122
442907124
432872133
28583238
219109954
31451583
66526410
923531828
106261502
1072695750
20685061
20455625
35773039
241964676
20405697
18137735
21701757
45564482
341717260
267088828
16976927
47548777
59815702
33769830
15164565
807095
95431448
51241574
2557521
196318875
423035618
