170955249
3188849143
2732097813
28785486
20710809
21254264
19562228
29730065
14230524
15131310
17629860
26589987
90420314
326359913
91478624
5162861
19927627
109702885
10671602
807095
14159148
427475002
17919972
49061402
21447363
15846407
23151437
43192807
8161232
27260086
14677919
30313925
16193578
23083404
63485337
23544596
6480682
1434251
624413
15485441
1367531
36782022
300392950
30278532
436266454
30973
586198217
16228398
136361303
759251
939091
24742040
166928030
155927976
788287705
14872237
50393960
124450567
1337785291
321888741
22910295
29479000
155659213
