51241574
14677919
14075928
2916305152
46791411
2227695199
3170506069
1150380950
581992748
3314049314
2238071239
75528474
3305945622
30313925
2959553484
2958823663
963558768
180463340
2364546846
239760107
10228272
16548023
1582341876
370096947
47786101
1974984006
16589206
21369740
266714730
65851020
18861574
2495825948
1008846624
51384039
244469285
602201627
237845487
2842587479
2765974980
14353466
274651688
2430953726
515644027
187428929
345588852
766563360
507877542
24202701
434130489
72644483
2237652775
41364508
64031215
2160531148
454791573
1855517916
23002923
634714422
2442381762
14626334
443215941
260705412
44595330
902534288
596177884
19725644
70652594
376675937
372677761
401471773
1475013896
28515858
204832963
139295703
1726006819
102957248
38479920
262605583
108252113
19064614
16865096
18872373
223796444
65473357
37872206
61755650
200977317
94775494
468479147
561335546
42573217
14120922
22460831
704770764
198265624
359825204
43434364
556209433
67577895
156916860
552782821
57640570
126206850
