26257166
16212685
561527722
105700368
24179879
3029180871
19923144
14677919
17266725
9624742
113420831
16949344
19674502
38489678
15007149
25950355
357606935
233364902
259446226
1339835893
2317351705
970207298
29442313
216776631
3623016797
3396171131
3438575710
478547302
1093090866
1536791610
3236616918
3161468693
3145273889
3096797317
3098222254
1377268033
325830217
1281405877
16789970
757303975
542583734
108384285
139556944
310427634
344634424
14123683
71975446
89881942
89447929
107534649
18778840
105293348
138625631
91388229
1524557191
385501481
516745054
2555393190
2511477648
81604092
176902862
355233242
23375888
282541174
883512542
272785838
440256986
275830188
25669017
49568704
23884517
26053643
2371206734
62513246
166739404
89503894
59949396
149590738
22757990
30822306
31102690
331789686
1769551
15587500
17442457
14592723
15730467
16190898
346993504
16689804
807095
15164565
274816568
41555830
39651945
15846407
767477616
532214911
103058867
114455333
284508936
27122310
247387552
14293310
15224867
30313925
18170896
210023869
16886724
26593416
33058370
304809050
48789384
47035609
48463575
48462373
35936474
27195114
35982046
23151437
50811932
14939981
428333
1059194370
26895879
2557521
329514189
28897926
138600717
24807616
75974281
133880286
255747911
75892358
78395235
2327860633
2334125394
16115455
53643297
211050464
45892981
37823344
38688377
27698202
101928415
1484787162
879161563
21898041
621543
27922157
42651647
22708797
14499829
13787352
28160998
22019881
212068210
42693366
293775586
18377205
2220842754
80629849
918016094
146180704
286178925
14348785
126183951
424591878
2231579502
216299334
49450929
137112281
331772881
562381032
256573865
222565407
36072985
126417528
23544596
120068116
245992215
49573859
149993274
21506437
25521487
3745781
500436115
29360150
16228398
248900032
72878707
152571462
29307276
284089166
1330457336
280686562
336851417
155705264
18776605
22412376
19356156
238673414
433593543
611066812
104063340
94005676
365822838
254611729
36111903
225539878
35348026
27711685
235375947
30364057
29312953
100220864
30065770
158414847
6539592
32959253
17169320
23083404
16812787
42384760
26565946
155659213
53853197
20221159
28669612
162869667
42562446
120943272
30512893
150846769
34430522
217160945
232438705
66816759
317370751
139930250
19028953
93258187
36879358
8161232
21148293
19058681
54220012
12611642
17242874
101311381
16423109
36412963
85289376
14755492
14055301
15433693
50393960
17471979
15947602
23967554
6480682
54682125
115485051
15485441
22685200
20109973
16303106
5988062
813286
17220934
17461978
34296189
85633543
38710678
127782017
29479000
32765534
60865434
33995409
30793542
13838562
26589987
27115071
