59825461
14677919
2836421
83787998
6017542
50839570
119623241
18355910
28785486
51241574
14173315
759251
2825840167
16600625
45175883
65000714
2355856952
2290566313
122376251
3107866032
91946403
41735670
172552337
164509454
110936556
279948669
155822105
2426069072
57300500
459900029
21503858
150046494
62513246
35689802
166739404
381961872
2461887810
35101859
2920618489
203083495
1649633971
237634998
18213483
515838635
16973333
148517828
16153562
14499829
14700316
69231187
33933259
361671391
199110089
227626917
14159148
87818409
14293310
5402612
296623811
742143
125227315
1693423315
95372258
2294029646
187616691
361098756
1699251032
581774642
2443224630
1972486392
1723013810
2830720945
578144021
2231029939
807095
2097571
15016766
30170757
56302272
135808291
152633869
250525334
261552521
275904205
717234744
1345806721
2191652712
2217440216
2359926157
191754239
1305995330
2836014090
202648218
164619457
256986185
551149727
860878237
1919316708
1567107954
1916054346
1595509214
843112550
525060895
43042353
238689717
2191719822
59028840
2334302358
525821517
1579759820
749952350
1251953820
359417174
149760844
135105059
1256551418
717651679
2461881180
1340143069
267243786
49573859
1147930243
139399835
2272943252
143702549
103375058
476234589
2313227480
1543151762
84724588
266105421
204887235
64680232
390860562
426422223
596042165
1199720076
14211527
112068729
80821342
134673471
108857154
206052014
569202185
23585910
2191350363
70361925
2196840571
396086694
20855592
386788466
130064296
128487133
43035183
1959116167
1203745758
66971897
1441093243
321445166
284441324
629097517
142371311
73593143
137478201
1582678051
45156231
187079980
43063030
385784632
249520991
230034337
548183152
461051286
215550180
1314384085
395141627
174705430
375161109
244071263
141492600
608114314
339565936
864988242
345811633
131102007
131421057
487736815
865915962
261711135
175303770
68178222
145954319
348967458
245984479
137943267
288313464
152602003
100294792
136885994
130834357
145548166
125603760
152902472
135527082
219311140
838951045
18306107
109477260
248122304
247728271
131749806
48656465
97442866
170301850
322054844
180002548
360621653
373993596
153955306
128161946
140741639
144244174
130665252
60231191
575239738
243682782
861044659
43509988
421544928
107686527
128256581
957027824
926230922
19059272
894771944
873642954
187867695
1652541
26553420
264147196
828742454
228332418
609219075
636162317
22894519
123884347
210048095
532929138
118665587
237183083
64964680
408545849
30262763
63331814
134094982
60043693
71571988
86071444
403933500
294730426
125902776
64918832
422079065
55300192
2367911
740216334
64651853
143464513
86900870
32899088
65314514
145931392
156900124
99876966
380339929
340177086
137417208
52756037
15341295
62976368
137207188
332124035
66315434
49276934
337251957
192609878
23557312
468475255
26497906
198730838
68980519
192476089
359997945
60513032
41284441
344716457
230800168
543585435
40211553
311873173
70711592
89694767
428333
159568324
17711046
154510767
384321453
152966047
614069211
65017876
223056769
551813179
467268705
76267146
145125191
80518778
16628507
148271173
637313893
62484403
114463073
288932529
582554285
32917485
401478793
217518231
239394793
175729029
213675253
210004360
180747828
366061954
195669457
91053979
230688908
76897356
147220697
135339832
139616876
23382939
306804514
69644672
33844605
60330135
263225059
5520952
95343621
174266952
21407290
74892912
51999405
64648619
408177579
18933712
136837302
406182100
103278232
144284168
137779150
153996235
66986391
101725731
67535375
186442438
72305316
142736388
154070583
164548075
120178497
372793017
35630484
68348068
109850762
195696075
13031862
37950212
247234743
62462185
33192459
15083162
146234256
354781059
62702122
35649337
78030114
328633936
27260086
64359181
81001989
295521538
94055435
20536157
287717926
53380876
275054902
240532768
58219570
134729555
206464746
21425125
15387398
60273695
110611729
16736293
16696304
194467401
133572793
20586159
86899675
129111494
52106793
23032702
65387136
121705433
69784134
115314605
81887916
50916567
70285659
53864669
166043111
62321950
101734824
43348550
69005102
153691784
170674433
102961867
9439602
108244055
160849924
19141546
54168343
24871506
153277459
64351333
156620910
62000069
16397950
123529004
66951177
60563391
65319043
131517811
85436197
98946490
57843660
87732915
132565532
60478025
154395504
79349735
106107863
36958020
18180736
45100957
95461932
88447655
15307435
81390308
46304874
81295170
138492815
78306246
75484467
86891338
56982023
116955895
66983666
12425692
97909966
106324785
82682084
60024721
138915637
108826268
21642775
64702254
