23151437
11348282
1451773004
65647594
131948686
51241574
14293310
14677919
2467791
15164565
35773039
216776631
573918122
36770485
135643468
216881337
32963290
4148939353
3528892636
54360288
16589206
26792275
17469492
3403314244
54311364
151106990
16935292
40720689
3337538667
13493302
13393052
17171111
213831149
3907577966
28594128
408090420
177603011
29873662
3319679630
15163466
3165301799
16652134
3168606017
1093090866
531852279
379526391
3026603044
1421975604
1536791610
2820864364
91020409
2470140793
930108906
567679429
3131368200
1493839940
1650730938
3107944860
245548093
891450230
2540664564
407866685
25093616
19453402
23608047
28165910
2325445944
3017452310
1289010000
249402706
412657990
2870078111
57824414
2360170550
451118171
2908403163
2990429401
139757328
1669093884
370428124
225227311
90571698
30313925
1445174156
2865999656
167037415
63253045
28603812
299853203
596781176
59507141
15651634
14955722
1416683976
53135407
53141844
19214009
2905548922
1031482586
121580502
26657650
882956797
2918757769
2917717614
2394677988
796862612
378946137
31444922
2918050268
330773257
2475737834
525517147
2432648065
133068714
2468261708
2385422250
2697192787
240490496
2176722025
41928123
582165017
54265228
539688219
805920156
435351024
2898896784
253638054
2281134739
116871109
1129756058
1953126594
40525151
28133917
2919027836
385151681
2385402440
1276699795
2898895837
1651928898
226813554
20204927
2903584408
15938528
426562635
64324543
30352096
1242915108
2347049341
2455398355
415226896
730400376
2202187638
18396706
19429906
5392522
15012486
82653721
243234156
2352696697
1327906134
1435480466
179279481
2714672935
1434346801
1135838718
13213122
33583496
80273245
915329106
23987282
16598217
467525336
15310749
1477813435
46744913
55000699
16153562
14700316
16129920
14159148
1339835893
1330457336
17493398
107146095
1701619051
1273073336
54257314
2558203932
7563792
41144839
21816904
23447418
867510722
95453782
2385450480
943605127
86152336
398289518
147606522
1659710851
1673410860
368196789
362655140
866695172
284084010
288973089
16957482
21193261
34285639
13783982
16817883
443215941
18548221
139162440
288371222
14348594
17569292
180540375
440314449
15108422
14094741
14075928
21035409
23122597
26891704
91180720
161417439
407977463
16303106
205927384
158414847
15614992
32004130
53853197
813286
19877186
19697415
39706174
21148293
20065936
14939981
6541402
15485441
25140900
16812787
26053643
70498267
30364057
25521487
26551204
