23484629
14172201
7586362
84249568
46696817
14360757
24886025
19927627
15633626
112796663
74478182
39341439
20681253
20536103
23459740
15898172
22001973
13784642
19816859
14677919
2814785968
44621650
61875147
50660534
3110799795
4012328713
460701987
23482952
391044752
209685849
3138115068
2572374532
2535166748
3317912911
3421547945
270001601
2151185299
552953450
14875935
20037392
21518018
208351839
403926102
629806304
1560020443
239883604
309978842
18653631
427799256
1194947442
25581439
28098086
28785486
98012335
2990615662
23540361
32125966
33920667
75721882
70188601
40413868
30666084
18457860
67980283
37051886
35753126
20257508
48061607
3397861937
718162765
59280847
18961286
16664681
14173315
14511951
87818409
267250025
66381461
39414775
15012486
18023039
61916766
6017542
20203676
1652541
2467791
8775672
15743181
111037335
15932734
1319219364
51241574
17041361
73181712
16684965
14800298
2359926157
66369181
221391413
9624742
115749048
28975902
813286
11178352
17846734
30313925
3307117405
29199444
17629860
2996801
24958792
157799302
1119474920
18938646
26070005
83466368
69928032
514973342
29789545
3164117660
137454693
26538229
5548212
182831456
2666961692
120176950
3152235234
145248436
17648905
14420767
101858228
2466560760
22159841
14074515
987999092
540774268
59578500
16888241
31013444
309110839
16113639
23595586
3289002629
26322920
16877220
2496767754
602791922
196798767
915555750
77764733
14602259
150334831
17531205
54988729
12705772
19185333
64293754
128624391
34451959
35811347
114186459
19892681
39536151
285836083
119385320
26513255
97300966
9907172
14293310
759251
428333
5402612
2488541
22814630
16334139
16558796
19665244
2097571
742143
807095
95431448
18023868
16264003
93673775
251892709
18943141
18943222
124455872
21419504
187993109
234826866
36960352
26436019
23977483
22673675
14999176
47087036
44207327
33998992
18578758
65667561
