898058054
458451038
20609518
49953204
2412406063
37034483
134758540
36327407
16343974
7587032
67358777
2836421
20562637
14677919
612473
16334857
86141342
15754281
28785486
4131188832
15012486
4970411
742143
14159148
759251
428333
122445177
4102441694
217514102
25053299
2884771
32359921
14293310
87818409
807095
6017542
2467791
504408218
91478624
2097571
15110357
621523
788524
18949452
164964711
36412963
14170148
3313143320
43042353
467181919
2566535282
135421739
438638734
551149727
629097517
1745158694
51552352
33104659
167452533
4066261874
2989553946
4050789191
576423157
265781396
104455657
875337198
2280985062
1067762886
598989937
533068752
59421201
17732182
48757921
40098752
18498217
523881960
83297832
129094395
107455715
73083993
485769605
23612049
2836652732
439876343
2852001858
1159336086
493925156
706566858
150929289
3007076912
1367531
125664751
40161156
51241574
117361529
104108192
3666525076
116341752
2883928837
2273319734
2200412666
555791715
1258962307
749963
2200003693
85768153
84819628
332947844
281881321
1621881205
114968505
325129680
320694748
218167063
2431800348
497813545
2650647638
1600518882
287661993
2771717708
2257788078
73043514
3295533470
135212438
26538229
51205137
1005635479
2460429134
200235244
1308189691
1423517100
318978073
8167022
208924512
44839509
96757983
385215343
34713362
1652541
14511951
3108351
5402612
5988062
34197952
471741741
1422626892
69181624
4898091
18839785
50393960
132385468
277434037
813286
145125358
