23280648
8839632
429881039
86141342
1597966452
188421312
67982898
119509520
2097571
807095
14173315
261636064
28785486
1367531
10228272
283068083
783214
20536157
130649891
372575989
16664681
140070953
285332860
8159472
14573900
3303293865
171682388
23151437
29756339
27260086
41229669
111556701
21401466
25365536
549470860
338084918
19397785
27778893
192468772
26589987
30782495
50725573
100220864
24967668
23375688
28706024
26565946
85452649
19248106
17696167
18220175
18222378
117778179
21278412
207923746
31927467
25421094
145499533
24886570
29547045
23976386
262299947
35762475
62591415
19074134
16012783
19923638
14677919
19784831
19212009
34235414
19967728
21701757
54951973
31239408
355307031
180124279
1058236206
158961733
404039438
707154481
28635233
44415931
221392767
58462957
205302299
193477235
346742249
205339205
16407145
24569636
16824090
524698203
28364532
20196258
1198406491
2176998871
53297035
28201743
109705251
98983609
35947725
19058681
2439032786
72834489
95465386
15485441
28221296
19777398
210938747
15820664
14234323
165725207
19818494
41329637
203110242
30973
23734551
17894963
20508222
2467791
14293310
3108351
4898091
30271564
243905905
472623389
214929937
18949452
97447784
2291448871
55117855
172322123
487977202
64710606
274119641
255464983
3654704475
39029800
209994211
1149386466
49573859
27725199
36008570
185260477
29555251
72915722
73443014
21401523
70008157
205915163
386244525
91390383
16579345
5695632
20442930
23690344
34993020
15375383
9763482
17469289
20565284
24741517
262881419
21089219
18332190
63172203
18909186
22321602
33863876
14562016
25087685
30947351
22934008
23798922
259770861
40965341
84424560
59949396
15639784
153694176
50515656
89503894
171682730
71359840
3063032281
36408305
21149226
290081566
14833304
195143862
128917539
22216725
15087120
21246105
23614207
21217034
23603092
6427882
48336713
229219088
250831586
124335068
3003603519
436292177
16312576
17525171
329746058
27678749
17446621
23613479
15673317
24929621
23617610
157140968
236699098
32959253
580097412
391037985
27042513
23740932
47786101
191504048
75974281
90021519
138600717
46306646
46186400
464183439
102278356
24807616
15225275
66561957
31080039
24407244
102446093
43250997
282554931
18201114
51670297
2916492038
17604456
245992215
28208983
93839201
2170651267
45266183
1540528922
45564482
20908109
250911289
14222518
369514419
18138157
110827653
1159809212
302053412
937294358
114796408
1156866230
40851965
826969880
126614785
33915734
108908254
16887175
34119271
52366199
33906088
17733320
1357803824
91995170
28897926
26895879
24966423
35094637
169686021
299922065
151452079
714901142
409283525
545853614
2989941288
518993215
2979568132
338421795
29840295
94097845
69615397
92367751
47414242
268439864
187272063
16409683
73992972
21111883
33900164
34507480
2557521
24190981
110721158
35239899
17133807
34243239
22637799
34258758
16345202
15735744
16361000
25626894
23482952
234348782
18462157
28412286
19247844
2236876815
155949831
18481641
16331010
30180137
55105249
200972915
20012204
202338684
70425256
97232128
253070806
6135542
222980483
19292133
622180888
72147399
24926416
93663331
26565124
784680583
34655603
34572451
575492930
280582344
214791922
80655102
30704824
15934926
15754281
2443667180
861412933
555207471
2421727118
20685935
25589776
285282053
22179997
327722701
145582395
90774609
60659498
60649803
39360648
15279429
221382131
269940376
51431207
20837438
159068666
276712688
144105935
187535580
397199380
46863574
2152559676
516971850
49942706
23573083
148711787
66591836
52032722
25049177
216289357
71516564
64643056
248193451
560269424
515361407
245668218
333268176
627673190
713993413
59247894
74701069
108568373
17771860
17548474
427721039
16973333
166739404
34395888
240606817
274040176
788524
225190303
49239873
321970500
24047612
2883841
50627903
87416722
307583361
265416359
368703433
18334825
25326324
14791162
1879831
16929349
37181562
32469566
14934818
15933910
20177423
6017542
73359920
109702885
17919972
85603854
15178186
8809462
7111412
184910040
413487212
21447363
14230524
44409004
79293791
21866939
16343974
87818409
1652541
16027675
15632759
95229500
185314895
20225875
59624844
20506424
19148708
14399483
19230601
558797310
265902729
22910295
1336120692
72568426
608923205
78021221
85772748
44084633
348379865
14511951
551177934
17602896
537061252
145542089
55573873
40076725
2367911
16807528
20449691
14353891
7517222
15438913
323468251
428333
47459700
262359713
141052723
136361303
27844479
326359913
36636494
7587032
458301345
814760
16182706
127715350
205269627
311941928
332164742
311943740
311932430
462004145
311938177
237197829
562647832
16193578
55227248
525790589
205998873
311940255
311947216
34442404
34613288
343627165
208435624
462909091
612473
20543416
72510250
18647765
16913418
742143
69008563
5402612
759251
60054156
20678384
