15754281
14700316
35773039
14677919
1367531
91478624
20536157
28785486
813286
5402612
1652541
5392522
14159148
14173315
16973333
788524
87818409
5988062
34713362
807095
3108351
51241574
14293310
428333
2467791
7587032
612473
487118986
401478793
828742454
9695312
326359913
2830720945
742143
759251
15494014
620632841
791197
19248106
338084918
35094637
16193578
65992743
268439864
73992972
184910040
20565284
16409683
166739404
254830969
17919972
34507480
79293791
85452649
2739881543
457554412
23375688
14230524
21447363
