101726287
3646911
17483878
16537989
23990483
16955991
15164565
16012783
14677919
45564482
24216951
20108560
329746058
22179997
35369214
178812809
100322679
101798589
180463340
15635604
17602896
23560015
15291335
18742360
586032653
17525171
279160547
126664172
198270108
23465218
19546942
65457853
23060503
29525453
407379294
29759812
266307214
21797822
180744868
370589204
739433360
153067265
18937428
234103496
118857505
17446621
23603092
16312576
40076725
25589776
292518961
495123515
286207896
17217932
2601847422
15632759
3026792843
18974089
69072247
595573449
16193578
20348431
300114634
415859364
18462653
30180137
18462157
278541182
203144854
18481641
155949831
34395888
78021221
354680039
240606817
225190303
465723566
600999958
157140968
236699098
166328821
1243417056
20244287
808978874
384883977
24813377
194169752
56736119
1339251962
33627596
211543917
21917528
18647765
50773853
138435033
32917485
21211181
62311603
409283525
280185870
223546666
1588486417
34586969
181561712
198928996
1524512809
28208983
208019751
575492930
348379865
344779704
274119641
571083342
138787183
266575711
173873003
115423392
22792475
17052952
262195622
25140894
24419434
23593931
519419290
403405534
1118910595
25313805
182272599
274040176
37049465
540621074
361182803
209047648
351615856
223102849
44084633
109592239
221392767
73359920
111710640
26494583
84279963
2883841
200163448
255647852
438533851
117049106
309767780
225105506
52770518
365071261
17814938
22655414
321970500
21317714
24888452
19038142
475721189
104148153
176486829
180505807
289275675
115748758
24674791
407720231
32959253
252030831
87909450
268414482
85772748
12925072
177581211
14288822
524405073
125957337
41456486
16427380
49239873
260288364
116890546
19854887
57051476
22655610
25085359
551177934
27678749
85830020
15735744
288483376
176468227
123024172
271944538
199195861
93002132
64258844
27636414
65400885
26046158
262359713
99131926
37046756
92488375
23774111
80655102
403444902
110827653
19063231
469223400
12512542
351542559
317828003
143050830
29685344
36940327
137693625
169059462
185738132
474765793
78435710
41229669
221382131
66561957
326359913
171813775
140364822
252782326
401317166
22781533
373167425
90021519
469508411
123639602
69615397
395623327
355672805
55573873
26782154
140049744
18395177
40704916
44620271
45266183
20715854
20010173
20054788
35787166
85603854
369405466
17064593
106808975
109241373
25071326
28412286
83630235
317064007
54930650
95229500
18220175
18222378
49573859
22613668
285282053
48672487
95386370
305217958
68399194
38397297
20565284
62486223
28357463
262881419
141052723
338535630
26565946
35598137
192932656
190633170
127635597
136361303
336227329
79293791
92367751
21199743
25365536
17133807
54203238
200550500
24741517
269916429
19212009
16998020
23375688
260328679
54890813
19660870
108997376
104182691
16409683
21447363
14230524
50515656
17919972
27260086
36008570
18332845
75283958
32967170
33061948
27684086
21149226
14516692
34312352
30104231
27844479
14224719
18667907
16528461
183734502
153474021
29247964
24407244
153759357
43761917
174058822
24047612
41469938
34988284
59331412
21674080
47459700
185314895
30704824
40851965
19538986
19390810
85895619
166739404
24263801
17093617
21089219
28635233
16782358
19967728
15790423
72568426
50627903
27778893
34097876
8223872
19329393
19074134
16096416
13018112
22934008
20908109
34243239
21136909
17711046
19058681
19554706
16190898
44101412
24929621
19818494
60054156
14934818
