939091
3108351
14159148
14075928
14677919
9624742
5392522
9855382
91478624
15764644
2693777042
3069031333
2785367359
1364930179
47813521
108686283
51241574
2259258205
343558082
3693397752
110974198
503817044
188570652
21675256
742143
1536791610
47550771
2495476574
87711816
4970411
1881296893
60349138
47455112
223677341
431773266
44638576
84816752
340418291
137346000
2375398638
341468344
307084646
304932002
18715644
48269483
120153772
25581439
309978842
3192432180
21114659
404071799
226890990
3012005277
183767243
43579889
17469492
17060020
26792275
279390084
18319313
806671352
12804312
102254965
15859912
33774289
19107878
98738595
732393506
183341278
7768402
37280980
16253142
1542533869
234058909
20796969
36218435
21237820
2152690426
21733692
135184399
47646735
37501003
263774154
249013720
16076032
397052012
489855788
18839790
280566856
151106990
23588075
116341480
238519301
221471703
47814419
22947474
14700316
17839398
458234232
24506246
15092452
44009790
1059273780
17735875
26727154
500704345
602637877
139909832
184515406
22240612
262856460
891173940
1715259073
106272927
1961724168
1585589059
348480883
259879881
805464498
21165382
62088373
20707070
15359578
548649315
28288064
954368250
19500405
21481343
348505716
42176166
281948138
21630029
262427643
2360447502
17137628
38528124
88183759
315946726
222995248
25990485
16122373
27055034
18847020
364010573
325135580
360046324
1198118258
248670810
7125512
34855178
596050595
31185082
18143593
198573171
297882633
15373635
1222581625
1404590618
18787955
384804790
74402231
70458212
115701616
15893984
90478926
14066024
15532569
104790653
59770896
31957766
19146492
86364947
16970334
122782733
46833541
776684886
49184040
21061683
524396430
55355654
579481320
78569026
65404941
760909
807095
344209981
472962312
73735072
61375366
20068679
166709961
42407972
16371887
1440641
60090469
464234807
18400634
130557513
31127712
199399909
16012783
15766082
34371118
1652541
87818409
2467791
27187343
47448886
9300262
210946194
324361792
50448858
17119688
27711326
456260408
355625413
1564792470
21534951
132169248
1485697032
17830297
19568034
24136198
19190572
5402612
5988062
18949452
18267544
113061485
75797367
31114386
130158114
431414814
1178700896
18031339
152570227
6392972
460546145
22256645
16493191
30313925
15428397
89792919
251342490
109003085
137846433
295640430
25930993
31427989
15492359
58267225
146099195
15588657
25110374
18512237
337009521
35622910
31450487
40744725
5520952
69129108
36012749
42445425
10156532
108686216
116767294
31150491
15943887
21733711
27343665
82738226
6017542
50393960
20120215
14396407
59616868
73182515
22549966
17266725
20506424
55439962
18725921
15919593
16930514
16870682
40776196
16412272
23832022
25709720
22841530
21323009
14140044
19100753
