338906109
39927901
223080656
14684494
146832501
629803071
2291508120
1802713898
2883960567
463063605
2242891972
512896027
434071161
1052586019
236271353
137089507
902434376
102023712
2811844098
21162846
3001828397
1024735998
418806154
113800727
1337890171
1430026129
596277836
365375702
949544292
125263085
415347877
612583589
87511632
34993839
16167369
1969537134
3237799098
2777988300
552865041
4053963569
286042531
386088450
95383781
49266017
989488848
3845030859
3397600210
1885928444
3369824662
2507863381
395362170
521171027
34927558
71229228
29690083
505656282
210792232
740254286
615002267
2871665755
418688024
2797638775
1939945105
577459091
3180184230
260785343
124760991
238653186
164592400
2671021453
100041894
265930118
606538395
46168683
24298047
2180218208
127483019
452830010
923414545
492573124
151458754
3037282748
94628304
51338718
145971970
23884287
14054999
700197814
3021450108
589921934
428052327
298959564
89256073
3219124033
181299446
37391190
311019894
16867434
127059347
3617369293
104141949
32789366
224183291
449618145
411623152
347079537
14196465
246912277
935268667
701613212
35664799
362954059
54610518
543874719
470810726
51241574
1586823415
368151636
50727066
409143796
217735590
496186836
84279963
1106802852
389985445
26565946
1041453240
500318844
3108351
3247166246
1662472645
1196418127
742143
101187707
722782872
13010982
2531946360
14511951
59650205
141328954
610260605
411121247
44409004
465447105
407473142
28201743
1300748826
380968729
2322909205
1125338010
1633664509
26281096
78151744
852739016
423910857
956845177
516102678
49573859
1488827306
784101919
1356093121
1529522977
1544135924
1212622614
3935088383
359738090
122453931
2990201784
240768902
1849377050
44103189
354221045
832994276
1421251135
1118550380
563506837
1467580980
111555682
453507741
3228968564
848306623
1564059049
49550490
2254860470
288169066
213539531
2855020537
600278632
1410822588
949968038
556635782
1668625507
1085631704
336667110
394558488
177662447
147910484
2725975633
1648358359
2316004922
2320365678
25365536
603828159
3256694750
468482475
1652541
14824849
275754405
3299551302
299062149
1661207928
1667975887
1551990054
30364057
6480682
14677919
90420314
21447363
807095
16228398
1434251
624413
17919972
30973
24742040
23151437
20710809
30278532
436266454
15485441
939091
14230524
23083404
427475002
300392950
10671602
91478624
5162861
14159148
30313925
1367531
19927627
63485337
19562228
586198217
15846407
28785486
29730065
26589987
36782022
23544596
15131310
27260086
43192807
21254264
49061402
17629860
8161232
759251
1650395156
966409915
1487903156
165796189
900323424
81845530
2459371
118069681
55520719
19895282
41097723
56650317
497658491
101306705
210366562
249023963
5845562
136932734
845273353
18139619
