1226760488
51742969
3306981115
1720295930
2391989754
20567939
2251532664
259379883
65477401
17861062
16004470
29312953
19028953
19103481
29842036
55117855
17017636
518557386
25481280
24644884
44679882
257799442
776865763
21299124
1086485478
422326265
27804956
17244973
198975780
415859364
12044602
1031599578
624487494
5988062
435348073
3108351
14677919
1641150530
843112550
178492778
17345647
1250642262
345176672
2859805517
171673031
3390043791
409803826
1161594654
3507260114
3068648336
2732264090
250831586
17828988
27241561
136165096
91033239
17266725
348778908
53717630
10810102
1739216876
2471631350
1360986200
1358510274
29663668
39635217
29330030
14608893
27457788
15966494
298837362
350660137
95115126
237597796
15066760
23593909
225308736
22482597
37290954
2779810132
1399071
56484472
25234311
92367751
23065354
112616329
265585349
443215941
73495696
21829541
204149161
48779464
34554134
308110862
19404587
297047872
930223086
24963961
51667021
268414482
874651740
1654449182
134392824
142839300
423696864
372565070
116924987
278698733
60813201
1677283748
2191193012
18931655
75296671
21727499
154216795
16016427
190314303
38986845
13320862
316756361
633212964
360945774
283783863
110839423
944467345
11348282
37710752
1598644159
19725644
2900934397
978908012
19697415
6541402
255318691
38234856
37750812
93365814
25383000
1673999630
30074516
1458604008
72961879
62587361
193095044
267425142
1444316371
20444254
198560066
17177835
18915240
171165627
15537451
479809444
97914405
412521232
315288041
53120768
13213122
3377644673
117640526
2270800215
257548473
56518880
369583954
15532987
233183631
1100054556
88899123
959124864
34507480
92818443
48488561
60151625
20177956
50321644
41036429
416963802
40168339
231209225
405205681
79293791
276308795
5402612
19111192
25723502
64857767
14353392
42562446
310463188
342165503
18948541
16553826
116362700
108318595
28895421
25521487
23083404
16044763
1059194370
17169320
21199284
28951400
31402344
26030282
373525198
35777497
50323173
456988174
24061566
64881084
120118570
14681605
34370231
29226377
14829533
18208354
15728242
18993234
42843146
52181976
31451582
40892016
20196159
807095
428333
21586418
87277455
51263592
