4006755435
4061903536
3329001482
430313116
2467791
3040054785
3108351
316389142
47786101
2836421
16129920
14677919
5402612
807095
759251
24300583
57995617
21064165
15224867
56436152
2646300546
42144298
18169589
39182761
41073372
462287315
461813162
3402042863
2850359975
344784108
378171907
52146755
244293586
1715051
302288855
20273211
952624494
19197186
78071252
30614676
1924364738
334321077
78194111
154714727
43909715
55117855
64565898
2712649969
1110274274
15467052
20728883
17890396
47686520
349137960
3317269334
108442237
23280870
216776631
29442313
2934181754
304658938
192615461
112508240
24202701
165511377
5392522
72644483
19697415
29451811
129646411
432311300
76831143
31080039
17989826
187428929
19789046
336116660
15661871
15227791
22461427
53297035
16303106
10810102
30318542
22412376
50835878
83047883
20104965
42583325
28074588
592611765
630598940
1183041
83820762
144556500
52613032
14649689
112344837
91390383
14230524
15485441
251785109
24166202
282348945
210944652
18731347
233614469
30364057
177564924
63485337
325583724
31353077
180670967
16952295
211105430
7861312
7081402
115485051
20586677
14796299
109344609
8032822
262911271
158769098
80977873
