14677919
2467791
69231187
14159148
30313925
813286
1536791610
15485441
2916305152
19777398
3386100407
72915722
62832873
41678058
1279969926
128172389
95887632
134741954
36331425
27002341
36036018
14293310
42385778
8343832
227245555
15279429
222086924
136361303
15492359
115861430
407637165
22893267
735312792
210766890
1264598460
27845569
871261620
1374176090
1374175993
174622948
27204560
30458894
39754006
595391381
196494476
66296615
50595687
108244446
53036660
39708979
52750832
1630469874
2841961978
1709500339
190551081
63172203
103065157
1330457336
185314895
138600717
1339835893
2232679741
237548529
46424324
2514719816
48488562
481376138
257875314
139650962
19223156
3029663056
19316312
168234359
309220197
79139311
28051644
126084292
2898586728
292952708
471930720
15438913
1870235490
2864944184
320609555
138428216
1542533869
30198975
110202693
2910264119
480240999
412165206
146209786
552909549
147305691
552299133
117590354
2731983715
14112296
184924560
1344951
177144097
198880995
21748562
50393960
725141394
807095
87948016
278538192
150546196
2329922893
22968257
212911625
39803367
337882328
15441074
112236047
78569316
23792570
15748899
36746097
539232517
1394646602
2491144442
63231165
1007153400
242247894
52997615
201262433
1111578654
1130578117
46096366
214467272
2283192019
137772459
154066034
51337330
271373051
125957337
1358923476
7758542
1420272260
6641802
291381007
346561139
61454415
32142829
41823775
358151955
493039861
587587177
235073359
342747314
157902711
267121075
388693925
159540930
240817483
61149956
23532001
38630881
601351854
425994611
66983426
26078156
26697097
17093617
600028358
17791965
29466773
191795989
20585360
155568211
784060932
87462476
23006794
27260086
347762337
49569852
97249002
31290870
623945350
140118545
174977704
8161232
31742638
29725994
102651391
281427418
29186233
34908698
156597526
82578750
654203
183223365
45866207
183549146
10810102
221682117
17461120
14230524
396455549
65907793
41142102
143050506
238098069
240996106
193836093
226856080
110404753
265837042
273355403
297363238
522078597
252976226
45878207
191220618
189240492
98397418
47902543
80246875
87042145
71498764
263052543
220681369
155492924
16250400
39199068
252979491
168971699
70409135
216358832
277932021
270901752
70985579
62902665
19058681
176899918
16925594
26073740
493983685
40309133
40297744
425040674
58445683
123189193
20749410
459998131
28504319
211484958
226882849
30235994
420274577
22000517
388844695
39871001
46381522
26207753
23579557
22605044
91077111
15828877
68387746
79115142
195734970
3164141
278386308
34584207
12480582
156919789
58819992
13770242
173752980
17339190
208005385
28307485
8222832
15809249
5577902
15893379
6461032
128154491
135451341
19397785
24867416
14275115
80191993
29185645
92496526
17650771
287706243
9210592
61161333
57570596
26716018
219666223
25127360
172650029
214448738
90874519
21469662
252012051
177193419
308065367
158384982
125260887
153088893
102370244
125720795
54962527
18200338
25287206
223420354
238538717
82097756
357229472
214053507
146022835
20429684
187912062
122066148
5894902
63667710
106639813
40232037
87908739
16735210
264419347
194092769
125913171
296776518
75831317
73114009
133340891
428333
147847376
34312352
346171520
36401568
19176828
148347076
304301575
310146171
1093261
19505248
246175446
221864593
37696909
38120764
56945391
17220934
109224937
295663598
224937869
18676177
155514121
15806059
110354272
199681308
108598539
139989004
20034731
122574066
183170307
17066838
262102824
207542456
117108802
21681783
21075702
92985243
17169392
17988892
190027745
79298646
76600145
150342065
61235377
19177813
14697575
15820261
20993327
14699102
14754359
110658944
36406250
24426570
19582791
132464639
133880286
172431328
22474484
28153802
56087456
38254669
28527632
38128098
106959670
52445683
24929621
170689639
94120287
16409683
106089234
76023925
56377223
