3897376874
25629056
416138500
23879043
3880411878
4000854980
1906555584
20559705
23403321
3887148912
3308285582
68582040
3890831054
4057244892
3911817313
267570919
89856037
34116377
555106000
77916532
2443192164
1202964282
2882940715
1055104615
2378944297
3124435364
727511276
3802179862
4142777472
14740392
93766096
3887126773
29576445
253422042
87118217
32201814
4064823494
16832632
36255721
133844010
3498498313
3523530733
3630677535
978065875
22333048
16857864
115884789
85436197
14740721
1962711
3887233333
9609632
18749677
16675569
29098641
38056120
41312733
3230604974
17692554
28278535
4064907193
16319888
4143401233
3887333612
2976268801
14740227
1251472255
3890175312
19274342
472287653
4126152672
218730857
861108906
16213124
129673790
15439395
383643799
16734909
25411758
35986316
26607837
59338142
2979153493
23046015
1162401552
1595794440
16213404
15250661
21075591
3881771060
18470775
14677919
15492359
3959060293
17983196
2768501
16834659
142309774
243865694
24114876
1892508480
729907118
3954966314
248561081
2437172678
9609372
531881411
5988062
20750828
18753424
17383073
21469205
4114000814
347943552
3309257768
22993014
2215033082
2842582405
2900305656
44835347
256833444
602605380
4060532234
43234702
343382648
92424604
21147300
385773134
551901020
174697564
207359263
28611240
98109205
2795723758
104886426
552306247
28118830
3319948832
143552619
3119828358
2917139520
19414815
2998000783
30888244
59522201
287728935
77319691
3147094362
180418331
2583219445
105340932
1032913862
3955297693
1217729797
87222643
2868531918
130522705
3922042514
2552903916
19933480
64574086
69693290
3144740946
3568279094
280582344
41707730
25140894
43121121
508693406
15613133
16697350
3810886094
22652957
26035198
43158428
19768204
214791922
15225275
18220767
141052723
21995123
43299388
90774609
28134825
18912121
19535900
892666698
46186400
16193578
19301055
84507133
3820589355
4021865240
55592183
21249332
35773873
28384755
15790423
2484916206
2789606534
3280765230
192123847
3888477014
16407145
346742249
53852490
16427380
14399483
20908109
3016047877
24124842
14288822
15515919
2959696886
3854663953
182430341
1709857344
39601084
40016838
18462157
18462653
19028615
41469938
157948983
3825187283
19546942
2383536990
32469566
25326324
26250338
3241190222
1148300460
14222518
532919050
458362151
14791162
3808240455
15162193
723839702
19923638
18392906
41338503
204491797
19390810
21401466
2925490291
30704824
21208444
65104337
183734502
44415931
98942778
19212009
40851965
37046756
250911289
58462957
3859893672
540271701
13018112
3193212050
543111255
24047612
225190303
153474021
1223345186
49239873
2339932927
386883834
1441191841
1330872476
3314885220
3957807013
69615397
34395888
1672077727
68399194
2935990297
47459700
2857611762
1396312453
3964646956
3124425272
320113893
109702885
797893446
72568426
2918487866
60054156
3306932815
1412859618
274040176
85772748
3528043572
3253756711
78021221
16913418
18647765
1561952208
73359920
221392767
262794965
278487744
348379865
3292654398
50037051
1603385773
44084633
608829891
69416504
56783491
3849015554
2986711135
1056555805
188006067
1675296294
91497127
2503685742
2602997130
1941045632
80777173
430321873
2813202073
79416958
581835903
35391464
34640565
3533412973
190426393
343914018
449598661
3004535823
2957443951
249080110
182263372
3288042366
373992905
3260900550
82338694
1651698967
1604710566
223805109
3888437294
2286097255
746926152
3155597568
3842583389
92706628
241059725
3970013053
2564381539
445334475
1064885935
3557279958
403309296
3296947098
2378391824
221093045
950893818
2576340925
848954316
1099578840
769151600
2896373545
3669661460
2803041024
267513174
2556003583
1261758372
449599310
988815110
2363784834
1013152470
3056909720
2936615125
324844483
1368777492
240329436
176976341
2988067921
860554561
1706398549
35445012
4058271373
2886596594
1600499936
3142860912
773878274
3522841273
3889054932
18730634
3788736072
3962267482
2895945709
3319804777
969364111
3141855392
3890783954
2947461998
3005054062
3277363172
223240863
142224265
1023579080
3193766952
2327139065
3328191177
214915598
706827707
2884945019
2411193870
3631899915
3220411916
3270117810
268517508
3221126123
834860634
145125881
1042273800
2978700955
15838969
1948678134
252158017
1084686642
3110120247
3792379518
98396382
3245276301
2949262404
3242206103
3259395242
3125134956
3304540624
2359719378
3116429538
3131094309
50909669
633298319
2251202678
14227054
3793114632
3178398054
3890802492
3239842346
3238636767
3854680873
2986807762
269289153
3091564950
3173248923
2876442792
315515919
2881837279
307819790
2577034400
714130477
3029746675
3303151723
3307637138
2524618590
1542314389
1276892366
2610777782
1068199698
101196248
1118535025
2172311906
3853670232
3109077848
3228042864
2858109043
595579596
2942810756
1350706146
3978696792
901405675
3236771270
1932657679
3955225458
2568310886
2879786221
3908449051
2289957752
927426198
1478854699
25098482
3888583526
2180126766
773244925
2198913840
3088338188
2979700903
2333130979
1173570661
1095898141
3734688913
304909941
3920799732
177179008
2191859209
17675072
3076446044
748312904
169426475
2897713705
2333165504
460163041
3788313379
22642788
357490492
554238062
812473471
207372574
1574628637
36329597
3277325425
83466368
3890117773
856010760
3306741680
375146901
2964762585
157981564
3787755438
198618575
2991229317
2956373916
3190472629
80803819
206717989
1001729389
24150634
2498377142
196994616
71643224
3277210626
477700283
2479865696
393925730
3888135552
16973333
17839398
1662541682
38630618
64643056
3880196239
3741700700
3008685324
3888395114
21114659
1229812922
1218833144
60783724
3753289992
3259770474
2477679110
187133935
2817097692
1448060107
3193121795
481995792
2329066872
3953836759
795752774
544077154
3712713796
3168491229
528106032
3188708724
2458856102
26792275
3822494892
3780889454
24506246
3966300552
1211188782
2552643134
2566535282
3321915648
1448454175
3890686092
3631453636
2911843663
3011080584
2473717964
3303158683
1114152218
3904361495
3964091539
1626294277
2809391667
1269542726
438043243
2424400919
3279042872
3854117952
3737752237
3468516798
175969695
2572007454
3524138354
3900321918
209406485
3887587998
3249542966
3248503945
3186109699
2572667618
1617467881
2902441147
122705513
3792140896
3643919712
3267838969
747329810
447667833
2891435820
3322188876
2328451356
1461947166
2928394518
2907364502
563487255
3535200521
1060076701
2956297596
2426999257
899697914
2339545344
373215758
476580561
340178878
3676087453
1478846215
957386665
3867847465
3041140902
398089844
3827629578
565948189
607412818
2959548631
3576867494
3832544420
2739355795
967688750
873747307
585690813
440762790
465267316
3867023054
3197259438
355912716
2731104558
2353740854
3887825480
3429989597
3227945365
371733325
3011425502
3250518661
3233149490
3132172032
3935956452
3590507838
3041158206
2227671036
1266999996
2992720776
3958128013
595446183
1853153786
3890409079
1899567848
111900248
3007079349
157408310
3265897291
2191955202
2939594182
209605862
1874366749
3856316713
3509814134
3194790468
3880246994
60853848
3160418538
3880239672
3855446412
3307036075
2789407778
3868372813
3289666861
3381313698
3012034183
3307653494
936166110
555860219
3854339352
3848512985
55461878
2714495894
3090158114
43274503
1469628666
114982278
3489879792
174881177
3253197434
3802046353
1672524636
3779811619
797719784
2922568374
376088280
2982102397
2280500714
125048086
1104067508
36932268
1530992586
717784082
3808192514
280384320
631674058
81649881
2788899024
3738462494
121991840
1025620201
237159683
550203227
278319775
566810489
2212136306
3892804452
353654891
3070956486
2945897840
271409574
279545408
3733622597
206501296
171762439
1412218908
3042459506
43297561
2849516167
1036267652
447029479
3091788385
3401639659
3242169097
1074060390
869908676
3047528880
275412577
3185828292
3780185839
3823718060
326726926
317623942
54483106
75229266
298056390
3867065292
473854874
3892931838
3319901053
1088378845
454533462
2909608440
2423789238
321171893
4047054792
3890856733
148607856
1867225802
331616330
1080246512
2557061396
3004264836
61129149
617284965
374560494
86742017
395128444
3887763800
26550958
2935534962
139423661
59850820
182033058
347208809
3026167104
331597498
362218753
390081585
16492352
1348996423
78538380
3056091433
1010831298
452734121
3313294328
2283325922
3821826929
821168023
295592883
869331300
818779086
708225264
1620090554
271629371
1359040722
2242226754
1227067190
1890346339
1906194476
1227717290
3868159573
510407505
129469982
3553447218
516631215
3911523976
226257717
872935908
48753074
93167268
306662953
610847177
97684112
560451918
206239345
3888203593
633821796
382572642
3792966134
1408013502
1065173648
220548518
539488537
915924654
3890182693
536380953
3789987440
4034889853
45933230
483905066
388745808
1644153295
3253610352
1903135172
1142530590
3868575918
2479337064
636760951
3890108354
92560025
1948223209
452895475
758542632
3018078594
3904130605
3139012951
238063507
3955016712
1131549666
315267030
3007903087
3765390205
589606549
2726487007
2556856136
595125808
888557132
803773928
3724975094
3107333719
637237341
3317106805
104701039
3823118713
3138321745
97402990
35982046
2346289890
3101157230
2989571686
33995409
16812787
1583094234
139607073
2932255165
54137153
1409532734
34430522
547698651
3664955419
317370751
2328154249
3282002839
3476141413
537823818
3399186672
2948792011
16302242
101489074
394597912
50811932
1059194370
1353743419
17461978
53853197
42384760
352789283
3090695857
3953480773
42562446
1619422764
1374137233
1302482035
192369506
2981773483
35936474
903483728
1008846972
3115447543
2609243516
475757160
1071392504
2317001263
466299397
1504089558
2345325285
2967140518
613111389
3043653643
178291562
475585661
88366731
357588709
3568127656
2231592446
3868221074
30973
193351084
3300306938
1010522114
3955661352
3534256275
3562299321
1358214486
3193739544
192750573
92878409
537717454
211413954
3411789380
387029381
2848284703
3314618268
453768739
372627720
3188280541
3192642930
2270141497
4061347450
622559694
3377640553
447793855
491858575
79355386
2278826840
2719379058
330063027
3599995033
2886196741
2206544119
2231762047
3877331534
14543218
448340811
1358990816
47233643
3357925640
3295801538
118004994
3220108302
2950114812
1417669723
10228272
344768154
255916829
373871980
2195109416
551961653
822547747
19923144
1328990875
1073086135
397763953
437556159
2904177198
619524317
361120121
1583232656
44569799
3989951954
226105156
178944603
280958095
1450720604
1432029518
577925395
1030135548
238486239
746366562
16303106
250040952
218159758
832067407
1152586442
3833642114
903158882
23613479
1587567812
883767534
3715763834
214904207
26257166
3164724325
37616871
1226458027
1368920204
956993330
2976765547
537922848
101928415
1492588568
273714006
1056867002
1044900444
901067276
2229374233
3313089937
3151326896
23617610
750679021
706750039
14441735
3052202670
3129843992
171309893
252437664
3393356832
2876241231
2408318149
474682205
266736759
388738659
236699098
939239402
335792282
3304711194
3649355953
346450739
111564970
3766101500
27989078
366476477
4041413239
19426551
14920785
703171094
368715449
3186121621
23151437
1185023875
263159280
1060188690
634663201
165789841
384718975
2967850159
896902129
453788801
3307626949
1021360944
1245038318
2857851176
423495509
3242967367
388697028
1229470560
1922018772
573264838
424891961
3220098170
3047709103
157140968
258821012
297907485
3305554302
2930794357
630940536
115485051
428333
557732104
2916156548
437122379
269109051
90420314
596005949
321268869
1256327958
64617330
712497481
1619085822
20322929
999190878
547648146
3868161194
25521487
372047652
3792666079
3677141076
873367382
3237787395
623476781
973503061
108809406
3853567452
2897489755
247119298
1153789771
2601435168
412859511
3824050272
1008121633
1127940024
825399608
624468492
94069101
82617909
2317369525
3801277334
3349998885
1442838847
474038761
326726152
3421809874
2818504862
3321010248
322509463
1094733264
3318104928
459147476
92075743
139328755
1148346614
2244896611
1685389358
613360074
281251973
717735128
2918553194
984637884
2940094758
3160341674
741073957
814566950
140725320
2937111052
3062698344
448664470
2743998854
3668764340
3041248506
189040798
1096280324
3299220380
1037484835
164464927
3182593644
1271478560
303692584
394454090
290476729
2156631914
1244158208
2882795948
447909515
1634486988
1108114550
742419745
2426768114
3226660578
3265907276
3831644473
779596380
3059972444
1047028244
898058054
620860560
494685360
1479306602
578757472
2989798351
1386421734
59708697
321284462
562976388
1369054292
1118605274
269201356
391893766
2944747698
150187008
327228903
1276776289
209037902
473026873
429623764
473717147
470012892
239632217
476784284
432343171
2394814255
495796869
5402612
3107297532
894423824
807095
1118513450
1433166162
2437228718
389831985
2160303438
1652541
224510476
1331596724
3342483063
1442759341
610665843
423978863
927178028
380648579
3401073313
297299006
239694703
324925709
1457841402
1115874631
594137835
381515934
2339811877
2903559912
546912780
2217408698
421500540
3314738677
2928263371
3444358152
17471979
2461013202
262674605
156993012
1303151102
252634810
742143
87775422
3192971638
1871284778
1466609791
2254560505
68949263
3837384680
1687679676
2867686418
447726262
2795878819
2911911457
2992711956
4034082313
3590012354
535249140
3064085857
16994529
2901106616
2485521702
526057643
800314579
3239482046
3824270893
3266546184
1889274884
596635550
227260001
3482224814
2284792706
3314139246
1049851092
3016290393
3013030874
804097506
3723934452
2582162155
1941060836
608188780
2454461262
359353808
599065130
419525784
65289781
1605853718
626581872
3188434184
124805811
301290850
1030445624
147491390
1063058204
303862998
3845021113
2187839592
1144065920
473614195
3246641136
14159148
1269793038
321734925
18408322
3782477893
3312247878
2879642107
1226515308
988268480
257472813
489087386
550008300
3129384685
2879236008
2879143873
2097571
1573064688
1401547321
487118986
435509618
515452710
833162852
1164796784
2918529703
258330060
60584277
568998418
1425083180
4042962025
116041935
2985700141
2252236322
1711911614
1157277877
837370921
964351195
1124965854
2255186605
437565378
543194903
2455982180
3117235226
2807913797
2492575554
594460254
3299151530
1135718785
3850950199
1124087256
207519616
756855109
2249757162
918577610
606816202
149937164
3416984464
132568511
230272590
1017333396
2353369417
79598422
1050429236
1353822115
3744638414
2989236631
3140732667
430601726
2751772735
561074751
939194845
3801468196
897645666
348544881
2855541799
524666734
326083901
282942668
317139804
3780557474
323176752
53324826
3447152232
3438965243
3221107814
1867913948
1174151742
2689682894
1047344084
91104004
1585895131
2960972011
3547101312
1306525458
2916275665
1941395250
2846720958
223495564
542515678
2939204450
2793211302
2606860700
2838105511
538221044
972125706
788558719
975840031
3908467154
259170766
756286902
300159654
2997862520
561246134
337602474
1668517962
122854562
1165498255
624488307
117737404
2954699532
261015487
2940450079
46037377
2293012513
1030308504
456660666
2923353986
155557300
1064595848
324137207
94999167
99342993
155603437
825165006
191564670
1054187918
3956665573
1218564840
2833710770
3843471150
3808640892
3867033674
2931717187
3867197952
3867724309
734000144
3881325012
3878886320
3185946524
1903332992
2989434699
32959253
700299913
23083404
516123523
408202199
357318965
890952678
134441959
1010476868
1006326163
456334267
555875964
242784060
1554585296
95023423
2288199332
2557521
132117490
116362700
602628030
210504782
1713138870
169686021
1341595158
2346775622
963730016
606997978
734039005
2484125438
2801316380
2165787264
2987392045
230992315
2586900854
2585180018
1386526471
478260946
1041856898
1971488317
124651005
108474167
457604995
1177039093
154105320
885902149
621032683
2860282484
1391065650
553934519
1619406852
2487113977
2997730046
2257818025
395043774
395105789
849290875
860726058
1908463579
896645989
2373186967
2920218674
1059833346
508426053
478676559
775221842
2851523797
2939598078
2972833211
2296665732
1459446654
2479006044
1518678163
738802381
2420853998
2713879128
1372487666
222748114
6643802
445506298
296682665
2282125880
905344974
63569653
3194851098
282585627
2420520877
326677453
309497206
1058409762
406916818
872860478
802093430
1198028701
1286368514
2443158307
1890428384
179049944
1413851862
186359818
1387552712
443632324
551140522
329087623
24852465
598905023
611335181
1307768395
854533080
945945792
25878644
433556356
1345822652
2160015930
3262869878
479273747
414682420
196475925
614870716
863043002
599234885
1226943756
2952939702
3060877664
592768525
2994356718
2926761673
383008948
2994477162
596548834
2323887947
86291769
328568834
2923731192
726127591
1066342105
261938008
285518583
555628680
277419543
391303180
1055568416
377983255
278968878
483486676
875418978
2899252782
2919510480
478229036
356057396
67201828
84680827
265944987
50320865
231304224
277977087
1128114745
2943429398
538727067
246918082
14230524
245286967
375161083
812556283
49573859
227553289
2974839140
23976386
1685125392
1192013594
431568130
2471856036
617803274
275919943
40413995
117943713
287128352
186849786
2611418444
189131044
198142298
1389889088
1559460626
2988469162
16777978
450542991
75711015
459153497
16777778
2839344014
1518656342
232357166
15846407
843687955
1366668212
759251
340291980
20609518
2881656744
99221521
240599220
2960806190
1249741591
85452649
23537497
488173354
758567892
508501761
402483262
709071878
189444269
605082046
533003717
1191737958
41229669
2288996354
1094298786
177193007
19397785
213559168
1429811287
282073877
1951262845
39998427
1953217999
1374458191
18807670
322668624
492399548
2709162661
77655503
50191266
84289148
1003516866
151955259
16190898
2408539794
282388202
293908877
130039824
1088211762
55849441
631068648
324932040
1001227442
468728256
222394113
19058681
280076829
536329828
431349705
55140680
483759190
31054179
866705978
813286
1330457336
259649201
962372257
50393960
155818701
343405704
773761688
524030202
30664613
234633153
269733273
238480712
274119641
29840295
23690344
27778893
176566242
181561712
158314798
21447363
233183631
209708391
105119490
72031429
296157801
557625659
355307031
734624090
384750535
15460081
133880286
196795202
15485441
63423739
25365536
23375688
1856287884
31080039
205605464
34507480
321970500
253892424
19248106
18091904
15933910
27195114
715263092
27844479
19247844
19074134
24929621
107819182
20177423
49584951
18530856
388784593
166739404
100220864
338084918
240208721
65992743
136361303
58683834
268414482
27260086
524259717
888288576
382051551
92508060
329789092
553228577
19483191
16409683
79293791
141567593
26565946
287604421
53007630
549875174
284317459
404142291
380180989
185314895
43272504
236272572
154067873
85603854
108538006
48604652
31239408
268439864
21111883
47863038
53153263
17919972
420116052
