154713794
14159148
1536791610
30313925
1339835893
101305603
51241574
14677919
14293310
2467791
28785486
1367531
74580436
22344279
279319647
141944292
17929027
7517222
1093090866
1877831
5520952
2717254872
104299103
338084918
17915334
76479319
29014538
82923436
1659087529
489725587
66156199
28620188
19688173
2967250415
1576677768
275168810
261004038
275148448
98745079
75169019
860448948
27195114
255388236
30782495
256881576
24967668
342327238
59283767
555708399
15930906
16910406
17169320
30602016
36008570
14511951
807095
759251
8318902
22515643
24181941
574164058
2821088932
27406401
35094637
33990291
54951973
18395177
17788194
1425883062
141664648
2294772944
18829050
23040346
511179121
1490605568
1048300824
38996652
36096674
18511475
685513
26589987
369238299
12266442
823905
145878840
96846955
154280902
29860364
62513246
18055737
174007898
20545055
3088061389
157102563
21040811
62761019
1324376089
74478182
23459740
20536103
23484629
15633626
46696817
24886025
14360757
19927627
14342018
18226024
39364684
67305779
143518523
87998212
225951266
813286
23083404
15846407
939997405
166507373
30425783
1909811088
123749190
54021284
16051658
59570243
221579212
91173041
277533786
1004300395
407379294
142335727
304881553
121580994
23375293
195137176
24729238
225540697
20221091
422841518
1128218821
14399483
28384755
39008044
48890812
27677483
130668812
45623629
19933480
41707730
15225275
46186400
22518487
128990079
47905488
28109359
19397785
96829836
64776941
18278629
2294597605
18228898
19028953
138600717
63677189
84358766
35787166
149986523
121885005
18088038
524924132
27700571
23812225
102804345
25864475
93805598
227486087
1641640722
211689630
50826280
23760351
23151437
79293791
25398075
40908929
123093705
362807136
