4257979872
5943622
77822208
397170361
9207632
283161406
4898091
5988062
3108351
14677919
417419122
14529929
17340546
38501043
242705768
16682307
125179654
119494687
163024504
393637870
130314799
2384934740
2212802934
145153732
2213122602
83697369
275686563
2244340904
1881168794
8962882
41187603
972651
5746452
56505125
2878812992
72369506
549447526
4060781654
737927700
2383904816
739013040
3587752942
29151815
2877471340
2735591
1344951
15164565
16929600
208643146
1400466500
4031039952
12579352
2366435053
398269756
607644042
117718737
35595347
14889042
103910145
627618082
23144854
31519224
123565913
2893863028
16113773
50133479
149657224
8692972
41502303
15445576
15419652
19981142
33045314
47358610
7514802
15918501
3307933548
71256932
498840131
21056978
42594170
23599047
415075528
24761341
201831678
202282251
21360280
221185711
360838772
930223086
253669752
20442395
3000360876
3405182894
14745823
31219593
16000318
43207111
2062801
130179587
14075928
2737356686
23818581
182384817
3066800573
27268937
149367730
106905051
45369264
322833476
467811173
2853385540
142332216
31693654
2828963002
17965843
19632023
22727507
143812589
15768149
12650332
16649915
1726444358
43668054
1193432024
2850037679
15742852
2613767216
824922920
2862339298
1860869911
2834177950
99069102
15635604
17446621
200163448
3646911
17483878
24254832
17388955
27942809
13992132
12369372
28223477
19678610
20798630
73277397
30045396
2748428128
6644602
44272043
2794697964
2922861086
19498484
303831411
15875898
2457853850
1061456222
1542533869
19208457
55117855
39706174
282789898
31080039
66263785
24773177
28037706
20570702
56436152
54222189
2249852852
236932662
2460134328
397021017
834006014
18028437
306434598
917508956
1870303963
2602015212
17141071
15439395
18713314
18713254
18671559
294712827
16153697
263928436
90784069
189678108
253769054
252283417
103615607
119463826
18208354
6541402
15532861
807095
2799810560
102135528
28562317
108397170
12859012
37261304
18791654
26381328
316690308
25169982
33018963
233266490
628531243
1096280274
2798053548
152198962
36090084
2544899582
205839465
921998198
2544884538
2544955070
2712289765
29756932
64766976
127426171
10752792
34390986
972179407
515650271
90505297
37267617
148455962
16696889
18034732
24973027
14860408
14133909
22990572
427224354
9698942
315776422
5692542
1355061596
2593507056
16392518
38372432
502113165
49698488
166347135
74759560
477269214
450156034
182026131
17613523
1903021
431156768
393521032
13784592
784304
25830909
2717599616
18728980
2300779280
98711815
561523177
38460734
18945029
24198769
21426656
15637375
22334250
26854251
19704183
25531252
77047593
46938867
25439493
1249730778
549460929
24342206
1119448704
170034104
981623718
2299967275
1481460690
2234967547
39513054
959161
19736106
15135588
54718815
193100641
28412100
14787980
48631118
1086485478
16664126
28420827
14996376
70412233
30364057
21718006
398490298
26130127
139162440
71273952
69406730
164516787
44513878
16365305
13678962
48818331
14337705
19593182
23428171
262359254
15051243
424707168
523632806
2469547124
173978918
1685091
177012902
16655152
41400147
2176940984
173732253
46238160
340039091
19777155
481436671
1368020064
799421418
60813535
385201287
818889721
123310108
747556928
250700480
10306902
158756328
27583088
48022843
24602566
18943586
41455240
216797817
9830752
17899035
104389259
4560601
22807601
43365782
14813320
49456838
19796618
14981412
21931173
16267687
22046083
45851048
17075581
23958788
18913128
18341301
30725017
16291163
8329582
19544921
16472013
