428333
2916305152
15224867
571202103
556151596
116994659
15143478
338985020
68440549
24744541
1093090866
1339835893
1330457336
3152224059
3220244422
14677919
26073581
393637870
2209742392
1582853809
5695632
807095
14075928
19103481
43522180
160941691
1536791610
62513246
15439395
20015311
3026603044
281766200
53338746
180949358
104969057
16409285
254632706
394780896
19725644
216430965
64495817
631605868
27457788
340613443
15846407
26053643
26565946
19058681
1969344296
586671909
24807616
436292177
501389799
300513022
124003770
158314798
176566242
105119490
14222536
181561712
84279963
166253479
32827080
41330834
19018920
