17001490
164432849
47370570
7090
45744578
2392793436
340418291
57755131
52175920
15918501
34173162
41502303
126037407
111354089
21661279
1677509964
281445987
41553
9313022
19407053
16896485
2735591
17636894
3144928678
17525171
18170896
21114659
15973392
15486485
16973333
788524
15947648
152838399
23431958
142332216
22727507
13862172
224079521
117543420
533297878
86424236
3410515803
15272784
22868725
292401745
407020720
890099982
124478894
123565913
278204320
92371098
47700683
2198776609
61757071
18208354
176212078
84816752
1372792136
2152381201
466519303
13493302
275636403
115862225
20633239
21414576
4207961
146099195
263879706
19418459
21786618
278365252
17448977
47740113
28666178
16090582
30203957
283260167
2247693697
16426453
1460585148
277911342
383251359
46983857
186864041
360285166
2940151785
16313140
53789862
1403488736
3024777673
77314692
26453746
14677919
16955991
16439471
16888374
1542533869
3192672902
216776631
188793260
3315408225
3317288112
1246236312
3105387413
1187793236
2347049341
8963722
17296792
3243705901
19096593
3252284916
3828537023
1941633097
18549385
249547283
2310284286
2898121
14104667
1567931
16136103
1387628106
1606589898
2493505412
2829472941
2926107510
115584650
3258242444
130410545
68025598
61126132
15936257
28852952
17486629
14850840
213282389
1447494020
225962422
2230235677
632615860
19734025
121817564
296005306
170254080
550010708
606776750
1161290582
2216210047
122433342
2195671183
2875308021
3299212327
1447951322
268439410
119952385
566411559
14368459
5868922
21966989
32249715
796749475
819498056
572804655
37744442
17415095
94513741
92347968
2289974844
328100427
357606935
2916305152
37501003
22026701
142890368
55064939
26990835
2651543857
117777690
477457853
431943023
59923903
19826509
16042794
713003123
411889287
66533920
9207632
158342368
20805720
1349872908
238200232
297688038
1499958241
240819836
1475799840
348484301
873929024
407579699
17006157
550430340
32606955
2270816227
19536422
83050836
1287879055
21285687
1549010635
2471158591
210299185
55155983
965363461
526911841
52935134
1613008987
81733511
19537087
367192452
4816
135060958
27737053
539865276
14669471
259955953
538021652
293750918
17229809
200163448
165111862
13209572
14930580
1318849652
453162220
571102278
16359233
389656192
225445834
82348512
82697303
488622517
2284150586
310354629
612908244
2329066872
60342635
2285837414
1069007455
32065587
36972156
45292522
245689692
392998644
425124422
2238059208
398269756
2161404193
40713876
1525694971
11388132
111416652
982510538
6801772
82094440
14513611
8719302
19605981
238436945
105918870
8303482
120342217
16952174
24006034
628554840
124234862
234535697
339764267
268417711
1110045445
38372432
518054637
373951375
902200087
97732452
19622859
23247875
361321755
508106666
1673511787
9300262
221080645
374268208
54137219
518790928
136357511
33933259
427250055
103910145
948643003
263466153
524396430
439944288
1644228493
168691550
19515424
312696314
19725644
21237820
759786534
20972371
38271276
163971168
24258355
438829074
224351791
16007312
212808638
16302628
42970247
17226114
15473574
531436010
19562228
371922926
35083292
191064381
67105553
768564264
1344841057
54735504
10952962
817652
16795094
987174577
805364720
98881281
112078593
791576346
518649387
92631963
35787985
318358387
28339843
144392966
413327797
107114920
23991863
15450660
440695955
119568825
552420602
605531970
37059085
27671982
195897346
19580890
62735270
26540841
124765015
383598438
258107402
82119937
432822195
117810351
15224895
18694861
428333
15528283
15260942
15528468
262842235
272468943
277170859
25127418
20756944
134555743
18713552
384940104
14222128
334836271
117102136
14401607
48515966
252522224
78535044
73513449
238744876
46232477
55312035
174576336
250882918
31943671
18701067
19197340
28121251
14594608
377610783
114122358
35600275
15390684
23125989
19062153
20374262
223169388
450535545
227499626
414526856
24733117
209595148
51426896
407819153
178083848
457650399
166835776
515987364
324090764
414425470
485025873
516674341
490603583
307893438
115358950
16673768
17874686
200394545
396192441
395003879
219359015
18091706
434532612
378522669
101084228
29963839
249743691
504098326
29134294
248419585
39228791
144562424
118208583
38805018
368971266
214577296
96044767
32207712
349803020
179649165
51410043
56340204
432461069
52952607
244173104
4533041
260377929
14145296
16959340
35535969
394284639
195489744
13745872
258626159
258117714
124357255
175102610
359419390
127240079
496349766
495398541
375941635
24712487
396049912
174941473
227720229
423662810
30149467
21936822
30979413
41597581
491087254
408101524
322038356
361410503
401776011
483313039
413540391
18172009
468912636
242772911
28302705
462101987
274143174
484563326
437310495
23378430
35934955
482720419
82544902
64381689
225116402
348279141
25147928
474029778
77486927
464748089
28604147
77626935
45497707
67547052
68287037
44919186
53282955
15834950
63259895
14232420
158169416
13284672
177352912
262165920
20876522
42633265
283080633
288530605
15275109
76871408
234402376
23483324
13451802
157072973
102787318
93479945
16522257
15950681
21982720
41958099
13133252
20454385
7864222
15163466
34713362
38684513
36389300
15936982
208058457
101848693
18929234
213438839
33792634
481416324
47387039
485483590
22564649
9235622
148087877
338738438
430375681
82788234
41273036
193096110
390881832
16908887
18148414
22571380
14339587
282695161
1106501
169182727
14885620
398958701
11864172
78164644
14293310
742143
24506246
342269680
336734017
295431169
40754566
288869649
15417091
49053088
47693300
15946172
330673355
47240266
114452371
378341729
65036724
17023509
43934416
207956549
224495373
458207103
425648546
400748651
388431288
310799639
61843868
482448505
16002456
331800539
301140285
226034277
14980091
81030829
14426044
268380137
134858252
20455336
25432511
31895345
60494606
132194756
190619861
216311666
50405341
75974281
470630625
19191414
118499684
14096763
330361451
78018983
374071873
22507908
25461473
443568281
260340277
38712627
416684117
231307908
35407103
19524694
59884399
315098310
387952600
14292458
19462341
474422360
48038030
241056520
263966773
107852591
59307520
309816509
27288119
16710833
299919147
357271739
450002126
291372361
479096909
200251856
323648321
381338347
17070787
35767916
460031641
455400174
25704351
73068329
2467791
115772421
205928535
97546103
163813257
37714822
380151165
335472524
261981102
134374658
122111410
158502736
294148914
432722911
310424310
20793678
375288793
384204208
13691622
294848082
79475078
18763078
8136412
49561233
54558463
80867639
36630384
254964829
177653664
456794981
242693126
18359218
45659261
442558671
450383543
33086171
224989007
47422818
396358837
38576438
442216964
374156427
18510860
358504373
42389136
33522604
17999296
15947602
198377978
387150949
352041144
28601783
22074609
17388955
23097068
329203277
291245522
457695961
444999560
46090688
418147847
428538212
17673635
37034483
15446531
21406740
44724170
12309152
102955736
245394785
404642678
280653895
462804645
51755316
258958247
350624714
52024106
176538106
410831528
157080344
140919735
16689723
465697531
292493063
108811740
37420708
26078080
24107145
45888925
38229450
54301813
53485695
17800469
33608431
22986272
38327737
74924273
37974198
15803225
24000087
14592008
96422898
16831577
452951911
131074305
386823748
59669463
14071538
15731368
29943866
386057616
454633051
225496697
306932184
395911020
384822746
242825331
274265296
434335930
466149628
104553468
468400102
394885737
416374242
23567622
214815113
388978258
26167610
153236455
268516461
134867773
24787367
95918629
1223481
266119609
19738095
27670162
191004320
15484198
214481639
58658162
435236285
29442313
15667291
101385021
264701812
153810414
460757802
284137372
217924824
90671918
442947039
22328404
217236323
226275688
6750982
439826060
74207059
116775939
379481082
408558184
223315248
206035000
34747631
189016127
413546220
379272770
50255081
112260382
401491714
263278156
24661901
443395529
327579981
244542297
10886522
128641320
2890961
30283853
414951434
116599888
17089843
451480626
145618951
227732429
291758912
164929952
43149198
338069402
438852456
41400882
463776934
360723990
461770081
15566804
268606389
148473927
380793783
34708655
47326500
24268066
341908197
11866582
20496846
432878009
8431652
396056819
20181248
386534226
283232932
24907140
17990493
460873208
214329079
17670232
115108208
352445450
14815420
12524522
56735051
48360903
14763734
308831940
35741196
282257593
17783366
19951102
155952299
377097322
399459310
81647625
48847011
371828170
38270869
377011275
399062714
377725125
382978758
383859204
366262200
439529786
442642255
25807676
116108369
381728241
194870705
175433711
378454469
379246522
388737362
61125151
389072771
452863696
400391358
297317600
244612695
125241911
62521734
16234775
14370819
54918323
272550180
248845681
322183008
101909583
411773648
415875770
407380020
402399178
278914984
405170423
390196713
54744689
49449357
379412542
414490471
285454466
383985737
436236513
46489150
190328033
24848955
24660478
309302492
14752085
261918509
22251459
448627112
232491158
417483105
27000730
19573089
23322956
30392967
188809568
95994080
14335586
428405553
26186678
269636688
165897043
42922509
34007097
14434063
15458694
133774785
390988316
388991418
14185317
33781711
16933383
369583515
380311161
426436217
399870798
19376746
258961053
42328778
453822485
69319223
377140806
225615965
317107090
27473193
379019688
279390084
15281287
10074902
5904512
26347449
84404420
39897996
224611655
149022695
58916749
24874156
233082826
406438641
295229350
318818792
113080527
112703824
172546904
388682954
384482886
285137726
379936422
121360627
89792919
388681273
27073265
225235528
107617593
16664681
63650107
22509548
14099214
287423640
256804907
34507637
131497030
389485253
211921304
19621110
226189216
19798107
23682216
93295809
66643970
48144323
85612928
273097138
402311201
293137387
261506760
52778489
375967892
184059426
361869977
65402708
19865528
87269900
56560744
327132363
414089513
136879221
310232405
301155698
282272701
240353417
407608757
403476327
437625787
256303304
384090861
381940946
41507212
16476783
14334547
16129920
271080703
266382876
15579178
19870134
308933638
121788405
19132903
382683484
235107122
14780915
371039632
380478161
75978428
380112883
14775787
386979673
388523517
312668553
214839214
269995316
440362326
22692199
200428611
293616057
142393765
15978412
387863432
381674071
41424159
93410501
55944417
14998358
14561364
383617672
421660273
421589812
427772531
262858056
248852977
15633129
25251058
126765090
270135243
280134136
371561173
384614677
381021102
19557395
17625601
17481804
17313682
157013229
254684759
244730854
99501583
17180464
26946495
212672791
398368263
16958829
238641582
161830936
26053643
172049453
24444592
18197299
18197476
96180187
22493241
28437698
1737401
312044197
36892347
225739533
95732880
286745132
281798145
387840870
146202959
403133524
19000765
50228468
418981849
820694
414500865
11789752
59159771
18476403
24431892
20818801
203676335
26571356
384699076
402472275
395413470
393228679
395747531
22992908
15976255
52352142
22117431
247048347
24502618
164339587
441175894
193436906
42217478
360392382
292114779
95274145
402813610
188810389
371483818
292315140
140060120
325585553
180702682
421265434
248389878
382802950
42704823
14957147
35449630
5971922
158414847
5392522
5741722
322334795
9252212
16012783
161752401
384950179
23865382
47459584
429227921
71525311
278066224
319961436
19558149
255301761
15376907
146058953
87175353
102094084
115660898
7540212
117587143
342363193
237009130
18804414
13623532
37125529
151190865
255471924
138901003
69416519
33884545
169637010
220248598
57986415
133945128
10012122
17485551
108740292
22952132
45013575
247288045
333936316
339012987
103582017
340399707
341972356
209780362
340290381
386190984
61097151
66482525
118148640
82530518
228170880
269794637
407754987
322323039
332862230
5402612
242253962
100731315
29979814
127359822
7677962
109177549
76563603
104152360
139540487
107751737
214358016
122799865
342309529
340329096
98561160
102531607
21522338
16551859
62810990
27368199
190482771
32911705
23995993
61691014
170575478
107181002
186749568
15038133
82656516
16076032
378419352
14695985
30686025
28165335
314552752
438998267
91729248
75052666
29216764
24451769
106135938
395444608
401797558
378977056
380714855
87818409
88323308
17790274
208361818
141834186
388875860
6604072
380561921
380607631
379573412
383071230
109065990
400983607
222903742
220072518
220878524
21487744
31173062
126055530
85369984
136389861
322904167
57372799
260378716
169195225
281293662
318497416
282413488
190605217
9903262
241252324
382971740
114828876
230833585
394653203
250466938
248566024
322801186
270930214
17814938
226038613
50815971
16153562
51241574
380186246
380002203
382082669
292690707
411872096
391907316
383605361
55896553
417765781
232245547
361215431
176797045
189376144
378546078
385592966
414507530
289420613
13393052
399245268
393518481
18363508
15822295
14326805
394561341
43178145
23407635
26151597
397822283
367245261
394974225
13858872
393588826
347676700
413401448
390382418
425134250
49473571
48210395
189427972
379614285
163162704
17358750
82696064
381367928
385579186
417553124
24756655
47335994
27668050
348062590
230527949
48404572
413234849
257078274
427432209
222664995
351383196
42575532
384518572
212740507
18329345
16489200
396118808
175151923
224257403
335525132
17094311
15632889
115754870
154045477
14266598
394281446
21540725
18450384
17298474
56801836
401666271
16093403
21246249
426093462
18594226
161798801
396995779
399697793
18898872
138423889
133040750
254821610
77302589
377837520
35392356
16137142
25110374
64643056
414920101
43789332
3419141
16052159
115962083
394186223
17070113
27598017
159301826
385238590
25065207
103101472
85243004
18424289
78883324
240818409
15749216
168697429
100794729
73034237
79938255
384949368
384286683
339206441
389254730
61376080
39184406
376462687
236545207
155679456
366819394
49643150
315068411
386782622
248379431
198260846
22261326
183523165
15402429
6017542
17653247
17739438
306296951
402349594
334999986
115190269
94836153
1652541
394534330
16870682
350034646
18662439
193891472
383641606
24290310
86151610
148529707
55355654
310545245
41630709
141254689
140048972
123631686
65111663
28926232
972651
22681340
39814781
103962319
153811158
265242776
5520952
145663278
76931020
18244358
19215558
379971585
32956000
96811071
193495656
14173084
383558512
223978695
6487292
86879744
43464948
101017202
23962323
16245822
14702533
16895274
71721349
83637011
59345598
153881786
241215263
250329942
171517742
33986037
18851248
15949696
17650854
14296273
17207324
18932935
48798239
18435913
189368709
47465764
21340312
249921254
15933898
69980292
195168818
15248905
109387470
107146951
16000318
278036371
270931952
377451160
380228147
16988154
352169821
378463392
377266690
10293822
1211311
16893491
17036898
8173002
363357451
378163685
14122358
5232231
17718497
335972576
239936765
41081280
166576823
15471824
36743910
23023236
16013368
1947301
25856281
47899646
15808218
17636405
26574237
14709784
114923447
26003065
17827718
19837734
28318908
52095180
378415750
251369956
335369838
155646617
262465178
38722929
15791237
196967570
82277476
59333133
377714369
338408709
165656391
262951508
86421510
180481078
81171669
30924916
314301172
323490146
308721189
344555299
171922335
257632213
335763028
14927297
1339281
70805397
355735924
19078594
17483878
7624112
384031011
116725016
20655029
382942684
383800212
171303254
31421672
41714643
80756492
124585400
175384457
21112100
204240076
93133208
271152446
20793636
377220892
14128992
73483974
121546061
160628627
17979013
157495926
221792765
343420501
159574986
47492062
324622565
243027721
268980902
16958346
17220934
15304804
212309984
158778608
61235037
21793686
9590262
20281634
16125473
154800274
22105598
59188950
22556400
102764806
15108520
217269855
18508800
6323872
16965835
23735162
16547946
173467660
215278194
117919179
42697052
102742970
114577621
17273777
26798958
287917012
282452513
29912303
281849119
36114743
306388449
313957375
276877174
164112291
18377834
315411863
144184861
338480916
89514607
212060443
234203889
352580453
365859666
155310327
14924061
46038041
336881258
25353536
91394965
141371449
37489008
294090666
225639505
72275689
44943200
21586867
23670204
38049046
80684541
263638348
251220947
616283
17424447
59610958
146095589
23740015
55789596
72841176
38485998
15378498
15811628
31519224
24321488
201340684
120299005
278237629
336719725
219843526
689423
17357328
27942809
20928137
28223477
108186352
245722114
104281523
101906681
62556901
37522926
97027989
140334455
18868617
18135115
61597461
219122488
98241558
265091776
9507322
8864422
62286141
14760031
15068503
15616561
17903385
43813158
255326264
16922029
211106021
40563307
23988268
26289923
63199409
10458222
20511464
68885868
142443667
163180582
119391701
138934335
187223570
65709794
174818100
109125791
199022396
36451520
202504945
127430487
22330236
241556071
129785195
247333272
167702992
332983694
30562399
189683584
39813324
74493121
20115499
17233110
16119668
19643599
170858597
19653106
47214759
77040095
15712345
14812022
240175199
103602549
158913858
21076982
16455376
16862448
19678610
31188226
14357334
29085908
19119056
18497086
15580235
25789872
137454963
54671933
15954064
14759840
273018101
15141263
24955490
40049775
69380964
117884658
194498302
146110392
15469097
10678432
79071367
14252489
281520311
12451342
16599695
9688342
108910545
94091779
37592457
23649104
80749871
314136411
14252975
67913349
15160192
190925154
90467401
196349991
129163488
98150065
79483595
710553
16345862
91231606
121164943
276598960
66249982
126329845
17828036
91285471
178035006
125724845
141953340
67277979
6016232
219487549
151150133
26129425
22493845
62840317
14387835
246685982
135737371
17277545
27886482
38013736
14350201
15198601
21411356
46846384
61899397
164906215
299117176
14886210
191572224
13142832
15495508
23866949
62591844
104996918
17997025
2194711
51808868
57851967
784304
142688749
94094438
23835434
42374778
20697680
209719606
23881445
245464271
16909240
262131315
231923351
38759840
3453861
19081093
17965843
23606540
154989072
34707884
17054053
117252538
193419870
199127571
29452677
115597733
47525097
14747551
213856259
37894226
226463424
148023442
158285544
54326980
123878693
191584193
200743311
17446621
28426375
15095331
113155202
210970228
138516441
179216081
103607168
66736384
223721387
61525892
37886064
14617710
18490127
70044493
19282381
81621892
17677164
291741659
17229183
211235703
241268062
19782164
79797834
23673346
43900648
282174097
766909
24254832
198294619
199432531
247020027
191958427
6644602
15445576
46241448
71159711
141741310
116293156
86295631
109018919
114840148
42660335
20517081
69009066
139594044
119129106
119332466
220852668
115527068
21899951
23839835
248049056
95734543
15264157
278771838
221743730
287936495
134554668
162173582
54963271
236891946
5795372
25869961
27491346
3924691
203203007
227083665
290136204
41635723
15666403
39203045
1344951
54585896
169222815
118864905
34732474
14861285
38889451
38141299
19625490
24113141
16394755
99278638
80264626
155358383
11926442
3459051
17471979
17462723
14159148
76431630
194906907
14634720
164053357
45083495
47995856
19697415
16589206
83701499
218305667
172586029
18614747
76974400
34418420
74492844
105233456
802251
16041234
23492901
15639642
17596622
26788284
20702887
21662965
71731684
123127640
51046441
198249273
118466363
190455640
7396542
15001957
14401998
82379909
47358610
21791760
16016261
18800265
116804871
52551600
15207401
109172870
21311584
119808546
233015738
41866944
59916022
84613922
174439949
139472301
44131635
186309091
21952817
84689662
72559057
275387137
244045157
173864149
128637475
61628074
11481442
163857324
153170209
122485937
37294647
149290270
192662920
109010763
37875647
103133148
287814195
144813097
138485304
172778727
25203290
16186995
104031575
18217742
9220662
123053766
28675592
55908422
12616
18861666
821193
31474517
24604797
14975898
75087584
12369372
143812589
128972437
81428480
33199324
264033530
19632023
176020991
235163301
53047484
30182732
21710527
18358496
44272043
90598092
13683952
23144854
13992132
5360012
222835062
16597806
254218516
57743659
2927011
16341217
24321560
19170041
16668573
20609518
15588657
96025389
23215155
97533221
123433756
89008285
246800709
17483190
92660570
14200447
29249528
58857669
259441817
18402199
171985977
26906811
69008563
213969309
16790185
181199293
16122373
16935292
4970411
21249438
17614422
50374439
12133382
45371222
14248315
20690398
20479813
22677790
125481462
15962096
