33549858
2367911
1023072078
2279377496
2283993594
16896485
17919972
2467492333
56405314
15222806
91478624
15110357
5695632
20562637
16689804
259403751
366907915
67358777
20376276
36843988
20536157
20109973
10228272
25589776
23613479
30973
18812301
259379883
236699098
23617610
32959253
25365536
52544275
44039298
14159148
37344334
30313925
15492359
145767636
1093090866
1330457336
2097571
14677919
169686021
87818409
22650211
14824849
1652541
2884771
34713362
16664681
17525171
3108351
14293310
525264466
28785486
17446621
17565514
7744592
15485441
19697415
6017542
14511951
50393960
51241574
16303106
113420831
2467791
742143
28706024
26565946
5402612
19195914
759251
90420314
1367531
14920785
277546050
158414847
16129920
95023423
29623185
95032667
14669951
1170384912
555541789
97023984
1033508154
3233206321
2476503910
1558262562
1104128798
3252171673
3305870009
172501084
529140270
761905471
19044933
1410915836
17416571
1219661227
2830872505
204832963
2835276183
64744352
14434070
31080039
2836324010
38500840
18675077
2432213029
19265529
701267743
1944735594
24335079
26053643
14772687
19571299
1152730051
1339835893
389112498
217462394
143528416
16457400
27220251
34992381
1051691744
24894496
500704345
97698520
97704736
14345062
456806128
2836421
13850422
16032925
263758909
409486555
733751245
939091
50055701
17349956
17918663
41073372
35084169
16409683
246481013
56592105
15162718
109910867
18565524
25073877
25203361
124003770
21833398
239044308
216299334
813286
17093617
28689856
16190898
14230524
21148293
15588657
17266725
15224867
428333
807095
15846407
19397785
23016395
32004130
22676390
33514869
21258337
27042513
19058681
19329393
14803701
