2435142481
972651
19826509
79783264
498328279
45413510
89059001
12912662
1543669128
19534873
37350044
95610041
41792085
215138502
273557471
179561479
2474570573
27672386
2901880597
3100527617
2916305152
253577097
176763851
523387152
394248474
626194652
45828349
120653256
192170847
1409952565
133404204
22084427
170456875
187579374
308439963
1582341876
3226238609
3382697163
3163091871
1156820016
491581948
2584594266
3164031459
1496410771
1425410419
1466845219
19585925
3165387136
2370663870
471300325
65647594
29212033
3210155033
1280737226
296337551
2251821742
56673466
27212264
426595070
249663852
19530134
76779724
581080095
1222074728
31425901
100761889
36339024
310250796
943542662
21356261
172432205
602576462
3025450914
2657289133
850860144
2578295631
80406027
288221671
265653022
1246091880
29044572
284697184
1429952462
139687841
247799741
43876479
1240998752
75754017
14305530
18138971
1066063453
2863563088
237548529
608326460
72831048
83814679
2778103062
102027437
89486038
19111767
20155652
17939037
151838151
237963290
92717138
1526228120
263093657
127333833
2785125760
50597271
21024997
22411875
18691824
23179472
578082910
1315253582
108571692
77187402
394986531
498970009
20198793
18028249
395308832
410579466
130922325
89545443
23578176
534854876
1432977446
36644059
2706072331
1978875194
2591845159
20092136
937954519
102839774
2585396407
54203238
142157505
487454446
2692604001
1228516999
1250191058
14387275
2610169701
2563872122
615358320
13341022
56964129
469146800
22005301
109258299
15179120
43400283
71584373
217223589
146786347
2429412606
1225530560
18671559
2423851724
2423478840
301661673
77445818
174737172
262602714
1519399248
19249578
46196221
1080641113
20035983
143145579
2239990084
2288027320
19152541
20204789
828847536
216423139
410246929
339055436
295632119
2246219423
104969057
602317143
82097756
90962704
1689419970
975700952
1621181665
870471205
528342533
2205619346
176768308
574051503
40297195
21850078
117662694
231183280
1910984928
255995836
1598644159
807494478
70361794
281468006
61740757
285112152
1260303660
1399736798
1478129642
1023072078
116562680
1068121346
69670509
287834630
564686965
31173665
586671909
499519396
85422438
136817977
1367281724
1675352647
105486615
1677716064
67334521
171216380
150614565
476236325
88679803
134492423
111614382
53110793
951840618
38592915
473780212
23066329
76351820
1201051748
523634616
760546868
47947133
83827310
47912448
308502992
1098688285
277514743
15108714
1249804682
30703601
1531069374
289549640
251597516
20065342
269365680
964179013
1194389588
1412526463
446619788
1435353169
310100385
23925387
277481659
116865534
558750569
1348607384
304979196
1426589690
1425560226
357117097
38486562
109080285
998976253
705719918
517476317
261695619
148878788
339291784
21387662
151948601
534681053
203063180
309519997
20044503
1325431704
128216887
19837882
888212527
42274437
43197340
495145422
1236260641
44877684
66465926
314152171
608201042
900414535
86712143
312260110
951575048
492296773
20468523
957528097
207773069
179867570
20534076
740895398
535417023
783214
30313644
409972159
55865242
298168543
217080904
183387449
71265485
375055704
403972173
90267397
19813577
913020420
915487944
19499941
157378576
20698976
157718652
406634863
89236161
864251336
606689170
626372660
18863867
26335241
176486829
19551069
834773568
234443556
15881026
362793085
83855918
333479776
17062358
237281470
87036741
108957853
402259961
258759206
607087718
472287041
2521001
105358412
19762524
118816141
415155312
23305501
20065463
450844454
24447643
68741574
357110860
24573827
18713254
18980276
38550668
118685228
154494287
91111976
20149198
17336417
25489250
85363141
460488111
310960217
51492686
80828791
46393803
20802277
271106411
174991012
380215177
305209486
135459409
46460395
15066760
304654620
293720685
214680621
55024445
15636954
367284950
85691223
339933843
22560570
111323990
199009284
394081026
278175819
26759984
214153705
420318016
185344587
374405263
357115023
357116163
18058741
17387399
268806872
76016956
240843026
248622812
44606764
18887526
19394186
19095849
15253147
