1281840253
176946754
3316267142
12724012
3386463460
286234486
26540417
251318959
902200087
14133964
1968890413
350936512
14677919
119519642
138814032
568492638
88991509
19569711
33940221
2434191967
23198306
43624505
2153667035
558839534
59577517
90721862
48468361
252410156
16444544
275763156
27660598
17469492
38723680
1665514478
336346706
4390331
18451200
272019676
1282197158
15888142
2300042929
23034673
1312387310
2807671097
442824547
592330191
32189132
222553273
218457041
53282955
3888008718
205531045
196730233
1859515387
525005120
245538544
105915404
2392793436
18061792
16397147
292777349
2469720420
47172488
1611363618
1723715474
991911235
3509588356
31653264
39878654
442593662
3109360564
14884486
5694822
14311436
17369110
14345062
3289060776
147463326
827972838
2604812592
209621926
456234046
12231932
20221325
1134427117
16129704
119372054
285224048
41258937
15407632
1935522577
13081242
2664276895
37611292
15996661
269053724
2321112460
141790007
2312595268
92635627
149012344
546007186
20800328
21447363
160304538
167760471
2265048648
340418291
3474606374
215207998
606623283
158511120
125975756
53789862
5330602
177433069
517668687
17756037
14335880
312696314
2732602029
534635998
6433472
3298005642
11347122
8350912
80077721
63177215
36329597
21295118
3506057180
476193064
132254256
2693005074
17445752
488565069
2797701
631983890
3293952443
270777145
3634187958
16305330
1459232030
191555622
2379995545
750626522
1518076123
33939761
103167711
126062842
37011248
3253285213
2318079684
1173756973
1913235571
318163827
1870199869
93182251
80366372
110546573
3253125358
259864160
53490475
3252803412
261918703
3258288187
283840407
33537161
3385068466
14342564
1965837606
830249510
197189131
1669116548
4774881
2935453127
3043688018
174953869
386213011
498167911
378098449
374268208
5988062
403647191
324572101
1593295976
15292065
3261497513
357674108
3668017634
1290681955
17986973
1693446168
2971477709
155428494
1708297777
233254676
3321065987
26637348
125995973
227653209
223892123
23073320
318830236
79297183
14700316
117777690
222905502
446530862
2916305152
124010482
14260960
2349529394
40076725
9695312
40742421
334221786
87957969
385374505
34113439
7707062
244635069
2218868586
2334947540
2428796856
440473807
39252323
121597316
2277551988
10117892
15950681
38532589
20583993
29450962
1371555236
16440284
2832131263
517664926
423931126
197404857
241194160
248098794
3032255475
90280824
15279429
28619103
2150214391
249935510
296005306
879038035
2307296534
14095052
596964216
2900253681
2306044737
1279624999
310482542
68034431
69231187
229145733
974473813
7884802
1017637447
372627035
14266598
92399925
17919972
277546050
21258337
2678487012
1291831
158342368
331314678
27139214
421616276
118938550
47646874
329660044
138510935
2233154425
1640603341
1323165422
3271428955
24408575
112733435
210183323
114870265
18562122
32181402
30068744
79128024
271023896
23995748
15828025
16163966
2907942881
382920253
781738789
30095189
234642014
356606989
142721190
3411034078
3413623935
2292076411
29467516
3226409554
62594204
534840913
51520631
2609677322
219427094
123320908
187250973
1143861355
3116027838
728604440
121817564
1911303422
143854631
1917364274
489475164
6488942
778798705
95431448
156720463
222311807
243442402
446423799
85430754
81163402
85855850
18948759
34713362
2600981455
21581503
48073090
22714413
85479039
149797759
3019385613
2457050174
285434613
301463253
3145375730
41555739
387871411
1621504488
2354011302
145514947
32019423
3373299921
2505220368
1359040722
3085226356
70177699
2894861997
27487493
1489703012
173920174
68036460
2956105127
23053980
130617778
637237727
16160943
240447091
1309414543
205594654
2239649492
200163448
28718157
716813053
429227921
463434326
18646934
34391224
49677817
3313461562
52664978
54241149
19658506
20272083
12916762
2365377655
15675138
7424642
42753508
43368985
221854190
446727989
114357501
711803678
71016845
489775151
27127139
410135192
391658754
18655359
255827932
1475143686
1297947752
24150634
2286862575
1714431205
387516768
1885203038
2255093982
1311764197
1934770050
12369372
924164694
3246085665
2233635295
53309297
1566548371
289860450
2602730623
1702148870
620827349
3218936208
770626915
2362841450
3247026714
18993395
18363255
783078606
226662318
113437820
533968111
1909044127
16194080
222691723
224369728
41746344
33933259
22872308
2367911
596893898
20708202
300090586
1456140842
284383568
98199633
60115647
305277457
1532706350
2739596257
360163238
306743476
2436879253
2519580234
16419495
41859853
519728191
1380181963
106135938
2989449429
115858838
344831981
27277770
28319608
3351246088
941811858
442898239
3026979857
54991746
188627138
32359921
3078492542
18149465
4101221
536646582
2899875403
3229174492
3120896337
1496530303
18782063
3141675102
3193932543
1895922452
25144145
281308013
2314018987
2963830033
2996385891
25673056
2341396110
1455506612
58029597
59226213
19259102
430192464
2582823408
716655746
169282528
48636686
200298671
3296103045
2897970594
3004867852
2622553496
94567339
3121311504
29471556
348117053
500391228
2770567714
138770045
253035662
46678624
192547775
155468678
225693988
53176629
173170847
216776631
1903712426
438009317
247932335
235893581
907198734
210314987
338106728
2302449751
3178813940
310814089
134850542
1339852339
284323570
503141318
3016525804
8161232
248670810
352439938
41984111
719515690
62971680
357299551
111110077
42999204
1536791610
370964129
279238668
220983975
21170191
2695663285
22642788
264031283
95257207
108376246
310923328
228382360
34743251
23818581
944367158
2305480124
39008044
47696444
373474887
19417197
108052332
18206547
2566535282
5505302
53090314
30815935
15066876
16955991
340635228
1945435921
626799631
1853221560
102753286
1734308330
312059091
134758540
279870995
853010233
14810783
411935609
33780561
253025090
421498190
1226664930
18787733
280338555
21600530
18443731
19802879
790264567
7713202
19418459
72198806
19834403
2990514564
843947820
261558942
611214518
59171474
2993389921
394882876
2548100012
19030740
19380743
443773293
80803819
23676863
1410723450
17974374
1225944542
21833815
316237397
20752106
33838201
1655924617
2680336646
1344951
296979153
16364620
1353725072
857001662
1413593322
522593098
21710345
23958589
126580897
15857447
118789914
32135630
460163041
19527964
41156599
490936163
42159953
7771842
103547155
2943804864
3053703029
3020484668
2784784744
284320032
124898913
69112295
610322286
834370586
1378596505
2360094613
250159277
210951599
2377470116
232757559
30231573
53056010
299876795
1345580348
243635149
1703091768
157257876
115186691
1092188078
603986609
2553513271
2323123429
439042294
14334725
32327154
2372275920
117457929
50517206
1380677004
16351704
24214013
3013224187
19308529
242992653
19920360
816653
8841372
136102085
1138735873
16799074
2889106790
16331756
338091005
54422326
1575861294
297447292
356228803
539865276
22264801
39922594
113180383
563281155
321299775
17375617
2250817146
803826720
1075324656
2834511
32366249
327165827
81164242
26794016
46853099
76027332
31160337
117613573
3008189529
275983663
29770501
14780915
2411694794
156651229
18424289
1888217911
1194957349
275714700
22870000
605856131
125512325
1196841164
370011247
254999763
74322499
50377802
270068926
22518224
2943889465
2786934602
718258717
2735359104
72510159
2854815620
14375294
212023751
82884121
494320328
23126091
14401607
223489318
479562736
416434170
848377190
2545900439
2224644214
100880543
1963491806
2869081100
27268080
193285259
1389824197
33879063
17918891
330319115
43502102
1700472204
2919299324
2830790397
53829677
14640553
2724745069
112315543
839072018
2943855993
2517854953
355464109
33923443
23833641
5743162
338985020
414962189
538021652
2822117268
1001282624
2291315696
113946795
2152098571
310267329
147491390
18466967
29417304
34235414
330577722
1265969707
16438248
2766104690
125543082
2310616300
26067088
46096376
2920993286
27160295
2285986939
2347049341
259396022
560497324
21332200
151106990
259872414
125935401
319305618
28151059
25864678
2880280541
1427772518
113349253
920161381
2905058764
2690144502
2649991
2720617640
241384833
2533079148
310310153
23372163
81982525
39310797
2715931541
145058470
2889530254
2800648561
532556644
2207430032
285694823
587186308
728180250
208886050
556537535
20638331
2353974979
423117326
115131598
526437858
26710373
2892129623
24692074
1423707932
16568402
968222028
221847438
2444673301
2376750782
116504222
80087710
24795012
1030495537
2284066573
81305054
1568656350
156039442
221969724
541381037
36511031
246220722
35773039
41866786
49081015
18229734
2329498706
1276135706
2600039982
205626926
15212700
25767670
1138423621
1918976288
125481462
305614280
1432540866
66739464
244104169
762642156
2825478847
2755092227
2813211061
518615888
481645383
2233341246
75136876
403353373
134513525
240470335
345139215
1193339844
40554517
17047975
455632174
240619680
14606079
2447793618
528732754
2829175327
53017384
17341872
81073633
2344171969
594863522
1969346438
29584150
20228233
155647130
293338829
16384038
18839785
2436389418
515838635
25534070
18918483
101367986
14275261
18082945
115556255
18008403
7144422
2648611867
22507908
2788284277
1381926373
390694979
23089557
343702505
29309901
537749686
43187274
24091713
472830024
19722699
34688282
2514696846
19462341
327049481
68844197
257324228
401485379
2681426342
34446512
17070113
95270002
823860
21401563
46085118
316632855
248067666
563144321
610919499
62377977
55355654
254340803
326021185
17525171
14297098
335455570
487118986
153632621
462487731
559675462
572225652
18645164
43317553
2770804376
9589252
249829414
66369181
316345233
180408501
3761241
49686679
38400130
18541658
1614251834
1265487884
334071381
138473832
547699457
778382491
2183406984
2664752136
250940553
278005891
29015085
1381088924
61242633
66302067
2237991554
2167294999
23962323
2293933429
1949857346
521512223
742726076
1546887205
12055942
599640456
177002568
329930757
2301041859
206969078
436795156
279175038
14241791
95250102
32405269
964892246
16092768
871058148
18814491
16017961
166284293
322913681
403929334
27235734
241273903
575451034
558903596
979457803
2666737543
2575303201
253015919
366587205
47127389
239510568
238780499
331317907
18241502
20255162
262618124
2600958656
402845856
17471979
38214128
316280196
317907435
17346158
396044297
861442146
15007149
924483025
27783289
278433934
62383157
851798726
368101924
1532154240
1062225217
1287526376
184963882
33964620
17260074
121877446
607558430
2204695064
709422181
2288632549
19428305
902808547
12300072
16973333
2342191742
2581663284
403932208
582868865
43261344
2521541502
2308753489
164263382
2190715964
1377345829
2591662076
2605668121
49269819
414488432
861430652
24290265
33276161
17296792
310258175
272986795
175500549
19562228
586855139
909196237
298321693
432557320
14353392
49117392
150619732
300135299
347490919
512541268
21361705
2345145272
2724584321
324086895
940808108
331377273
27474449
130376756
21377905
251769890
504736628
319777415
19461153
32919802
2269619268
242448965
25401359
2388815168
297247574
17343896
16972385
20639175
77099241
113108098
2546360305
182503471
309752072
22240612
20484934
2484773384
598038429
67095221
146644080
20719498
43445412
2218087658
15355596
53474689
839721253
79558387
2385887136
399237804
1616534946
2574531054
114585472
14481453
2478705061
2196201139
455662560
24556105
518043939
15431856
57023431
580183048
321774180
490339438
1529848675
380648579
40589647
8708342
66256515
20570702
2396615286
17420951
16473793
20612535
58392270
620283948
63144098
350047207
2226694310
248414308
1287128935
212767499
366229034
456041920
1604640828
315495725
17258301
25380005
2208712290
493941986
606776750
16383523
1335804572
1364833267
156511229
1966921812
1942453848
2428776326
587570431
210556794
70183192
80210608
116348499
807357738
311497771
1620010466
17718497
17358750
2331209359
16847525
518744362
414873541
2372930227
2545580088
86044152
1636106844
20733757
139092549
329918977
203930598
498549062
1630896181
19725644
2592757479
2252452489
58525387
220997453
1433354462
411926850
157099071
930126308
257520816
276842152
1215850346
121183700
280884837
491715126
373457904
145659451
535757259
247744426
2409680634
22114231
253016098
2349469176
1868258054
1646455254
67839926
18105473
235235930
559335813
14192558
201983779
2514970910
110213431
136422425
18480511
68754498
304614019
328173159
634785875
365642763
66186602
949614421
104553468
130960440
1000971792
412346470
17452409
455288410
2515688939
2471187709
2283754789
21410757
4816
19380829
2340608630
344308796
1873608967
78382995
1556690444
2468235744
145856381
2171400301
575925999
31507028
103964793
1551101437
267603819
140060120
22823062
2185248516
1148955104
1897906512
11348282
255471924
387228067
280290282
2437225194
836464842
276861987
93111391
357331066
309972791
196447106
2216964810
850633633
17072206
19658826
773145516
1212383960
135311735
16533820
343800608
15628274
2408707802
1478211248
21406740
1726071224
2329411050
265705962
564168002
2451057268
2211276020
220548561
33180037
149543566
26073581
2422702611
633465091
1628995964
37435889
352348834
104459389
1195127786
17874544
2280094214
180135400
1129966940
2391230210
323649359
107146721
18948541
109674110
110363115
291372361
343327974
348468331
371950796
305435798
297688038
26586026
21968778
75403792
2187438246
21440866
2303688906
18536718
71295595
50706656
48173196
860777012
403840738
15978380
1924921484
404523392
320889964
2366419128
102010145
626006840
43112319
18463709
574606045
28064275
18267698
294991606
121906713
1866146216
1378240352
512417432
2290690782
24046313
1643125261
148055679
15466386
545303815
25439493
30045396
291546336
5513142
115618332
65698096
1714940179
1115348904
115827236
8522892
111698159
966530718
2265565418
15710384
17890304
38370559
894004202
20902970
15108702
1073159618
35977487
80502940
253591037
1589904193
125827086
1403483149
19068720
21773704
2190560035
157981564
48033488
397227581
78037670
36349838
103065157
25067168
11265142
1648968535
821785831
2263394185
1122634170
1074386082
223744995
104890758
58146251
61783691
860687102
226954021
706923464
2196075797
2326749696
1214410454
14749818
1697668345
1413995599
94784682
16795628
2263884037
1267826966
901537399
221707278
1587620455
152794986
53112612
185723734
958784407
1551728340
526126998
751947774
14423387
31212830
878597622
160517737
885314774
1892622296
1125762697
196720812
134924292
17138634
257989542
2173646835
18554720
200932969
47477771
111313342
19830253
15335670
1143506634
189341110
52281482
16226652
73938917
459269265
24467757
77782711
350389927
2259765408
569915255
769896643
424689452
18522327
320741770
109119147
32943330
43127207
770759270
1525195111
17423332
18220818
760436942
393762918
206028618
2261371676
24293544
16227123
1950378002
18751530
399352443
534908328
16612183
331519851
196677276
19397785
359382918
30091976
1549705375
1270210880
1531071890
16151935
291858587
543285814
270729511
1584155198
216385540
587875070
792790628
250247983
17146256
757739089
1584182863
2160595618
1645430503
962108360
1689267272
888650520
369770746
111690672
30661155
25677274
1068545598
488856480
16481893
373537163
35201971
634676291
261050492
1619620279
600533780
302881437
937572260
39570346
61731614
584283383
415304375
1367231299
937599224
952153170
1136694642
38167605
27758688
138637876
68342564
35106442
309264453
47344403
366444563
22858466
586976360
236430254
239420734
1125688890
2173444843
55266022
1872887690
339838574
206806599
26775504
436562725
506583522
27391292
387130707
385115425
32671625
1122480236
14574380
16132477
990434658
15942089
1345678753
87992708
1916599963
1924293884
121216105
256352051
23209776
296848143
931323091
701875818
880757676
33495086
476946794
2153183424
500316788
596110371
51228973
1388423994
90926884
1260461582
29130296
69681766
303391148
247642500
498896007
769702230
156504737
16060050
49034152
739637456
16848688
164554364
370391823
16146535
624805598
1445301248
345134536
846023604
144752652
155033274
1171213596
1714100256
51593556
633794939
289554283
32729066
990627116
528055712
1658795425
34814587
401090263
179719307
920437548
69318405
265489252
282685004
526783358
18916061
55166712
91139567
38386328
1377719425
175009946
240555684
143849464
418380019
317090188
16408207
985207460
863596621
49171042
314613453
51203205
1333256972
1335267692
453484864
218277895
225189494
312435184
1634552636
139020999
383294284
322492400
64642859
32673296
57111200
565294918
190235603
253386524
489636881
397808398
978841134
248795646
176932593
83540248
839612461
1003003956
487851092
63747308
269441846
483164930
1594679162
264241072
85412926
145862955
787991706
246868972
627673938
1892397974
328145498
394188905
1889937716
556463326
94183098
275248802
366755475
441097962
874828182
362927344
1552125739
948218270
362779971
23983382
144220472
235475262
406255275
59785531
719051460
495464885
471959052
1611434383
898533348
112481213
1126855478
246626480
792305442
109462565
19691332
461505624
605495097
278216480
17899109
1694442031
7789342
295446988
206161999
500704345
272042659
133546344
1542790405
1628716892
46901204
1674500102
1074229776
428624010
131308230
244746802
141089580
314324170
217531261
255296633
53503202
387978466
1175301871
240368194
272933351
368733675
510587158
8090632
21249970
109854452
69053
1449578166
308130306
1072387866
974607896
1178700896
1338933096
1607086849
1460991590
23685118
1273236014
89850418
22276152
265701226
286217515
1673335933
36637698
871922052
153629442
547233672
15195679
1081973952
51310793
492948653
14270329
22829079
18487522
308751479
469371578
1364881236
1392603529
9300262
169175539
13374
399101366
588233977
32584728
31069740
24600048
29246485
406489223
167252296
1447496916
122122818
345010419
17544850
923342250
1032960643
15705545
596791061
622661135
587821634
1468364335
89292711
361611442
20501583
1284956808
163576195
820147838
539433738
18538833
305376209
212808638
1181313608
21954033
389024573
242659707
17043155
823765394
564074974
599857189
553033431
21691269
257687794
24733117
467929694
115681686
14823499
15535860
1112020050
198681334
87818409
115754870
73181817
15426668
71899548
27124758
242176959
100584007
17362917
16643805
435564722
255615395
923671784
1112021064
358410527
47564160
146584693
304643144
355906128
59159771
1305831925
1394480418
52602742
1533603733
18829520
330502336
48926670
999871038
17990493
1877831
405137225
32394673
221969181
37080814
71599731
15983306
309128555
1497219301
587678407
87812562
1436671807
408981744
16343974
31122582
110787361
1403399414
19360844
17686959
338594583
16076032
1390496666
29125428
218526734
120898723
1339835893
66345287
339433442
376293456
384932732
961214442
926505505
852269288
15891841
48901065
958904790
131023703
135315293
16042794
1027408974
31403779
346059174
253129230
42799135
816226140
195971248
343015149
398239057
492520668
322865349
314849636
126903716
993358020
992081976
504882272
17562549
375253987
388310964
163700260
754135908
750297794
256295544
20342817
329415374
238436945
48981762
20852175
343676150
987929311
35525199
30734168
1353676357
97383592
1336787947
65589378
719268756
125565867
14085040
19884044
557178749
257715213
818142614
399774230
1066176374
14468043
242602560
523439793
796182715
307398695
36032320
1359809322
356023004
454333822
27419341
141084952
29701712
87191583
395005906
254109345
31502873
2883841
28769309
6207392
91035609
19316030
107312336
571461243
138638185
858921774
17640422
428567107
196224777
29187814
217298340
245309544
76698951
72947117
38307939
1056157920
18510860
557432619
181846527
15896162
194453705
16948998
237071924
6015212
295409576
285265776
300114666
94492750
860415787
102783072
17449833
457706092
194355896
847786501
1330457336
126580493
53490868
54314181
26648990
472132412
91863468
205306927
537476987
286295111
570352358
519113010
241252324
374817258
357052295
173680189
236550426
48854106
770852108
103733106
15991770
17050482
555120449
450101575
287163355
1265423480
1100969137
19077091
514009705
16569663
415921872
1074278209
444819440
20546592
711460068
66664330
66142762
894292836
1245409088
173885896
17012824
211154075
71849044
19791234
625327037
293386073
607622157
77329593
912597391
259046614
1061475000
841218992
172032031
1138781648
22221695
48708870
47855979
377188795
14256294
163813257
238012572
960932186
42362189
976907744
21351617
131018989
117158889
19697415
622024793
389841834
229993947
65194634
16424736
33167774
47365516
61149653
387150949
18814998
25048816
34294667
318546639
19422863
10168082
41176869
477277263
940160473
959596692
1072352180
1205010060
1216023960
619540915
857420456
26905564
33872167
87183181
189873822
346715407
233702263
86750927
239664892
163628467
387321930
23255247
257801122
755716560
40218616
54667032
20414217
1071834306
32283017
21962567
223166587
720896389
1031084534
16339901
1013663978
376302246
993020562
61725984
108411567
836562037
1138511886
1105102566
21626875
958927530
16074930
132767262
441278262
375299381
766547376
456722136
19467440
291793054
1093469144
83195744
607612414
197621220
211041835
24592681
43470341
14647570
851711263
49469840
39985050
307677859
628753972
230459023
204830272
33588180
25051471
10165452
250893905
16456276
631669704
26015031
21705181
424676637
67638477
885752504
624116711
17010526
1102925598
335505192
240714345
176491220
830271678
16359486
448372273
21398055
963145339
73135418
622826927
1038277406
18785467
200394545
622332651
376472551
1059417708
1114886305
986642641
380703912
43758222
137327982
295783332
249217178
404361719
1017659983
614356560
74976053
584086591
17715225
274714964
1022079248
37131103
394811791
233749323
829794146
16494036
624378257
1167688310
14893186
984108451
19741048
20565828
146297323
279265852
286126374
396188102
21099472
217162039
976598881
16192524
23267806
212707756
20964739
334895643
552355237
231094495
18120905
839779261
387951727
387341952
198065388
708024422
259094582
19088288
58500096
462205941
52230962
17164959
5944152
16582023
421687945
117983479
3744281
40585382
614521871
294145954
23094875
32955225
22831232
180928119
15280845
18298094
475445227
277245777
14540956
254264260
558093419
15765560
238079973
36371124
368760126
341908197
142889259
422217439
16722475
354961568
27465007
18968858
942513829
525595860
128763579
1065875670
350336411
214563802
1073200093
933261786
349803020
1129930010
26822709
154541279
21779975
832576093
1054923560
474345841
17580892
346867404
1104635030
254809254
55370049
33596934
538702482
68548942
471648820
408205991
46947567
168759825
956638568
298785293
140892845
43811517
30805637
805768878
849169945
392047970
249476443
773782765
225143784
586490942
503662020
7080552
398657107
28434593
28504452
19158981
904137332
122542032
360285166
24506246
311756534
970207298
49388157
247378337
147698398
469147723
16411851
24907127
362702415
23077023
47801895
512416830
16016427
15008600
1093090866
405561109
65172717
53861909
192060577
133743369
22730557
281695815
148306337
22204106
263540874
579876161
967009711
1029941184
97781430
80775508
41186732
344154544
390927051
59956410
329443994
2897441
26914870
75630518
142445186
78706973
361543110
579957669
16315197
57755615
406525423
223251188
588778634
454562340
17122083
28837388
19135950
17356855
23529294
277280298
344209981
13738192
558728153
93419194
961100442
440362326
16892534
16178191
23560566
531291518
209944791
786271058
545305702
489703191
72798486
144402222
98976956
829603410
31582182
22250215
453030125
220086346
176406911
211531263
29812774
95861562
15973356
703136774
228554424
24431892
64643056
40924038
15450996
169007075
416801141
50228468
615318971
18825344
41207820
17801749
238862918
39294154
375976321
236506960
279390084
118718294
29232480
16487286
101374191
315577705
354399766
111044693
78649756
253742253
243031077
757303975
804937526
301266288
21833728
390276551
564947096
9951012
35862271
352058208
18894874
858220567
269992592
230312128
211181482
17562569
205113614
579870581
7309052
445098326
373901131
17943145
50774064
314616443
342864274
19427945
178173493
339122646
37952644
32837311
16711026
186325463
61766400
15207668
87161673
50221879
15774048
48038030
454596270
547665779
379869831
139283160
18997773
868856461
347763082
95564087
226119472
79265441
793130510
15747743
23601163
720525757
716516792
35221513
420042916
39298589
156656964
19660388
17243913
22854172
799531411
816727976
65779549
429769634
394860161
114547989
402069224
19508842
21946424
73928056
334660170
102066800
715011098
731596345
81726731
587029442
24405200
33051095
120627815
12133382
52973326
522324460
97950902
40879267
113744392
306872064
507874515
32522055
517164012
259858913
19656757
436314047
25896141
192477353
63067880
457210139
122517396
266554699
179732982
47402168
27123798
17495447
25605222
57181256
21904217
329746058
190988640
168834605
265682992
96444392
606649514
46756867
117000826
281294439
541329760
45413198
40874240
90914619
30523211
594452014
272046614
64397500
409486555
344658101
541406653
43155647
35606154
459117053
156752362
232717793
398039693
42717128
375405313
200652859
24859536
16076692
253647516
393517801
23041713
282671020
49403072
376825877
268463179
176315353
282719454
251824958
19564719
35658757
58609913
394134197
87602176
385457754
186772697
172867574
22804865
122425966
26640415
95493980
26099532
36756075
443322935
281282774
17394793
202719120
453407913
125780355
50482949
18731092
36948268
230530839
81193795
2836421
17912982
73181712
17494010
26946495
16568741
312134473
325830217
188478027
225235528
124942059
461280276
425585540
432681511
136337303
164650525
366813829
27523171
66477600
102805382
104683173
15973392
207079657
133758322
19605981
23262069
44384291
267454085
15998753
139762047
58964788
221164924
86102558
32517594
30319316
7996082
292374563
18114982
51755154
261015924
183876837
132918446
140685143
161801527
36882633
379246522
16988154
63013144
48109360
16819937
109125651
76428356
19900973
307675228
148720003
83795099
21114659
9532962
193964199
251766447
47790669
357606935
112970794
134971995
205864193
75052666
133832049
48802204
108617810
11857072
41017380
18587457
61542328
244612695
18876259
73333278
53046002
34965735
280276336
24013712
53019309
171231477
169183368
119589549
182063155
16700601
304608086
330040053
163535738
17936052
23102350
263359642
144762128
47285759
18381457
174493058
102230387
189671871
241604859
212430911
57792214
23535201
45142252
14782635
14993272
18585570
117577653
253375071
22106891
137423095
44603133
79607075
43119158
206299865
216485309
236711870
37061182
65293006
30798546
184998424
196738752
304182482
277599621
322026223
47197563
259400496
19577027
16584912
49045290
252798181
118798853
204273771
242852382
28697544
261674168
50780223
226736114
65404941
105250669
113667788
192337912
32768065
21532707
14084560
127422371
21164301
42638301
32190683
250015349
302263904
126133588
290664328
121517711
25310072
83860499
21597300
81725200
18894271
49201483
77254498
18847706
19072285
22231859
293489819
273479738
186568831
48935222
242202891
239618029
246951237
116875346
195880658
165508681
47438401
22857194
231154288
263445364
34279982
19809471
16799462
15359014
15739097
257732667
275848110
21717987
250296999
68560075
272484329
162959093
253353588
260997460
176290724
16256826
23888634
49021031
20695280
16228479
16657939
18959163
22783783
15070234
17970296
11739102
16153562
240814961
112405785
52660746
19489239
1994321
72552866
126512356
263323635
260613788
67022077
69430791
256322163
50374439
203188066
16789970
22804904
228265953
242950872
240662346
35860883
235716638
263466153
35428478
16589206
158650448
249677516
4207961
35847728
221135570
13115682
73238146
104277809
158426909
219604914
148529707
119436782
291245522
25037039
152023923
112566105
213064031
123408348
22165261
185279440
174640435
307973474
143258422
54072099
45254966
40925676
21166061
127014546
162261875
302213054
197252276
271030180
154312006
27470551
254287105
296054348
40037388
300435983
314402971
249738176
21430455
24178101
39519548
188199231
54761457
15966494
169177793
293168371
104237736
26792275
98845251
14662677
260618992
7799412
214099847
18873104
155499161
58974661
21431950
137543147
25329414
10404232
34341362
168239508
16415170
3373791
57334102
27845072
91486319
78390407
10500412
315881931
124075650
19834828
30891225
216299334
41814169
217286126
276595964
123064415
233069337
28725013
281768922
70044565
16616797
86141342
22935720
175809915
58252606
175203958
71563277
34554134
16935292
3459051
5402612
22272122
4618261
32455807
10433782
246088673
31128529
43963249
14505838
14074515
16669075
30314319
14661475
27922157
14499829
17872080
48155110
10252962
16192212
12146252
60685572
18213483
15762708
26060210
14437914
18036441
20536157
14546496
18791520
273502061
16547607
24723642
18652755
16960002
39585367
19669207
69181624
16676396
49236370
117879976
49369167
20818801
33250026
15368940
30354991
71270998
14811485
34338648
21503254
31268972
206346745
14138785
205622130
198618575
16717501
26657119
58503762
44988185
43638469
21268897
78569026
97539688
22873947
64009474
168524035
139559347
14173315
5392522
13493302
15442036
78670429
17379685
742143
788524
14345812
14148802
87760251
34531479
17503180
50393960
14293310
55184301
14303946
32932811
35934245
14927543
30194761
121887978
16581604
16303106
10069612
11856892
8839632
158414847
1917731
14230524
51241574
15764644
14676022
115979444
22012091
14159148
44177383
15679641
68768482
4970411
24744541
1652541
1947301
17487795
42389136
939091
14466538
91180720
14377605
13393052
46743920
15474846
14328009
30275911
77332728
191891492
60215516
77586218
78629504
64403845
138787319
14924233
17446621
29442313
26083271
291823345
17061263
16664681
21023681
89820928
37668511
243592680
22947474
64298880
22330507
38275373
50870795
30561568
125415998
19824430
16225955
216186853
2467791
15224867
169163960
14717197
64480994
35859588
14511951
63567598
15309072
20479813
15078840
19658936
783214
5741722
30823468
33153203
25607135
16048575
22509598
17681513
60370753
17596622
21982720
59157393
16129920
30313925
32309662
6467332
14224719
17006157
20459728
15221791
9624742
19360277
16374678
807095
17220934
14269430
15939889
813286
16442263
