1413551850
54730258
14677919
373416209
348349636
46108889
133497432
413017962
15070347
473306217
16353168
24671435
12591192
21124864
88671657
368023369
850645992
1930479084
158414847
19725644
15028114
49567644
104604540
2576923915
2353139392
28330986
29690505
28340432
15022190
178256981
44584428
2324132441
124260272
153704346
4208041
857999360
1070921648
328432072
18391799
26455051
93873407
417702934
19232649
80049290
21747039
228107253
20179696
17446250
14930764
20595021
1054946700
557685764
331537096
96817209
16777876
296241177
29820435
302588853
104133215
21864461
176764472
390561764
17463409
21175840
573490243
14532728
23321405
103879751
1292207976
294010596
35557156
52018601
107236309
313984171
24672946
16345370
18880582
19079383
17595520
