19777398
40927173
26257166
17076218
158041689
2729999519
90484508
19637934
18740765
393488321
478260604
10228272
118456427
19609379
26565946
79293791
813286
2557521
133388546
380730306
1344951
21447363
240734425
30782495
3907006040
1339835893
21324258
28638191
18917882
1587183632
268414482
332893799
23617610
23375688
11877492
13433612
338084918
19955482
27091468
116362700
43698856
14920785
3675804933
34677788
157140968
145331696
19708968
77200898
18676177
27195114
16303106
34507480
30973
87016990
16715398
95023423
95129891
19780277
17919972
27988621
26553086
18136692
186598799
20322929
236699098
101928415
19548850
221502712
15808765
759251
783214
23613479
816653
27260086
14179819
14677919
219080757
24581397
19519252
972651
15485441
25365536
148496087
2883841
15279429
17461978
55117855
205302299
32453930
1367531
23818581
26053643
293850289
15224867
31080039
6480682
30313925
15846407
807095
5392522
197598287
23151437
586198217
90420314
436266454
3108351
28164096
26527812
3353566654
500704345
428333
16129920
23544596
3303293865
14353392
44196397
50393960
30278532
1652541
16145224
14768046
25901799
55416850
466115914
113679862
