965255749
3242995625
35773039
17947981
14677919
2850001282
3003570179
21360280
108045600
177728250
595808345
51241574
40298762
237862956
63085282
24150634
1107272563
71016845
20030730
224617708
148664824
102741324
480271806
3842771152
2294748182
1229789929
125403342
3163608490
17089636
1256890382
19576991
3520766477
35063180
3323584788
2332107884
338007458
37764063
1565436836
627136379
1076748432
2150200928
288500051
3070025839
15768312
435674195
802053667
399352946
25267678
1878327829
3242612863
3273528815
3846303689
1240947344
16825903
2364562272
3636983481
3024228005
262876323
181817027
992445144
713938003
3393500667
3418869045
16042045
1400519414
2365377655
1053789554
889074349
2824792399
3927909253
3025841135
1552668948
3546522915
380109984
3394639354
2571988880
130116429
2316760926
3402720915
563553055
23096405
19491657
139960419
87601488
3821997095
19019342
3301591319
82137809
113696377
382038358
15942016
18493366
23484042
278431194
64290213
31358286
17990173
16366271
18290719
16281313
189987164
576091031
76966092
2677694917
367267530
53210455
16941968
3343406969
2482016394
2537781000
79320096
2489395303
714687426
214602235
54502348
359646739
229974529
3047570363
3291320688
3295700486
2823733495
2545593074
26253648
33014441
3192303284
1187084354
2836453703
54881417
548504658
48715979
701625216
1320073344
358670741
114456381
200807037
739321783
78931542
799346322
54082705
2499588595
170009412
23989387
560964392
275397330
1904484391
2447871007
25105436
170317727
96586972
222705028
214178467
98663069
23156598
2302700004
107008902
147508328
32418817
308621094
3308930991
590268746
182525461
616195992
17280062
2763995703
1728717505
63941960
28063672
488269733
17676448
1210660603
2568473121
3091627845
292372868
2883840688
301309392
329875051
247632850
516601705
350791555
33455683
1307461494
961816316
2726701799
159413493
835232653
371481525
123873540
71838192
57280161
127568714
67912605
61833597
146808593
229046403
28952043
1201212270
80145924
110099560
29412751
22954943
2754166115
1634315042
3222576224
155146623
523715196
83648788
1957546884
153311728
312842902
155958359
16783815
624467485
126283014
14749606
301896946
162825036
813286
3292036665
301867039
122165841
3306880978
118931013
30505771
143147834
479412759
558576288
119487928
542953410
138693062
149813725
1577139816
200408167
219275743
3372035452
46158711
33232227
2769186195
3361519031
66471179
3087153746
2567140183
22125803
20944649
96684068
3034625950
565380443
2783559729
936553189
82592448
2167580387
554129617
192558193
189992446
11833692
2986186383
238198674
25716190
2306250601
67828592
1608572484
3247896947
3305803480
244959564
53757167
1391847530
2193723422
82564522
3115828581
3092632534
168586305
3054412268
2470550720
147491390
26233993
56980888
16898427
63417189
2992148226
429786003
14645160
117435925
2444566633
546370746
467519578
72835055
104848606
2885489051
19085621
401350760
1321468501
224709868
303862998
1288228326
844766941
135767303
133475974
75568429
67323783
151079975
64471580
13066682
153770747
596309488
2434781961
313340722
232268199
2831840498
1969630836
600029236
100222073
2243151365
1468187089
1944923227
22330739
63952201
3110152384
18635982
1396151678
2522118674
2403374568
3068594637
297399130
580618040
555015105
16392208
2746402617
58038652
2511484357
726976746
83634607
11735772
3019446201
14162029
318593635
417890089
15066876
481893988
16190278
1215473443
23283603
1305995330
1595505840
153492935
44196397
16041234
14881608
255437683
2939374751
2203882526
78621972
15658069
21284771
197371231
273748289
2786175224
131106938
184160423
16525963
190906140
366322245
366323844
2557615248
29309901
19658826
8963722
2693417498
1733621
17879144
27498018
2437662536
218577341
2196201139
40218646
228534721
2698769562
271381840
296562837
1627614212
1612366620
206676472
47919614
291261221
94297742
482133423
213734587
316674201
366327814
35114423
1634926375
2659485374
2769287468
589247365
2328692582
52468036
1369543310
260916574
31157748
1598062686
1502360222
23751864
115430128
199249951
87989672
183062443
308155020
754111986
415752096
31257471
76004066
366326857
276463187
2462556224
20061465
43213289
215149908
328049361
19235437
56265051
188888069
20341657
86182150
305732399
2680961
25112301
34793170
14158756
1367381785
213295930
156022971
1442756485
11667542
46677768
46786678
49068640
225580300
1165777399
32774989
31583882
21713274
19608297
366606110
397336947
329005035
14539215
83185208
619108179
182416406
2339918688
606412878
2150318316
24862758
524396430
56106284
1095731778
17998609
66152743
34231800
455670757
1952067554
595319720
1512799753
22100722
2500318054
544581569
45547886
564953782
1665703352
30977232
201697421
1967291292
286561648
608789191
78965628
78542605
151063566
537206257
56767449
1409868816
79289712
1439261563
1405386421
334739944
109010439
555922619
82689705
346448652
90880518
815489714
326901553
2236462740
250416435
21641427
79139311
17471979
45621423
22919665
35764870
517306957
132458045
124436459
105058974
883903219
980895127
262725346
45920781
967836800
76858507
394342473
1775731
30278532
24398033
47645557
347956531
21634418
1344951
572225652
1442392040
1132090693
67358063
37376499
1589434802
221853051
10464212
141217752
365101425
249033190
1110744583
144623538
82567380
80427563
72640124
153771389
38649019
1219393195
353061134
17837971
128548538
87016821
56645943
253942685
156595729
166968535
25528029
96585901
174737539
62222553
74231747
28051644
326044424
25645943
20474878
1460116861
41563761
218351472
58131993
37022393
166937795
91902362
16641045
599792346
372890324
563728767
492986065
24809044
844550532
16012783
204832963
255649882
21227559
15873448
310906464
73871975
16544437
105497418
244963253
16879321
191502831
30958003
15245376
59082414
24960661
44310665
25083690
23052625
69091913
18665800
69181624
15446126
16217685
15400553
72218172
156919789
15439395
74184864
89672048
30257834
16419493
43115008
167401415
9126232
19011374
972651
2467791
39250316
23518723
26697097
