3377482181
370808273
19923144
45564482
1754641
18949452
9763482
2838396390
14677919
1125702403
17469289
29484644
15220473
63296944
67418441
1629487856
2975316482
36947388
25341996
275885376
34676063
885970926
2502009594
3241914726
20727819
14497313
21904217
15291335
14840869
203162990
23560015
15635604
2557037323
148807607
205437050
3973586954
2360244240
180463340
65184105
10228272
14352556
30973
21116401
16086928
19430999
41488578
2783312197
26585095
710142715
17224076
30687335
1284549686
545599267
17461978
3110836117
774958328
2988823452
23083404
19697415
14824849
250480521
14075928
178895177
115485051
797682061
11856892
89820928
20402945
1486840326
16184358
50325797
267449695
3907577966
1345702129
3146694530
9300262
2557521
3311822917
2910175471
2467791
41256952
1483855976
29805206
190807814
2573553062
1460279330
3884113873
476248887
3866298432
2718385112
297738715
1764849638
3849958454
913114592
5162861
24742040
17220934
44196397
23818581
32453930
500704345
50393960
1536791610
19407053
21323268
624413
5988062
43192807
3015271772
15224867
807095
336116660
23151437
18948541
17602896
50374439
26053643
15846407
15485441
90420314
17919972
21447363
783763632
107146095
21254264
2836421
15754281
8839632
2990393832
480403547
612473
6017542
15012486
28785486
1282423495
16672159
26257166
14173315
14293310
21454322
413386786
258175357
89365992
29797840
24167314
1338253471
327558424
306356872
38688377
227789583
29442313
1579344217
3195937849
3309271416
782948072
138134695
2475306311
2839022002
1021430892
3019027290
1460844044
369505837
50811723
102700680
1339835893
1330457336
5120691
105147032
130640977
135180235
1411470840
539670727
231989667
2177752682
14511951
1613440802
9624742
130997057
37823344
1877831
9245812
113503757
211050464
14279256
2097571
5402612
428333
246140765
227418297
19397785
45892981
69231187
14342564
23642374
3108351
27698202
742143
512613427
14159148
19426551
91478624
11348282
30313925
1424113424
813286
