17001490
29070155
2156052564
14587342
15220768
23588075
23917889
14677919
944117450
17004618
16219269
5741722
14075928
19616219
16181788
39661402
19198775
14135426
50436417
68887844
2209742392
21413192
18320938
24207473
29822849
190705200
61070766
126758373
19138916
31050061
262856460
130557513
21733692
55300403
202424148
99378101
18368098
27442822
74768403
2523370004
2355391339
3410127287
3306389918
175896815
1703499128
42685365
38012213
33741541
20962103
78436072
373639969
2382990096
5392522
51241574
2467791
22332114
43694024
27199297
943733790
84877875
14800270
19725644
74721676
49432303
55156489
24136198
29761798
46959678
141255641
57947582
481551287
1355131400
59446512
225123321
120519180
428728026
1593341756
1939399764
87599381
473548058
61017277
81994469
2813532037
15727562
152964800
48080316
46990136
174783764
6218162
161372309
2773782159
703111267
2460890913
164329489
1052614712
243323821
2469406427
2813528882
2740415358
2738471796
2736413701
1953070561
2557521
21874587
41660824
32359921
4898091
18949452
621523
2097571
87818409
759251
742143
15110357
14293310
428333
5988062
91478624
807095
631213621
624413
18639734
20402945
3108351
21323268
1157388037
116723629
1005342584
616708237
1961941903
1894842942
273436090
2220252540
399617722
161139909
174768360
1691961474
225249270
743452494
230633087
954319916
502235599
513542243
335904534
444262267
313712089
1837915478
800830922
443973923
1143252823
232244753
1703239790
334488606
1666547856
612975046
990227558
505337273
18593751
12864652
18193050
20290538
18211111
18198885
20290135
