14677919
13783772
2319108198
2171038470
3292599863
1321629762
195738329
836283571
48569578
33915628
2871094552
2927352795
217498355
880970864
17197344
3097388164
275686563
2890961
7144422
1344951
10933912
2841558382
403761570
816653
14372486
30261067
1561168178
1396153052
2916305152
1356165672
1356144290
1355877948
1053578972
3096567663
1283561876
1482516602
52755452
2687847924
324868690
177984409
20322317
104151444
103309339
198584761
233533968
130459117
221480910
130918844
125148375
197370475
233111001
241077164
151387046
347909288
94578515
151389555
148307910
271106411
15307151
122669973
245792239
18091004
627673190
105704882
89236161
9300262
3181974456
3389454124
51959510
192015536
117777690
11348282
138725262
1451773004
180200031
86977818
56510427
57299064
143465341
18208354
3163091871
98937965
64671557
252794487
1208033784
40082055
2435209886
18932363
14685924
70685388
17939037
20391779
6705042
1321372632
1219059858
231183280
1953873596
1630896181
593370001
2893198335
16199812
718899114
364554398
312701742
221148349
281210676
1243943036
109720853
18028249
177210895
332682976
72831048
1394211336
202519434
1396161031
18913236
611527231
210889044
2222188166
584944980
401488459
209546672
179546580
22542476
79271604
1582853809
35542794
253294853
16228684
14387686
17896113
190229932
72981476
20679650
140750163
495299801
17191306
74728730
117845061
19906615
369560133
376585298
285046912
282578307
1086485478
601993521
83827310
19658826
15473958
176754253
51023770
1249836458
19811190
186154646
25183968
35436225
236893969
95083872
486577180
215690537
117482459
905619984
579889059
978908012
820353746
238153225
16619832
42231496
44865330
957528097
35846074
615212659
244655353
26544049
331816614
820585
215394809
54374609
262602714
26727655
778468520
315264146
148396358
21095905
600079957
155279860
19512493
1524841
82916196
87454037
14910295
972651
17293897
18393773
22001973
7152572
40306315
61504192
143145579
157381435
21076431
52785924
574507774
25396156
363666219
41768745
20787137
18218392
23930286
94357028
174454158
29488746
82725876
29716398
161621567
410070653
236340599
546692680
21910500
16241871
20256178
65322013
20130898
21754872
20383794
215281765
349178710
96757955
85350291
95766746
229108038
132514069
179707847
253964215
15458694
11696512
284542523
127366688
256705557
609007971
38638327
14139811
20604763
55355654
19977949
106118793
136004952
36635596
581495847
65045121
50701268
86304434
146611285
46619208
217536107
198950299
6529042
14122768
536902731
118626543
128054727
6801772
17336372
21234207
21374976
52719115
20187034
297145589
153018445
320231066
22503617
76997832
448844090
114755833
237281470
137811467
596466702
525270408
436702610
364488011
595406077
19111767
17387399
17744899
166207058
250560251
250691463
22872643
19777794
242028441
44327282
61290495
15675138
111323990
114709222
18003529
17020096
294470455
281428054
2384071
164242095
5793562
80127034
317015936
21431618
20182089
21316253
260292052
20136892
102958481
26604904
14197312
39272040
19079396
373416209
28196433
54730258
501825960
30345764
42501345
44575879
244882602
128216887
18774246
16303106
125370749
155642429
285332860
44874400
19095849
19697415
31142751
89503894
149180925
17466604
1077971
279513123
76351820
260211154
25838635
17290922
89960822
20990974
83814679
292460494
26259201
15700308
89486038
81859985
320134516
14352711
149272318
121774110
23937508
23570520
476330106
394081026
106182754
16681111
20077966
1434251
19562228
9207632
22151193
55192204
156763824
289420613
263340052
7076492
331672974
16902662
15164565
189955495
204467806
19530437
105486615
11254852
47912448
36644059
107136246
42081491
8170292
26907808
19230601
38466098
16042794
811377
5695632
87036741
440884855
18713314
18720595
15143478
238319766
16895274
19966557
394986531
308379387
20374935
136215028
30364057
16181732
460538823
24573827
144182351
26759984
287834630
30495974
118816141
163945942
36339024
87818409
45341566
20098015
46403451
128614814
46343990
63083335
18764841
43984593
108957853
70361794
22667853
37896651
6738842
320730589
61740757
19394186
285794127
92581036
318531174
27760317
15178186
246879920
23690667
41566702
204999004
22807529
40420835
22601504
15690179
19123708
22246141
179128581
42286646
53812000
116035600
19837882
13768172
32351957
98366904
2200721
123901455
14434667
15439395
9780452
10490972
20981291
61774918
1922351
