545235190
344114452
104265917
101928415
1064042478
23617610
32959253
39288259
759251
2249325272
236699098
26053643
26565946
807095
157140968
14677919
813286
6539592
115485051
10228272
148496087
23151437
972651
26527812
15485441
23083404
20177423
25365536
436266454
3108351
47459700
1652541
6480682
26257166
178111058
265483421
300392950
109702885
136361303
90420314
16145224
30364057
1337785291
107146095
293850289
15279429
428333
25521487
15693493
30278532
5392522
185314895
326359913
20109973
89086285
