14677919
40723249
2376900480
2219601908
3371214556
146509611
1354277102
2361288673
613579266
91981058
29422232
365380310
17054709
87691125
190286010
84321939
901697461
4898091
19643448
441885275
573442111
249760664
462985513
43215274
79172729
180821354
55573873
19489239
145538207
14685924
19530134
40837929
93650571
52855610
17590516
22472377
119691332
34882196
637139085
292907121
147589161
262672654
19017675
342831772
1225696320
16708655
75223552
2433146013
267879090
63525135
117668291
807095
2653613168
217498355
59156862
788524
14138785
6107422
24744541
38142665
972180595
31173665
1451773004
368240745
20425399
92727851
378827556
457554412
85452649
354464050
36184220
316756361
117662694
576104918
2208962636
204832963
31323375
2656744153
81081722
216201838
19405774
69610339
277983398
28076276
200913899
34507480
23690344
73992972
23976386
31927467
24741517
268439864
492399548
20565284
18625669
27725199
148708862
2479087773
18256168
179222056
139823781
284727894
2955496329
23544596
757654130
34251307
43313304
183396656
932446861
304909941
20596231
1930474754
1583023976
21597538
29268463
14857290
340613443
238253340
59624844
563940069
373975061
401317166
1588486417
14100010
59486068
17220934
1339835893
1330457336
29611918
22179997
23617610
50671496
1715051
18948541
344634424
50393960
45266183
1337785291
1364930179
101928415
33174013
365071261
266575711
45831321
250090860
727368288
82097756
24807616
23440052
1230564301
18713314
1126867837
19764472
65626784
26003792
93219986
20244875
99560384
24599923
83814679
62489236
234053160
68330395
757303975
2182140781
172689209
307258880
428532584
321929473
81230241
141052723
311502203
124335068
90021519
80406027
135629930
89503894
38635406
268783568
24263801
300758309
142842673
401642936
34316788
288221671
47632575
113130597
222054912
150714838
277955712
284697184
100570359
36008570
79367880
47363263
321970500
13018792
20054788
90221278
188421312
18009781
194868525
21356261
612822807
351403459
21181713
211346617
950249762
125270251
206879035
20136892
20280009
499271809
31080039
108392679
21325066
143198015
24015510
17471979
49585215
374112886
551177934
207397804
914588454
16683666
156298215
19544904
59247894
36262503
574168493
32520659
34949566
455563577
21779135
1074258535
1095294890
14224719
69329527
191685381
15010349
17062358
516350158
76997832
15002620
103065157
44324216
15821039
14116305
20010173
9245812
88065547
122448174
25521661
174593833
44088537
20443852
89485413
20525731
143633494
260760132
25657401
92263579
17137628
14700316
19977759
20596281
20150669
161801527
442871626
11695472
129883416
17118860
278026635
21681809
220086906
92372285
19520983
148354080
472276857
119466953
271465236
7587032
16331010
195814782
15220095
247799741
40781725
171404842
738485461
570134362
458816296
730377529
18623808
724311716
366010246
229219088
278072240
348785149
53297035
19671129
26090319
256573865
443215941
436292177
243835805
278778939
31239408
43522180
67918705
47285504
28208983
37049465
40851965
18812301
6207762
92367751
35859588
57097104
336116660
34036028
6427882
19731770
571083342
146290693
130894721
18583722
74755679
67164062
90420314
23083404
15588657
35787166
17581754
24278900
26281077
47186755
84094372
21838634
50751556
100220864
46306646
507672047
518706144
33990291
50725573
144884794
213969309
97893963
577040507
178790993
279513123
242346557
275575393
59471660
89447929
154474160
19762524
53732896
46257156
134563275
24141542
306108476
160979509
717754718
160950525
471287735
91390383
500042487
21092912
543513093
17498493
32359921
36337670
544517731
42519612
532247573
35391464
225539878
607289206
222118628
538021652
102707504
15438913
30345764
710064516
50055701
52361967
155659213
26589987
259925559
17696167
83855918
45112524
178032336
35211322
166739404
251496825
19562228
36686415
398092540
44039298
62591681
20196258
20221159
22657153
10810102
13838562
16727535
26053643
19248106
19878121
43761917
285282053
44874400
17939037
15224867
95465386
18953259
88749392
14511951
19588385
527526077
490365384
14353202
198275629
82385262
18814998
278252559
190614063
30271564
99610531
133093395
22001973
257682673
128216887
89486038
52087269
17535271
111323990
76662895
18676177
14700117
56908710
19543936
5402612
352145373
329877981
19067050
46345843
184841531
184722864
22084427
273352230
72235760
19869102
95461802
143415291
18863815
181561712
95073016
173141632
140540818
27911944
17336417
211894963
34303468
78435710
49573859
106714254
96107514
19982092
334565594
20632700
47608522
97701898
44101412
135872709
31730203
17865252
191768822
81856710
7376892
215952307
22086481
209994211
20231153
209708391
21148293
44399117
55493018
22518183
15311554
269916429
47138713
22159580
145348868
17446621
142157505
15485441
158414847
238319766
15143478
75974281
20680271
14824849
125481462
133880286
19697415
407977463
499232094
27042513
14123683
22622572
25087909
21080507
20479813
5225991
28136194
22239898
41692369
36973711
19644592
8161232
19394186
62290422
22832029
122994639
19477583
56999787
43963184
41329637
20321785
32453930
132119258
156380350
285332860
32916289
109526528
109705251
86781818
20056285
297478430
353683707
57052987
60546765
505879582
149103331
24756851
82959058
155325791
474163035
408454349
14159148
6017542
30503160
191477840
19568471
54682125
22685200
19335378
18809812
328072270
30105667
166767883
175420754
56481539
20015311
255722746
20604306
43269420
363146851
54930650
75206471
265973270
10302222
155949906
196235064
70968175
413487212
334727046
276741154
26251814
266887195
429881039
451586190
25203361
432980225
66561957
17441447
19966557
165725207
23859156
4023171
214049458
57393165
23613479
27706753
33581258
409486555
292518961
260491864
199316886
20012204
124777527
196213620
612473
119509520
288452305
160926944
21655602
30782495
19346439
51687765
16542877
44215023
19551069
177143073
23650717
142350454
18938604
269984268
386654472
113613920
76351820
19111767
29739553
20204789
18774246
21414413
35836792
260292052
17386885
262881419
339028890
219716154
179005283
121626258
83451322
216299334
246481013
259379883
46452468
18220175
24523660
191750101
17835068
87118217
197886107
94628304
95386370
93935921
26892157
85603854
35094637
183310940
28638191
19554706
43283406
14230524
20508222
19329393
24086418
27778893
17753033
21089219
63172203
15279429
110827653
3004231
17919972
22563769
40255499
22940219
19661294
27260086
28706024
6273552
155927976
15253147
64496398
26642006
50374439
29840295
19362341
19877186
48410093
27457788
15846407
30364057
15227791
115485051
19571299
19397785
19818494
15962096
52551600
34192959
17017636
25365536
18887526
47583067
16681111
20155652
18222378
176486829
17020962
20526449
24929621
20609518
20040222
14790966
41229669
18764841
116410075
23006794
44409004
169686021
54951973
26565946
53153263
48399528
18713254
57926932
45549760
15251613
14075928
83396471
185314895
137413599
29480686
16998020
21447363
79293791
24447643
16190898
22677790
22051857
16409683
30637002
19530101
61781260
19742143
24154605
813286
92717138
15439395
191350831
65992743
19058681
