34371118
170028903
5741722
20544051
5392522
35773039
9300262
1917731
14677919
807095
71627462
14427663
18950712
28178127
9532402
13524182
86129724
12612432
218975278
16244449
47739450
18005085
16491569
80617430
18678924
50446226
38021361
16353245
50325797
59676104
16017475
21634627
114870265
14275562
14412533
249469549
9840002
227682918
254036748
233484761
27744185
167518667
546135718
15446531
21612122
49457533
17491498
4207961
633980404
21394764
731167584
3639301
463765807
18686907
47448886
326255267
14190948
6393032
305189255
259395895
125115830
16012783
21316253
16006592
149913262
16887628
17243582
6604072
13215102
15553222
13784592
5135521
1287751572
17869330
83338938
15178186
83711042
19537682
27726303
15251613
16870853
14089195
110509537
108382988
19063323
197386786
15335534
15302774
234540332
16157855
14659350
20818801
24431892
19417492
36529101
1408003598
550708707
125375423
115485051
16303106
14075928
14294848
21696279
2303751216
2347049341
14989516
21268897
59031230
453319164
18622869
20508720
2546833646
2365160461
2819847477
10399982
260487455
45266183
3969610092
1654200594
2921860463
2943269866
3304644023
502120664
3199862512
3185573430
1254628296
2728315501
522702347
2969741325
115000664
1559016564
112198452
30686649
