55202166
36344640
78681704
16703744
18164632
1070877486
972651
88708920
1327877820
300392950
612473
25049056
14677919
1994321
14353392
2791667165
20646711
6017542
102700680
169963553
20596281
25390350
5120691
3866790012
25098482
27860681
15250661
135187648
19424591
16683014
56891751
36670025
25387183
16002339
322333960
22240612
179608454
14242942
41587795
40715320
174377718
28124259
807024728
221523051
137792126
143740022
64374269
7024552
16744558
22508964
267033274
755082108
14159148
18424289
14293310
759251
4970411
2097571
30192956
374822255
5402612
3108351
491382269
742143
807095
26502853
428333
20704106
5988062
1652541
20555201
16434105
2535581429
17415011
133426260
16771854
529555295
2296251229
19625190
14350245
264947241
2872309247
30324863
728321168
151831643
53372965
14407286
29685225
29470720
189598318
1560557071
14942950
58837642
17659626
796132471
23990068
342309995
15811314
67819847
23866742
18819574
16807921
29698655
357172827
147590684
25501394
20414967
72293929
28430414
162048231
87899852
8329582
15428715
66244710
36114716
57683365
138471877
70403330
17400407
19789299
17365848
21209392
14237001
44886859
36065771
388335679
100789888
9676212
24016767
14532122
16270280
23096405
14132853
186006201
240605430
58903253
14363353
11856482
46207622
10933662
280678149
348505716
19110632
17842366
21887420
16031536
20071863
16211434
1774391
300449911
17219108
42422464
17471979
47442162
173992307
16365636
36184220
15066760
16363682
12397052
783214
468731306
41987299
45621423
18332190
14589119
15351161
71783170
229087676
142749287
38676903
118731184
329746218
