19955575
24987131
14854462
14629315
3749353094
14677919
35773039
1536791610
252663106
259375460
23598711
423523212
71023061
790136510
90959399
50773530
219703427
129084966
842731009
3011603376
48245013
612859753
3174365680
27898683
466867619
61892507
553317651
2289894187
525408648
131337144
286299293
528117020
917505878
17845694
22283928
545471016
109066090
22445483
102110423
376217047
249858681
33857883
61398906
176595253
2835886194
44470252
269552973
174533632
382271636
349290706
30793542
84092181
10984672
68576557
56219158
22910295
29304837
325655146
374294966
2610263815
1630896181
23095461
2347049341
39879120
110974198
15674801
43381418
20095468
23756134
41692369
340418291
7563792
133424504
56518880
19682187
44196397
28144343
1952297623
2279206304
22783783
34613951
488011724
14437914
7212562
11856892
29285832
366310448
1534167900
733038204
257089283
15007149
61904823
19923144
53120768
19426551
355741893
1330457336
223232222
85723644
113952837
28381563
1339835893
14089195
8824902
14498484
41144996
45241945
569460038
1733274007
38073084
16076032
5120691
16027904
106841731
145546338
512613427
3108351
82102608
21963179
22228476
67607870
704140171
58550415
40235392
1615463502
455541156
274806472
11347122
352947624
1198663765
255813197
253167239
17595745
55355654
21802242
19259102
15808765
599674030
19268706
159523955
21982720
21862217
54208274
16017475
409486555
288452305
18766459
18622869
21220931
4207961
16129920
114547989
8953122
26548315
382412213
713525810
276843589
44513878
16365305
202409095
18371803
342814879
19028953
307478701
246571305
19299909
270106571
24036264
3745781
12611642
17220934
10228272
31614413
360376862
362189733
5692542
194119290
16696839
15545683
16696889
18479513
166270127
18954398
167405063
16825289
19789294
19553409
6017542
30313925
73181712
25521487
36686415
135679321
153216512
14780915
110704683
287858376
16906137
19735580
43139414
6446742
27676444
28188369
25355724
120943272
15449147
21313053
14246001
41023170
23235056
2557521
1344951
96915603
33376178
196233238
15988710
30043495
41814169
18916432
255626761
45179870
2467791
51263592
85282028
158414847
32128783
26257166
78990553
18208354
88763317
113425681
37350044
34430522
15319698
136732877
18481050
25093616
21586418
35936474
102819523
19798578
17006157
1434251
19314650
14885549
14761795
130997057
56876644
14496918
9300262
5988062
15224867
24752484
1917731
16334857
32359921
8161232
14514804
14800270
4898091
23083404
14075928
16303106
50055701
813286
17852868
123909137
38020101
18644941
26588937
19250159
