52545459
14677919
1639382634
5867322
57750055
28201743
490007061
11757522
15042887
19826509
14976027
15331408
2907774137
16021132
67421775
20225875
28223477
15687399
197062478
26259576
248506031
362891199
386349614
163728018
1870306951
350654924
352093320
456760820
853423645
33014441
71256932
3235163196
6604072
3109665095
16441619
236712027
27499169
15187314
2793386291
56348015
2465548508
3430086073
2281541334
134577421
186709781
54089008
539422267
3089941363
158226852
16463248
16262506
124401307
15553222
612043406
289182486
40964406
3307568797
237566213
2494864093
200163448
2914611239
22184631
290536674
972651
19429906
45090120
17230018
594762948
15414807
296845328
14718073
921094284
22207520
22071898
12844642
23561980
1909219404
2446455097
510770821
486955518
14850840
139846889
3280387580
2528123736
2497458150
889653918
21701757
41437373
2204034272
2208396582
1280808404
155823836
1000262514
1900827422
6480682
25084660
19358078
1592354072
15395744
102446093
3078731481
349163942
14179628
44949890
16952838
18673495
69406730
38908309
18479513
2557521
27179932
870005112
326509833
47484922
524920756
3108351
20124712
501389799
297074078
17643683
318531174
117583321
22009731
15446126
14435332
16661296
18038269
14062180
807095
16664681
15317676
6974622
214622133
16027904
336176794
20632004
1543725024
31080039
14180365
45564482
38210313
17461978
192266077
348174245
72414336
834095274
329256616
13366452
19356493
571202103
79783264
9207632
13784592
412518234
58901718
21718006
1582341876
587664664
2491736167
20119215
39931385
1364683548
37350044
389974502
18830325
571366149
2801555848
156402393
304987180
216699190
169686021
1604731735
81362398
26202686
9698942
14718218
14089195
85877346
26835804
174327284
75427122
19262716
3081364656
320899580
3235709427
52935903
2833247397
3068597353
3044263699
3130690905
3181121227
1425691530
471294051
1918629002
63245134
772193552
2748902515
335425780
69190946
794279947
2261845855
2879537711
3222900946
3196474913
578189844
333219776
2865841204
3021498007
298378124
600528125
2931248122
176840438
406521901
3211548915
2597417060
73660041
1473158172
60036818
3212975831
3166135406
3213116651
3213580714
3195099117
2891628087
2994702804
2550960126
3131141111
3165848977
213015029
483368190
15427217
69540201
65050753
521245193
2419376689
435886728
2836726380
3172704989
1883464579
58828144
822941454
104757053
107466878
2826544947
268755331
1213952274
2544454447
3078563266
1488804786
117912276
1976177821
1547355380
74252639
70192747
105940610
3167329528
2707266799
2771314375
240272621
227533448
432387109
3033677916
17685524
3043629188
249733824
972735668
3107645022
509381683
1403349787
3134566220
1516826228
2962634187
595457472
43924359
3120483741
2652945241
1663594452
2175251846
25015147
307693292
263189354
2270799696
525209775
3105986806
46537334
857393100
52498603
2883441297
15804181
100473973
149279922
33809283
3066051964
3112081541
2713613144
3105176585
2681609754
3093565625
3079772769
194270554
3113144727
1258895678
1462644733
2337118148
3115932484
186871686
3108778590
3120463365
844992368
3089218773
2617656501
199074856
27388574
834490129
3115159377
219765898
3108962339
1285092246
3100043394
406700504
2933001133
3106000309
128180391
29267446
2212110087
1067856294
2889773044
951522936
1662942133
2983494016
3106971775
1330093134
242785146
747708913
341336295
623797319
3074437352
258943711
2440511200
75332396
1359078770
3094613979
3083605502
1198478899
364360529
564615145
298915189
400276397
247383831
876514188
3096672734
3098600397
2827773696
465872149
2539719991
17628037
476751539
177221578
3030500207
2883463052
700277783
2389509200
3068815594
2356481462
3086807998
46678186
3086777519
285013203
1097071202
3058828160
31555156
2406159732
3073887003
2875917458
2159185298
768378439
235298534
45659504
259164296
395866141
3047543017
820852722
3072281470
3072297881
230540270
1602503772
2840664978
22763330
3064009817
3045572844
2250684452
3048127886
2389088835
391484093
143252511
3060536308
1861436179
2260957186
2404801860
3031720642
22896082
3058067906
858778398
3058847629
1172343835
30869738
348706551
775647674
2989132825
540912590
3041376335
3057886857
1182405295
2297684182
3031969087
60032397
39663895
2232411037
99638129
3025995336
1571184090
2588211568
1166680068
2185925840
591229335
22931502
3046638400
1543020613
3040661765
2755436347
11679932
302125276
2398671696
53131847
121975844
173531764
1350828422
1201753051
2335877557
2848709351
340861911
2499085616
52550148
3034959490
3029580887
2954506238
2731660470
2900072104
458053361
979329014
263771871
816337878
3033160323
3033951665
56227499
1260772874
973296402
42740992
3021535090
3025023117
1583988871
2480281057
132280045
204889103
711231840
144224364
2968600745
83900488
3025137472
1599886292
2414151008
3027119309
38082176
2682901124
73492062
248122156
858541812
1870796060
323315256
2959543207
3021313709
3005863704
2346391357
99173396
2994118026
3018970575
2499847729
2976746302
2800049596
106376748
573382995
2932237875
613313440
155779034
1247361290
3005584392
939840588
193076106
3014746060
3014598629
425908575
1300704374
760235784
229123683
2352066156
3018190299
2838254567
2923273051
2974168104
3007620100
3012490989
2893593707
2464353438
566340748
61680524
2228799552
285265963
3008128342
3013324187
733245091
3008352840
1871460284
313885032
2805246386
35579020
614023782
2408992616
353568687
2478856700
3008452727
485936734
3005627823
2750419379
373376553
3015612333
1556055440
2963749411
2842831270
602424503
2946186519
17473694
2936477227
2337491856
43358454
395741721
2851812088
24222502
570288635
38853439
412864721
1575043267
522649060
2820263474
357087195
23493792
23853502
956483124
214242944
41215523
704443844
326533284
17762895
834749509
371431608
821589073
33615510
2337657007
17134964
240500277
442364042
104891289
82409154
119197381
5510702
1483452007
432022551
24325221
94448131
52833523
204126681
156441723
2151169267
280842990
26930114
27085771
67981968
628460779
30176104
233419811
97582926
1566825457
252931281
903248298
250914016
17826979
23270048
53766279
89525959
18668135
262011268
1342991707
163177654
1226219629
134656625
151111977
314777415
530898629
31599570
508101944
1220530171
39082808
919604826
22159757
157429282
427614705
836541565
287239745
620285922
222330571
49815087
18921910
30399455
131897464
45143347
103139862
314160755
214552919
715483962
635934633
32707403
54844160
207150804
22875804
394326653
384005551
25539678
71352403
503880879
500398492
30386999
155116220
48513814
176295387
382348577
380741457
225166431
364251899
358952443
64655106
342975429
55706314
305362802
287439162
15319542
271652777
20121783
64482049
165253406
242183507
14453946
50904049
30795563
71173143
150107935
16679833
26305369
118197281
96233338
22211830
