14677919
30345764
54730258
373416209
209004862
22084427
43353986
113613920
3066079547
308439963
419177567
238374789
116637869
359868411
221122127
46328741
173880769
3061403649
467507215
18340103
192927715
2459860507
82097756
204832963
733646964
2305288110
595502664
245841182
117423359
402025521
59949396
342770193
90420314
1023072078
870266173
2204034272
2821176039
22486912
250803835
997629601
169473051
2326857668
8159472
17336417
105464046
47786101
15846407
21996576
2585396407
1660468830
19762524
46403451
19583545
215952307
247775851
1005045535
618379349
92717138
380474542
212560938
358377349
253142541
91836713
815817870
100570359
268484639
275575393
497938078
171971603
23579243
195151908
214153705
255628592
16241871
32190939
15203904
256959080
110477807
239466707
256225518
226138661
164633666
533199801
254600134
241077164
219258966
471287735
364225926
365067268
52755452
20046179
238711426
44915406
232155474
373259023
155642429
22666356
362397567
327549892
353540521
306117980
285282053
114755833
82050459
81856710
166767883
118739566
205665364
15311104
46345843
20142549
123648752
19869102
263725567
44606764
259379883
20136892
19646552
81099298
195053738
185314895
114721074
95303599
202262903
20609518
221530900
17865252
25087909
33823446
213683515
202085307
202083244
202084063
197401382
187371887
63083335
18887526
19562228
17336372
19979086
142818316
16681111
26237362
64510593
122130007
116410075
112508240
121774110
58166411
20043797
16413273
107438572
19818494
7376892
85363141
95406926
18752822
25482265
72235760
44115106
18764841
79175144
19160164
62290422
27457788
19554706
22657153
17899109
17681513
14075928
14060308
19111767
20155652
14123683
19742143
18774246
24447643
39272040
86355051
19095849
16727535
19058681
58601997
20108560
44874400
18713254
10810102
44553457
25657401
15253147
33174013
10243642
17753033
19702854
46390648
17020962
50805818
62581962
39746980
15445811
14125697
15139049
36777272
27109019
26534967
15439395
19081001
18863815
