14677919
759251
807095
51241574
14293310
14511951
16303106
335107974
375481345
2916242880
1681324362
14780915
52551600
15485441
306304686
342782636
18915579
18887735
14957318
90416226
19574330
73143907
12838532
5654712
16381558
16104602
216446925
15503204
352504489
31282274
19136976
70419855
15906753
333613098
22578516
149915877
1407277784
89304457
3136651
16633816
12811952
14790524
91478624
296623811
1264788474
476234589
55237566
2223592103
1305995330
246302252
568825492
2371663399
1372975219
749952350
386189099
2470325805
41586364
1276449510
191587706
315339791
1191466099
487843424
740118727
1093363586
479809444
41431123
311072227
2300494640
219690046
22402371
131102007
1343486720
601227277
2371644853
14851210
858318368
2293807789
389834796
43677613
21504426
195980823
2249467032
15319378
19471437
14630342
1216447970
762406614
1549120147
707482020
16136078
75582145
5050481
209621618
110088604
40012675
171967388
17908872
213973238
100340856
2446577023
952783922
1586805637
18217716
251724140
2457699936
1578205922
2460758264
19045731
18319068
2254106456
860650682
400247587
409702012
1591754420
198380644
994152354
2202414739
14653521
2392191277
18181923
381719313
2459145998
14532361
244502678
30721835
322115329
316706890
2233102928
38112015
52174771
1105132015
2340634782
216746188
1241878950
261135440
172336666
90044454
1000376520
2319264568
3496041
176568545
164396846
142216619
103627998
22027484
18646856
69089107
253628552
2197394087
61981390
17199546
2489876530
21324460
24248877
330433944
2440877204
255524650
2247937266
816262087
124624736
15649203
78682767
89196132
122805202
1872944263
39170533
1383348462
2353754840
162442695
14826134
13330692
17348074
15202952
1011490861
1014366474
123147873
16056243
906803804
904222950
59886878
1106361678
21099471
25901221
14642455
74928117
25567963
2257217741
2388097206
286705672
38961152
90942262
634809123
1370169007
238677979
867113670
323211223
1391907408
15109776
22501376
1220218212
15792266
32439115
779425423
1567340268
122830028
2431421034
199664501
1058872952
88039743
386297078
266112370
20928699
1733738528
147305691
961747664
122028557
114685387
73593143
237634998
129845242
1304378119
221197757
988240608
13839372
128472974
67980863
12728672
519196613
490036238
634499903
125854580
123757534
18847632
354464050
386788466
396086694
320297405
594022350
9252212
487736815
240088049
15693493
502531529
166016063
496518061
265696487
2163919243
582893544
629097517
1426620505
43042353
21506437
352145373
338869220
213455679
110473412
1250233993
514960677
1529438844
95023423
885890216
243949344
494270470
83757595
379961664
268414482
243442402
287168172
536495572
306025835
1553017783
30379631
229127524
14075928
350352988
1000262514
420653699
24032302
19266056
14655879
143111702
19058681
18819574
26340731
15506034
16891744
428333
7313362
1652541
15769327
12938312
1451811
16440190
15519293
30659707
17365848
19915096
23901116
23968290
14955908
