18643437
54730258
14677919
429227921
421540822
382177545
1665849420
23111271
20961788
538300800
296623811
42836999
818046402
11740902
162065087
1582341876
2234231274
2679055230
195820437
16076032
262856460
131102007
1636590253
285196322
327715460
34868965
141944292
138496526
14669471
13862172
23779501
329972996
634878145
2459609448
292599839
44196397
394220226
107225267
9207632
116994659
338240032
52488565
997629601
102793443
78021221
226373634
17296792
19515424
1630896181
251433567
23818581
180505807
32336536
74505167
21135496
87019958
133016172
25027360
1270777434
1340368034
1287683580
19624068
88908452
580182788
291332154
1309291435
973119222
2153346882
18127851
2442560989
1588701469
419009853
1850587922
2192962446
2183156702
1973094386
2433127477
1276931240
704382727
2307548762
154679666
109617898
25027632
38342259
21752465
17478928
1209785558
2204113129
34713362
21392514
581369218
66892168
2762116418
735224251
360789864
256621773
38946908
531795534
388106434
123032822
21719281
1591254643
16790823
50779888
37489008
96025389
284162348
2275532738
15902671
110725158
73223898
253286957
226660446
153770747
2167166736
20922014
183886553
22948057
626592883
1006928618
612772344
72117742
539420824
87729913
95984418
16186995
17044207
14677117
15711095
3021291
24919888
11348282
17471979
17842366
14850955
143122239
1117363956
229534783
1681341799
1243083283
356939649
15225375
15131310
1670839261
28177442
17652732
159237351
459525539
929544060
21436921
23910931
38271484
18145126
600529008
2547708902
439971605
496996722
155620968
25643544
20655029
72818633
561609675
1151392914
22733967
40295615
14331185
97724508
181984403
525770436
66794496
61376130
8646512
85369766
20562637
19407053
16896485
14458280
77394327
725338374
2457551298
2471920240
1370301841
429343469
198458235
463356153
27251854
1542157004
15473481
1226988763
273253702
134322612
2240287296
822878815
208763196
33217650
332930828
326889905
23735658
606770013
127305588
556151596
805036170
234446125
14442359
15046999
74913349
183022206
14323300
86180513
31206077
1463348976
198678498
180695004
16413817
325675133
61766785
73224714
37251642
359843113
16046640
43904362
35857899
43044110
18261558
628934160
98561160
374048289
15597251
894350328
47335994
23065876
1889198071
239266617
523454122
469526276
739288585
1063734745
105173983
18982486
621195039
2183418464
860438545
585330701
15769858
21258217
20812193
20172983
98948456
556303732
45919302
48515250
17581754
84353161
117778179
19028953
185487499
25027806
38127255
184910040
17230018
28209292
14423603
2204034272
252945146
35094637
30973
50374439
34747812
52551600
254787027
834059808
220369210
261933923
568422337
40155245
575667595
229905252
486955518
222283299
26516283
282268516
95686266
293587453
1876643516
222931888
386649244
4532891
253728406
225459699
1099345374
66399514
35870506
390438920
412599622
19562228
292670998
274510502
600356434
162691514
324775451
192115597
19685870
78961363
19774817
294636267
22372362
91519214
188435777
424752359
105133666
444449801
173152634
1519691624
456558476
38643241
1155379550
242652411
23011989
537592597
415106423
1127113922
62109454
264254740
415867736
22748236
16188269
62597890
11823732
22288091
18988304
26799221
223606402
18947379
118623177
18980519
251304535
24501014
13964502
15653430
15652889
233940849
17573212
122028557
41209663
36002366
36000408
192693307
213282389
14850840
75544059
17486629
1103170992
836300562
1499551296
26276396
168264219
365692178
381154469
115095041
14615195
33963369
7346672
75460283
15131088
13863702
33687568
859826214
612209275
222637465
24205565
163658165
210786607
220066882
65546306
403211042
323648321
439139312
363332454
1225200452
1270243364
971277218
618379869
29377100
631497681
21246484
75565775
7235292
166411672
49344223
75071513
106446960
145621020
106676915
355784391
27188645
148139564
1518284948
1475481061
33798654
1452028705
586671909
275471220
8453452
254258011
39596678
500433896
15430849
1193638063
232342189
16583871
243892025
395285310
61253829
44493280
19029306
16534711
31213362
26303602
40744725
83637011
43464948
26532585
597021206
362668618
14116567
24113141
113613920
21181713
1234811490
21001534
168499382
602233594
318180548
15446554
22459342
236696328
457851160
193058826
886230144
280256290
110794236
291465725
34302839
39814188
85342844
1769551
14592723
12524522
192423161
139583855
18027434
235865079
17781673
259359936
14607413
256131756
20377479
124346269
21923997
97761453
452282921
387038734
87274030
498392326
1217210286
100271759
803376859
19397785
903788539
323205892
26144491
394977784
373471064
20636436
259879536
228968594
125302045
20321006
487412249
481046886
436290883
315822463
170100423
486261614
30016502
270185203
26816594
32753781
51689433
553155735
406764837
348085501
149895925
198579685
22383467
106218333
37438721
25178495
52002688
421317269
90903044
238691556
311045860
459278059
770238422
25750555
26087426
188860219
325502531
230623367
20734388
54702900
197178807
51309454
56484472
97308753
56823941
306341808
56518880
19798578
33090731
46215737
46217991
151126436
39551204
92633603
374056690
20214495
3745781
270106571
26565946
15846407
20038221
90420314
566846225
485182129
350628549
20565284
236709206
133880286
309793103
174866818
255775648
43139320
242916684
25799401
137920087
148470086
74788519
273916822
202213535
427923891
531799315
609917318
884819424
944637836
40072525
820438428
390056001
243840781
14691200
17393790
61126132
95023423
17632756
3222731
17399269
26763420
180000404
14500608
164687686
16252784
1040284092
43368370
284281579
26565124
39092982
282788614
42860666
265811053
256899568
17373725
51156133
517651844
337628661
198689275
1157863418
104643031
160975598
23273409
361879380
95525601
59397009
72892116
1048643995
25234311
28204469
21253742
23593909
23561649
155659213
28449123
18522990
19790261
179391701
16938856
368495095
22482597
40263343
313760584
26828977
276821307
182566977
344332360
72334573
37290954
19677487
98417818
312356722
415859364
39854525
623860755
23960099
549166797
255323802
180250256
216537682
10228272
589401636
23826039
63168756
91177692
130684475
334509300
1009957560
375014514
192598651
1010406997
452678207
225308736
41602160
15397978
826082564
205437050
26838919
28549816
11673662
1193824789
113968406
486100580
448182396
1240449499
215058662
321517519
22502595
494158288
1386651
17002395
23080244
21898041
14882900
221162443
272496103
22031156
17351972
31610112
759251
807095
361816661
28220400
24395545
32004351
26946821
36843988
25928253
14377548
21093744
217163794
36743910
21915474
46715620
33091616
245547913
21358079
250831586
548850667
172622995
191190467
26077026
41872762
20549852
26831068
47643180
177460908
1007964068
473346908
16929600
18884576
15569235
40989198
1085595140
116551841
20783424
11856422
41079532
35135366
26264020
23762768
19458230
834281252
33998866
17469289
100606370
494286783
18488763
568604985
26259480
595211619
479809444
37002399
356379164
933130836
205347523
465873743
919785530
1067428256
495086242
1092383214
327511893
581422543
454315844
612627478
870238358
17177835
1191258937
843942158
558860431
706359721
45650403
23114836
101860684
44701777
32462035
427678225
20793678
23674342
23864985
426909115
596120370
15328881
281648227
908575513
764998956
739419714
549038516
373078258
279222691
567497229
296323582
287782575
19014101
392706208
440618895
786004562
55828949
631297321
14592008
192947437
929008033
838478768
854126233
144523495
41103524
26465780
44998985
44183608
137573705
215973026
892182571
889732015
29023565
305122977
306320074
204832963
618397264
19725644
38672294
365661337
715611542
702903020
750837216
388933554
767920694
106524158
465002414
12044602
23816931
39316142
28998607
34329407
60054156
47459700
1344951
38531995
34554134
15234407
19401088
596066205
15196074
115764455
271034620
18625536
44425120
25360539
352145373
515089594
518732609
17043393
337302738
985401
44436088
17244973
66703995
552308742
14098533
21701993
95100537
478410963
24200357
121853946
313112147
468650188
628462988
95815519
16258737
369782855
269126596
59820919
15260800
436292177
29301812
41969082
35944242
107511183
602943528
164122774
285956337
487969134
182771087
21199284
355387338
225962422
26698042
5943942
106562658
27323814
29844055
248999066
506226392
194104154
110744874
233274602
17813885
20632207
23882546
91502285
260570365
487282748
232395353
194268224
61205669
269614564
450474369
136919677
127245578
12866742
473990699
68613282
33876522
336116660
22736017
32706726
5644962
17132617
19657912
18470118
249770663
200215023
20498225
86812098
249989948
34418979
136674424
250529576
31760547
14096751
22506165
79025750
320393648
22086481
351062478
469123436
466973681
29227509
454423088
71153249
361587727
31986700
21349639
23561980
139986343
384128760
132657331
29311248
18038269
24275419
255388236
20015311
369971798
108382988
90224934
373416209
338084918
19063323
6433472
15097566
27195114
21162902
116362700
279390084
254098644
20609518
308787840
308839088
196061615
37350044
20348431
248954782
132003035
32122637
42335018
18676177
155620016
152396163
328332450
59553554
22666034
96829836
20647266
149726145
50532092
48545360
230497581
23572668
50393960
17444573
115485051
156132825
18610936
31414290
17525468
60355349
23502877
27673684
207923746
243287822
305997372
37836873
246481013
287413569
15143478
15635604
24649085
24278900
35831704
18625669
15992395
432093
102687765
174886811
133438613
20479813
19224326
240788625
16303106
5520952
51086473
25140900
16437488
105626197
108908299
25578304
176503155
16151999
27690898
71876190
128637475
22461427
23937259
88749392
76791634
22131810
19721402
22392838
15852417
20536157
19992041
80700514
22444970
20172395
25521487
107483148
21271656
18519661
18177126
14043002
34775386
37710788
16193528
41866944
20710809
14089195
217172680
22303355
24339213
25093616
209169572
35184346
76781076
202722747
26985102
19811019
82209185
19868061
30452129
22811432
54682125
21268107
228673480
240353024
53717630
16589206
15492359
15693493
41784974
14824849
19530101
29767122
20931754
16596589
21568477
57108399
143395484
612473
16542877
37710752
38928133
16185414
22479597
47305686
31141686
23499568
86695861
259379883
82765185
155705264
208228029
15843136
159708091
102632870
66995579
22708461
69964783
19334285
25158023
19697415
18914814
23848739
19120191
21256946
21188207
52339140
68922006
18057733
24585436
20573151
44228380
18825961
45788610
20322929
10040062
18513815
30513101
66126905
86131902
26422635
15381688
18049887
92324608
15564035
31093615
70442891
16582578
37093178
15439395
15954359
39597481
38292046
28165335
17486893
54192403
19170041
14138300
19345678
22748403
22147137
44243039
25447808
110495330
55076225
69367470
10230192
21971827
125786481
20994293
18208354
5971922
2890961
23027648
31369541
14220688
22421370
21639792
46279037
103032613
17174309
40101400
20756169
18762961
21011270
21543254
39306925
61049122
25524289
19388771
20696985
19022373
15528275
22412376
18776605
38202633
20071211
14079041
8161232
20702626
15901190
21879024
14515734
20725817
23002923
21246151
17266725
8236062
16157577
14522546
15588657
10810102
15227791
18220175
17169320
8320242
16447060
14939981
3004231
17220934
17461978
