14677919
35773039
15164565
595515713
3071595011
14173315
59949396
20094138
18451200
191477653
19553409
76707735
14703188
1536791610
2593484713
21862217
76678010
104963798
14511951
5392522
18510860
16955991
807095
2347049341
23818581
11348282
26571995
27524286
939091
143244854
60101131
28521141
278776049
325830217
16099299
419735656
393541673
376949684
221153484
137781438
41576217
27002119
1330457336
822713107
26283307
1252983126
2182253346
94618543
1967090238
844979090
1877074862
503933024
817643354
1074187496
1739131212
1655858694
71980259
19263978
1639207880
1222103100
31455332
18063034
4641021
16311797
19046500
15726521
15707248
813286
21007532
18641692
14028662
