3770514322
599114492
604883587
380321899
365462238
108683944
19224439
14677919
405384428
5402612
15254807
16153562
52422878
103290607
23615081
19235153
428333
5988062
807095
14293310
18935802
584719295
311932104
59627487
43192807
15066760
1379662802
108259381
2451565693
2180090167
1647545408
1057872049
2179485205
276897114
2420572238
1582853809
23920366
237548529
1271828726
45010413
166739404
91099774
381536559
1949246144
759468534
857004631
539178333
789002916
1307421625
586491790
299112358
209055964
986988516
778335133
14400793
131972022
128355334
1147455878
58734122
111265455
414007832
270384719
67268729
446882422
61954766
273456812
70108084
428877212
104996589
398139974
1239671
1179089382
217464018
147978155
18909794
1005827778
14861285
259326481
58748101
132288011
23808059
119711344
588317181
15849956
17348881
813691476
122728088
353870952
625392805
173932887
517552544
243652709
36904182
553597072
555206859
180743488
132794898
488781424
333381348
532592498
352213559
515662297
112107330
327349100
14516324
368567258
291180295
77264516
35516671
154149082
41667342
63154807
31197195
51443067
153077531
163374715
154474773
125344937
110466936
110391352
109607380
32940411
79803976
18983569
14375547
5715252
18959740
18676921
18907427
