807095
21447363
3886711
50393960
8161232
67358777
14800270
2735591
278691695
19650780
202301452
283024709
83017467
19407053
91478624
15279429
109702885
136361303
16193578
326359913
95023423
268414482
355307031
45266183
124335068
14230524
185260477
65992743
2367911
133880286
19329393
19397785
19562228
17471979
14583400
186404598
341258707
68604465
271310204
32937363
17061263
23613479
797883
457554412
157140968
184009372
173418313
367290384
22195961
386890883
14677919
15846407
16312576
17919972
25365536
32959253
174970356
