2467791
14173315
1367531
14677919
15754281
2884771
1071187622
282527533
127831273
103357357
360524613
2172922045
1877831
91478624
6253282
3026829363
2773456707
536515399
972651
130649891
49185389
224305359
586198217
2563398696
28297965
90636188
33983281
455855698
2801952015
213611574
112683666
91086769
16631172
853363214
399301225
735312792
588587286
257099117
1979292547
8159472
140070953
789605024
343627165
452155423
627673190
96951800
158487331
155659213
1640169925
280701704
333534411
444838837
330446733
21557066
1503048786
2499777478
22928127
335238536
61593861
574168493
230919253
483192121
57345625
551249468
3318993267
2272391981
3355567330
115658954
3064795211
173171642
3233626836
2453165070
20427414
20642483
2979811960
244043878
3247497561
297612957
500042487
19777398
570290656
44039298
1349849700
255644127
326991472
207592117
117122700
383689696
14395051
242346557
493127463
18692205
463790659
19180569
27494901
51895123
46447663
43905403
27286340
2263368610
2631240892
328927581
1325242020
2656744153
281199878
2707514588
2402010382
1610646036
268383434
2506947680
1934413398
1471068170
2712259023
191985864
295899516
28253929
606211203
955229336
2330330082
254588661
2541999628
2255036665
116757352
115044590
213969309
26235265
69008563
226087776
229454266
82322622
91083585
108247668
24871896
243662948
92727851
157996395
2460879490
39753512
62470066
114721074
1300678026
426084854
1856076476
1096084052
3025450914
468459888
69809011
2375731374
2444706326
398323499
48294321
45668062
473493882
14681605
454237315
21884158
32789224
1183041
237845487
15227791
18713314
24447643
1660468830
40076725
237870401
30651136
96783109
34678147
783689041
449349346
8262112
141361855
60644920
86925202
106038987
521634856
269297685
86052798
831205880
957662324
47534072
544447414
163921141
51337330
43134427
296332494
506011903
108981932
19965023
210835165
40936726
21858974
20436460
61510424
17229809
295632119
455925459
206936115
110970149
36909344
104182691
64411954
19396464
726960710
67354352
23211822
348632490
25341996
23560015
436292177
18173624
701615052
47786101
34992644
8729822
102049004
404082277
1415801412
2208720649
9210592
89157923
74397115
27631636
388187040
155881800
17062358
128216887
1068121346
359621966
431796104
351460192
237779140
114763508
1673820865
1047199152
1432138212
2250530515
36947388
537056941
1038403944
25379053
18189866
18667907
200163448
14497313
15291335
21904217
29236490
57107124
50396893
36441421
259948061
12378512
29484644
29337732
27881500
15687962
78411917
18027276
63296944
43192807
67418441
150993347
108384285
288333760
147878025
223430693
29713835
115016401
884799462
1354277102
2226467971
632914972
418380713
1337785291
55809761
82078827
20136892
461922813
1432977446
41329637
247885219
108611807
2370730448
2446891917
59775073
253149398
312674068
2250737179
2306842808
49942908
15821836
209004862
272383559
1070929081
1023096199
37916167
710579875
705314103
2322204434
2390777698
1947315842
1571108174
21181713
143825602
632793455
355448054
125370749
1077914569
360357227
1740820489
871686942
67517921
68305466
2297621223
15485441
514960677
1598644159
214685017
139162440
115485051
20060293
153784150
159588456
18164420
11348282
17471979
14293310
51241574
2097571
742143
807095
14511951
5392522
158414847
19397785
19697415
22685200
577889051
375391930
2308397110
249173152
2289460170
1650736526
14780915
43383705
23908002
14016912
142730813
19582310
23993642
218628761
2289561600
123945193
246481013
426116771
82097756
21184930
1325226716
18683662
12513132
2230173613
8830542
1344543859
20511513
344760338
2202416205
50684862
572225652
125122481
24025736
20106852
65289126
47285504
22570710
23827692
81556396
20201726
166215202
15439395
1586183960
1467112111
128956175
602317143
104969057
472309814
340288222
180463340
543128024
21483716
239855400
243175199
218979156
4898091
2165533916
15481990
20727819
18018384
78670429
19750789
30016081
29695913
613370596
344801362
34238944
152341106
235900469
19742143
18980276
20155652
18774246
20098015
434046754
49357767
1272407948
1949906586
1653237805
734672306
28870086
55307193
36362259
37106040
44516935
51263592
41859939
154474160
435777178
180045253
15797896
441854978
404460264
592674070
209049199
367155911
708101655
533085085
104251940
377873599
45112524
1225696320
18448883
15846407
27042513
133093395
27457788
84489711
17017636
56405314
14401698
33946296
16042794
1615463502
329746058
247294296
24794561
95749490
456988174
281084047
45055696
498961017
24277551
166270127
26257166
26053643
342165503
116705512
221850321
1576688796
263099844
487563142
348590880
1358062944
385499793
745002644
1023128869
19911051
213745334
458638776
436266454
63796828
1226185070
15332636
713993413
153486432
265902729
45022448
266459800
20076106
485858312
130459117
239098915
155642429
47945492
20431187
98461185
330768280
97150159
1493401520
273557471
234373869
7563792
89447929
220446845
166739404
143145579
223801130
20304556
13838562
259925559
19717923
297380894
26589987
344634424
14123683
1531178864
1528872439
304089779
86189260
379350352
27765237
584031440
20641995
1409818699
1408440007
214046089
227826495
134271579
1001524393
20072060
23378114
620034505
19818494
13018792
317664462
21642976
202104157
305787031
94325344
601236760
79312312
371594654
264847179
472872558
538031518
1359810066
333711700
65366168
219130513
73897731
463136703
350828320
71876190
348785149
336116660
125481462
398092540
20508222
254182601
1141329229
90364766
204832963
905798755
141269460
66263785
715124802
85542430
243291022
248917209
122994639
14281853
223814492
103065157
492329582
198895937
20204789
1163795767
16911502
20133860
14872237
581971753
763125048
178379333
28328002
381343127
1148885232
251184122
1082959622
422163474
132519817
71026122
14771157
105150819
115120168
25490685
20724810
110415837
18091004
215537170
19596687
335103467
240869466
361279906
7589572
957229460
446999331
150677438
131089709
957404029
29695131
108960856
183585551
16468227
195004012
129764265
823385911
184140404
89010639
20651623
288130321
61214156
778431944
809037703
35411150
929567186
870234055
945580976
957544338
153059810
15167903
936571909
23783201
51039386
555254663
15260576
981636018
436385035
475097019
988593308
509061855
65232348
976872578
993418400
16718906
538046666
82412511
512028308
1071498612
442613670
277000450
21182820
1034915917
168612196
301135933
774062216
525579087
23456842
1006896432
1080527738
378518348
19881417
362144301
57116955
429297992
39360648
25545512
276741154
360578338
626372660
268863250
245853484
115897646
270873768
14687193
138368306
75032303
891941
5538662
187136929
437775510
65414662
83866930
1073336054
348939569
17336417
306025835
113425681
496518061
493278212
212219620
1058847528
280992438
18768473
502039443
145734250
251050598
46875124
754891352
17508559
180935358
20863857
329962038
126400767
16190898
62902439
17461978
63172203
438220285
299800115
18982679
766138944
73438486
30344445
256712833
241135264
6323862
177915284
27596028
64252165
580294951
496503951
335202178
112538064
119234601
563075586
180363845
394563746
20513663
15473958
191083281
168641572
374941539
41358923
19588216
118988056
28535482
18952294
28785486
4923811
61504913
21866939
38483255
89214789
27725199
277761722
300392950
444589225
220011213
593222410
128513989
62544461
317170443
304321930
240843026
479343400
93607151
133064408
18512102
200252744
350152748
393493343
21744978
588479546
237322022
16727535
32073913
54682125
197418586
165299422
57004699
389229444
55956209
50393960
600383215
44606764
38172083
328350287
129475770
370703814
14488658
93211649
18868975
21201808
23198430
346361023
28610770
114811342
16009875
17756596
21021415
52007027
90654394
21271500
20243829
20428378
508919141
435245933
191590813
278211420
171501656
377210002
24807616
7753782
63420653
506942137
409223266
50788352
113944587
366181644
22324642
156132825
105466768
28395645
538021652
75641903
146509611
63133596
255812611
223480889
25838635
35706371
107489557
21312469
338564749
119593082
108333392
20218166
171404842
65493023
17336372
288757156
17189892
18933656
411007469
221560170
356832608
156380350
83855918
66129243
18953259
134563275
27660239
387835596
524715678
519446494
121221858
717754718
26851173
710064516
527526077
456164796
570004433
393252067
536495572
19762524
637294877
62831080
581271140
378869382
278552496
19902819
64239349
61796604
402190861
201275266
363154822
14569869
435225922
99156447
20279934
114755833
56927066
514494697
75974281
289843609
594881676
190733484
31892440
322594186
441690389
130836123
299530170
427695041
189955495
304187109
74131648
20428559
212235103
89446736
99584932
222041890
419658297
192897445
331539556
47903575
74710384
456869324
448171743
34891363
46345843
24684086
28534252
331900442
128968013
334565594
25075324
19982092
501860358
126657041
204279818
34613288
132829288
432639714
355026835
419177567
62591681
14124083
42610327
19339713
50374439
90420314
42519612
72235760
16672510
7087112
250275130
17441447
376777139
325070854
395852730
320821336
34655603
288674541
384951307
349496486
110102991
542856964
150640706
471287735
48871053
475671755
499968955
283713782
393614823
254086929
393028587
413487212
324529173
304679484
410811457
224505983
168071088
16305370
18713254
24373416
117564241
14700117
477017488
469399075
420509185
420531789
76997832
223107019
1652541
3108351
23484039
34713362
74985231
21086336
5402612
20015311
32453930
10810102
283894108
204002663
262137017
17602896
440940976
420976497
253162361
188421312
217804899
17753033
197365064
268397586
7587032
132828185
43853382
34303468
17386885
259345431
407977463
379709153
164218983
19400168
297662605
364511558
15811757
24786378
216670692
333443224
374303588
394744061
14303865
129554005
399311136
185702692
377909830
12271872
16805564
71563536
151044901
36641079
19483405
156303387
27650945
54847829
61659531
29268463
81831053
20585993
210933449
308981378
294809172
18948541
250090860
284195485
45831321
353935925
20632700
12044602
284120229
250560251
373101137
113722629
21170228
381783887
196752197
20159151
41114821
25984612
61174865
25521487
52551600
33342154
133880286
193212464
15253147
201737120
19230601
138387125
19330043
6273552
361241032
211894963
17020962
212560938
245283623
113660694
34701524
87954771
26759984
124335068
15830716
8161232
288452305
62290422
14824849
22677790
214680621
17939037
23440052
50056496
20609518
140097248
618593
129197440
249154446
267978097
180014279
333649756
279513123
45025729
67287798
108568373
219243547
196235064
209253668
199696283
24191903
95279768
277168546
88551365
278175819
62588600
20064672
216264820
261445178
118739566
287834630
82990252
97893963
200618721
103532864
26003792
249359169
250831586
242779326
70676335
19833623
140118545
258970724
275443458
3646911
19111767
256573865
41321300
26330752
135625018
215952307
18676177
30364057
259379883
132932114
77888423
813286
219627277
242519955
62581962
107795399
154444406
20221159
24516978
23626238
188899793
62546379
197845073
19562228
40213755
