133880286
27042513
984413802
204887235
50374439
613890561
412948496
16973333
26651130
391165333
153430657
45564482
963213337
856024796
14677919
17469289
86141342
214162237
2836421
2884771
34713362
834988327
925389540
1251417968
825934369
1078287655
1121163822
1446460165
1599171037
370699216
96013710
93167589
1057903333
127245578
203083495
75821706
588730194
280187951
472967330
190447875
2223592103
206052014
1264788474
131962317
73593143
476234589
126990459
227626917
1305995330
843112550
360685668
2743742360
2347049341
1681324362
918346674
132774626
15754281
612473
6017542
136123870
26376180
325901147
100145386
33938114
41734979
341102954
123757534
2577686406
73970649
559675462
142371311
221452291
27022925
345811633
32688098
215537170
89304457
64019328
66339576
337502808
390860562
312230865
257799442
321445166
629097517
139399835
43042353
237634998
487736815
149760844
131102007
525821517
284441324
1463880866
581494085
2576534977
256986185
16424201
3493803016
175389302
49466438
1061706834
265750353
44945327
19675521
38764128
868923990
1543468406
383023075
481399041
15922931
2952154469
22819058
2713031373
14726668
328279192
148760908
1038653491
24266845
386698474
1924779169
41528603
249499001
423445138
15080288
147305691
1378576885
548452592
190351035
602244838
2270839942
474401213
24221270
2821660681
2169917817
18083344
290835762
407261533
3436890795
58680302
250833171
2205545331
115774041
185271395
3087585329
24256221
2207218507
137478201
16305330
72706604
55728361
24087382
69932557
121213242
45467333
252152441
1129823702
316744183
243208089
273985975
78127034
23319539
260060504
18651326
325612100
3886750582
361507627
2850712973
2958642883
180992048
339349757
19693650
2427416667
203021499
175605389
163274000
152400613
110157007
46193141
32704164
21064561
78270596
20506122
45932538
22190469
22025578
29786986
772561226
383332840
180383128
358423711
623842316
199341683
26257166
346147572
19735124
337836372
1457202978
3100245167
437030761
3843083112
603743425
359157087
959661320
950226733
25970331
599548174
739784130
259435698
872374136
113497466
580281152
154280902
48177728
96448406
2280905126
457736361
2097571
742143
788524
4121145201
4122255915
24848806
2911191940
87818409
8695932
252663106
21308488
38679388
16894445
31442497
338084918
21782956
18132032
10228272
34497130
61411304
25670173
24374985
126198709
23628546
714244101
104868307
44215023
56481539
32981735
69491538
1394399438
127431090
15166316
49110693
124003770
90908301
355741893
386244525
32985158
16664681
51241574
5402612
15012486
14173315
28785486
2467791
312139946
3377974754
50338306
14511951
28644174
861763958
17844280
268793321
500042487
77888423
56443153
61846224
413532390
16303106
403255314
158314798
105119490
181561712
20565284
436292177
216776631
84279963
443215941
209708391
85452649
256573865
757303975
29442313
82226455
29840295
1339835893
6427882
95023423
59949396
166739404
34507480
82455213
288967855
315833613
66561957
46576295
157140968
23617610
27989078
32959253
85603854
108056540
508304650
50725573
16812787
329791745
437694510
14694403
53295087
265062844
344634424
334459428
56579432
266798520
18927441
14922225
243912848
3230284472
63956827
139241596
459602372
187243790
14123683
333418767
29618459
288333760
545300738
14857290
274657346
15234657
425491494
3716968334
18391051
3234585706
2495974583
233291146
127269866
325919047
3178554427
304147498
2421561036
1411921963
2763821538
281285283
721363962
2213360743
27195114
918085884
82535560
35936474
2359208259
35339900
49790330
281293114
1180379185
1219406796
417342620
3050284791
66539416
259925559
744128750
1059194370
1337785291
26589987
24742040
10671602
5162861
17220934
451586190
321970500
44196397
23818581
32453930
500704345
17461978
50393960
12044602
1581289837
2194696542
92367751
19834403
1330457336
36042554
30704824
16228398
906782533
1536791610
1249982359
2359926157
15007149
11134252
325830217
76348185
7713202
9624742
1093090866
66369181
14159148
30313925
11348282
19407053
21323268
1636590253
16581604
25073877
624413
5988062
91478624
14849562
18622869
1652541
1367531
972651
16129920
2517988075
110445334
59145948
14293310
5392522
3108351
44039298
25521487
23151437
18948541
15693493
176566242
17019152
17074714
169686021
21111883
27260086
55117855
3353566654
3303293865
205302299
6480682
23544596
31080039
268439864
19058681
23613479
30973
344791669
4020172461
26565946
25365536
376502929
14861285
586671909
16916082
20012866
225206597
64257173
23764390
125162871
589127279
436864372
24920034
73177621
25163362
88924959
115485051
184910040
236699098
27678749
259379883
20436609
34097876
180505807
485095536
24327341
14386791
15404554
370257529
1155107600
899015940
356534034
36194115
1206900762
156653352
22440687
303355938
127584129
15809298
26028207
347997886
127929465
57012557
156084635
844132416
792926858
495644809
438776915
35033095
807095
83638974
40579839
811160467
31176167
23375688
138581173
505233257
65992743
61528475
524394522
16190898
53153263
19248106
29756339
492399548
41660934
101587098
337726224
20436059
21898041
18058609
26259480
14882900
250288654
14499829
25928253
26077026
25093616
407514207
42681619
299428543
574216288
264637164
188091455
31239408
95515846
544517731
285282053
378333793
48100887
21324258
23690344
40511475
23737582
20164131
65478056
24929621
759251
19608297
32774989
21506437
379464761
96991524
459762694
798234950
155548524
94154253
282846427
74085757
34794361
136627335
90700505
116314794
18705643
121174507
268414482
714721920
296534712
152770529
151939962
12738892
20793816
436803391
492363217
347695296
75206471
459476435
30151065
16224620
14251476
17235028
19736984
18426867
24481517
84149947
104247472
98298892
356562698
28109359
36072264
487681276
30911916
18349233
18196723
61106262
74993515
80006292
16102909
33805015
23562600
89357731
95060374
97483881
208141429
63264022
221540556
286286808
310975861
364688477
395092519
142175892
239744160
289152219
511487858
487135929
30400287
507519344
393797997
119868891
26835725
193842550
91390383
20516959
40247690
146741042
143917416
455784064
442065340
15224867
30364057
27986977
120955720
2883841
109713729
111690277
60390264
186488607
362429172
67195791
16173435
472273201
13135172
93935921
34134203
33743497
34174939
400847574
119989590
51275695
357245850
406759245
90420314
34969536
25101282
24411120
301202803
287877951
280320148
26042607
174197936
41034077
44736263
41011461
237741931
28826005
177787417
41084262
203598172
14357704
19155593
34053327
48220449
175602407
70476431
36059941
28477149
241099173
145774685
41469934
21720509
206075741
136687902
147804715
38358138
133050993
165793722
22647182
28638191
95811457
158637842
157354878
80993360
94232120
57074385
41239665
14044903
15027362
26090319
55662182
17489193
28549816
109660695
100313112
40962557
41065789
46973152
428333
19397785
52939106
53665139
48672487
50515656
30104231
14817982
19355813
79293791
72982119
20052717
26270044
28706024
22731364
69614323
68728000
17919972
47417059
65077740
15846407
24599923
21148293
19877186
31641658
14522546
37768863
52139115
18196800
22972356
49664308
42786613
44525799
29611918
38259087
21041087
27799087
14230524
21447363
18091904
40290697
25198121
27778893
23396761
19329393
35234762
813286
15485441
7697382
17220785
16409683
21691635
780457
18989329
