3396323782
3159957972
3966102698
33728535
2387130463
2811420753
464857068
55189184
366812553
432077924
3259588800
2884771
28785486
252634665
57033388
15224867
15225275
16588111
18912121
66369181
43121121
386268556
239435982
24690017
528785551
56505125
33514869
19397785
161023696
56517597
8775672
182161200
41394034
14074515
1093090866
60919240
164691705
19616718
15647676
21786831
61742376
26639622
57746342
7212562
14677919
9624742
1115808439
22650211
282735852
11856892
38500966
1202666515
543937405
33617999
24734050
21118985
20653496
15679641
15933690
73181712
143477156
19033547
56461930
94119449
26284290
245115520
16031229
1665531
110541296
17843439
14126464
958334724
143209038
143206267
322117538
51070001
102691613
14777405
22330615
55345974
66447837
36472219
14868444
14328783
34403882
40136599
1665856118
158484128
134234059
35415477
17563655
15740610
44133359
431666270
221209467
252410388
1191108031
26546403
355906128
65079153
169093974
78644380
102143645
17629860
172779883
17899109
22789766
18777269
2359926157
788158100
1485410298
1653708349
423662810
16651871
27557391
63497206
180878215
22161528
24252117
2778581018
2463499796
21241131
14800270
14619521
259403751
33665834
7152572
14199378
104677976
67700256
360685668
1155522630
36843988
20032100
512403075
16689804
25053299
34605824
110473412
500887378
1309869878
118544898
2786550627
2425937888
194378740
272561168
27081171
30501378
1900591741
3242758916
160935827
367437667
3004264781
100235408
14920785
1180379185
153929488
2796544337
3156955622
2855770542
3013787388
1328204030
20562637
15754281
15492359
759251
3108351
14293310
91478624
3309033336
2841326331
84767987
2363372609
59483254
15751083
37094727
2312829909
1065995022
237763317
1433356862
20192403
19036725
44209472
237312687
295685416
114756202
15856366
20053279
249288197
24183358
74198348
19929362
24735461
23976316
26424123
19926675
20467163
20209807
1058051748
1071900114
2560169238
246341769
242926427
2371035098
2990729241
3281821536
3461645533
472246425
2262144122
2289922932
1582853809
14363353
3325837634
1152080400
358405607
2262733503
2200807664
3069235694
3222120873
558183863
3343751770
36460096
2905732896
836381149
3499829185
3196798820
2857509558
729670694
925890973
586161613
505278065
3730023733
3091103480
1463338976
2347185336
2513785718
380025487
466087344
2181125983
128305738
909375043
3262040125
338395294
219520456
30972802
110203696
62760327
2878533622
879004477
62127137
491783783
948894804
1450285250
205302299
3742426640
3742444932
1855725877
3040184104
3292232427
1534183825
3318871490
2816071848
3567579619
1343486720
1134152551
800638435
447174816
3234586616
1655720636
227837742
525005120
361342191
1176994477
275226221
774270606
178022783
72950235
1630790502
709699460
3066007731
2730305177
1881075901
24460834
2927674728
2875330352
637144666
622343442
2741159104
792825979
3262919503
957818034
741941852
202409095
2599618694
89526339
582437325
3185628956
3036075796
2328950311
2182304690
50893386
1115043025
1677065917
420964164
3332974093
2360533333
2265620686
174686088
424425527
413641312
915629377
2798770075
2562745731
1686215792
261019887
2720793105
1439800837
2523349718
2413586851
31122496
3345813927
3287089771
2745608709
1648172515
2157861450
1431994016
17074440
110445334
515078839
3236431825
3260645210
25073877
44513878
2508539376
55117855
480532010
1149906199
625920523
52939106
27750488
22970145
175231179
1345711316
422287491
325401137
169291609
600503963
1466313036
29442313
1536791610
1330457336
970207298
1339835893
1608603116
27580385
2425769688
242822343
43974959
1025393017
218720267
711845941
3171834748
2816306170
2370950810
512660934
609666413
410783947
1717284276
714814089
519938598
985528776
2953951717
378196078
788118876
141311588
2899681122
1955132936
113047940
15745368
18916432
23022687
15808765
520990529
2626098163
189283341
96564060
344166393
2618383943
858836742
110765336
62832611
54446531
149152111
2935627777
287453334
21035529
2387775984
3173744930
2490692354
1045525994
2272312681
848614070
53416950
18247062
2678789305
1953300319
1180919659
67522953
549784230
2246415216
1154067696
1513694911
768307800
1441610071
2919985632
1730192077
2937617185
451179502
2393729904
3033682764
16030937
2803940073
3023456325
166722146
16348481
114685387
23796707
372060319
2809118642
2613097142
92685993
465995750
427899791
15147042
88730574
88041228
22182297
92119863
61863287
483705141
2496786115
311175958
25391743
2792835219
2937531530
525798543
3063480450
2536928800
2868086544
219296348
2182567700
2182307328
1601404770
1531167314
598910916
357898953
1717194728
532598750
2304310723
2867945422
2258290621
2303850548
210178491
305322741
832193574
500882593
497508083
600495368
186594906
1520833232
747334518
545326434
2742443442
2709624089
386122363
247980239
334505474
334340642
352841863
43124180
35528272
41041923
335688723
334486090
2779922858
316301298
185481665
1436062111
3015040261
371639054
102161314
156295103
96846955
65773523
614554301
191504048
34959923
28109359
87777436
343631219
1445270161
21769068
375408807
20715988
568634009
2471341866
1649338170
1479714912
2384601175
2431121856
438789310
1049711166
32612273
29807506
1242239762
752178674
18371359
2603701411
69515486
602188858
50164531
64059724
165464412
361468994
598951476
105305259
358905141
47900533
19154824
37082962
81044485
15830500
25775644
17945294
21525579
23646457
189652312
189660705
110840720
15169907
48100887
46973152
24712054
23612453
17074714
28706024
26565946
288304848
413487212
25589776
20978103
25521487
23151437
15693493
537801492
3011745991
353220495
2963101134
1864607546
551876558
1035284491
1718941435
1043901540
425147401
781004568
2310478364
401785625
26015743
706300748
262185151
1070929081
1023096199
27457788
3063207364
3009980280
57097104
1161493932
612694330
571200736
213501060
127106048
3028805450
2511091993
576865146
2182301852
2243246286
2690199531
1274430091
3024041428
601227277
442242506
2490165875
162581206
2693636380
1905936350
775968008
282379584
2636370741
2380224409
55877963
354157618
256792714
2386263740
2328954756
158036906
540552906
1578766063
1096870728
192022295
2963291286
2584804807
2180970930
2411963346
226737345
63305093
29716569
308711195
559992818
107316555
1966291255
2239592750
2880377325
1692299305
2467791
87818409
742143
5988062
1549129202
2207380262
309783547
1957482266
876407569
484944320
2343898400
1117584722
871984464
146072469
138499812
26571850
20792881
2834035926
576834208
430235090
583109009
2846403539
2851299438
287862500
33190117
858111782
636622379
2233593159
549561856
2855614172
139986343
1025651216
1410532375
2297380146
262776590
45473159
346271116
789729253
2275318722
2938742120
1013661722
748252184
34301382
35604930
69623813
2940122149
2428172210
981760982
1868659987
16295584
179190566
110011316
27217132
2213635483
1056030644
720179378
1143922250
818708977
534929598
2840675460
2916814903
253417205
2838329776
570572200
534511239
2531341891
41388999
2712560178
2535725448
2159933730
2505661802
362127538
2829071695
2535930448
2777855409
2806179553
549044652
408964493
1311142363
2303440405
2221999802
2701758458
541160741
492425820
2786774596
1625739240
281878816
2456858455
2793026894
630679512
133439172
16713771
19195914
30973
9855382
15207668
73238146
14344823
19394188
16789970
20437286
17539497
7713202
30313925
136361303
326359913
17595745
16365305
13218102
37760670
68219213
38100181
14125882
259390453
760170906
1199281806
1099717411
753729068
24368246
50325797
5392522
1548489476
9300262
22677427
51241574
807095
5402612
428333
26257166
15485441
61883066
16656350
246542637
50464362
15615783
22185437
40931019
16228398
8824902
529801875
633589323
723564787
36748024
2557661142
17294956
508311413
2767818462
2745843684
485173390
860703823
55577583
2732193643
2369250462
68483846
2308692590
976880234
1068756096
763892420
418306214
1120668913
176891491
183078291
1641990786
1078215776
501012445
797409338
554490831
1868395976
2291774101
555953108
194741211
709504351
1882983853
1123406940
424683477
984290875
902710159
768371852
1323455138
545427716
630586862
781301862
1859512423
1099700108
632357957
438434987
2755513612
706146224
1697920051
1942882610
1250445277
199905115
26066149
1302166597
1192030544
1945294386
2234777360
329858494
1947790922
444265616
755578080
102538749
1325279365
