3109156335
2867096648
32901124
283700587
3565740137
252071706
4009319542
4017868096
250738105
3291884796
16492352
14677919
14062180
3189479158
16664681
358598582
5392522
871082654
3120193541
304202086
2488489357
1654080906
15754281
15012486
1367531
163594070
15893379
270564801
24339716
277985183
28785486
28140646
32359921
1339835893
3102189689
51241574
104237736
18949452
15110357
20562637
67358777
196616647
170353453
34713362
317192373
1160917645
311724491
2298871851
2834791616
2158403571
2468335203
2563378365
2845259997
195682054
86512212
3313696792
3317621962
3256594134
3347629229
3328149387
3378884295
3000428493
771635953
598508758
911780719
3383884355
3291366768
3293816924
582861127
3376120246
3398488071
2995517919
605545461
3446599695
2920664561
3492074909
1052580985
3569915237
3759724342
3881523501
3891924081
3907776707
3927131423
254123985
3945393502
1924511984
4063625541
2186323631
498270354
578340932
21655635
65453567
1707871189
90390631
310514972
345286206
142990414
377454560
3440200642
110445334
2412999031
2170053050
174214653
447920739
1631524352
897435294
127260997
23596126
188508061
3361047322
3362866709
232904696
3294994813
461416551
3398245192
3289749297
3307752054
3420959446
3422341847
1528352222
489421974
634833250
816839312
2972293030
285165943
58598187
2985342471
3377570229
3380070143
2829251164
3233509898
429173115
95609825
190615522
192847676
711853548
2799982519
159425389
2294193469
3239353863
164298047
2470746164
3244467687
3014736279
418800415
3221583532
509052159
1408341811
138510846
1620533455
141913624
3081626192
425598073
53777284
495397324
2870054277
2534132919
3253570331
243843957
16396046
157781361
63948176
104064105
96980201
138352630
154643399
562714235
127881758
457683595
68669124
472782584
1335303547
25073877
16588111
420425883
3085378671
69271273
374986875
2767589308
930413318
285735816
1026324248
422788390
267399199
1894799838
98728047
109596632
87944731
2971554502
76868826
230025388
599911649
58197231
66257610
40351405
63286132
27025414
109224937
2885489051
183989194
73101098
161000749
224597702
80033468
163302523
170869217
58455776
84553706
621936644
169117703
50160227
2306617507
18676177
160926944
15439395
8161232
4898091
242342302
813000836
2359416884
850467270
21025761
385751875
32967532
589570233
3100427362
2210096691
496255654
2218276511
2901079234
1599533994
1377429566
940698337
941320202
2807048705
1866878750
3053995430
276591624
1458206401
703633251
1007896634
319113673
152678580
59715193
510278829
264503072
631909517
171018900
187962193
176358045
39954115
529239830
28551298
464302075
497875606
318679115
217993223
771422880
842324461
193696527
88381612
357346320
2994118642
253014745
407361880
317360431
920776742
93175443
2623186860
361758494
180143521
116800839
382684812
74458149
2974488604
716145712
374448180
242470581
204432282
241623399
154170791
198801303
439772838
65035604
170685712
146771625
2793653284
177061010
873415226
198442082
225499192
2403256242
2939295641
245040465
581798005
179417373
2168147279
468217040
399119902
1089445159
458126119
484474907
2218579027
1336758793
187340145
1193782248
1160465623
39585367
55831054
174402212
2809917161
2770780500
147363845
61944509
2477402495
1004111881
31304897
379799152
323210969
307320570
2949487949
153883177
57639281
839683477
162004764
205295950
126424510
76635117
24509845
186444124
439148796
2336304936
345554620
320696027
2951585260
259934255
191324504
476865831
356752271
39054711
992620824
381978471
567342972
2348278001
226160232
1012400832
1203132931
1671687558
128516791
210014025
124564043
1704992738
1077872654
172991278
22679779
62051546
2545604652
868614786
1116693576
1210845686
1472986794
439838598
269036932
749127194
2994488843
1407530856
393911124
64081667
185585696
295283223
2868402085
767649288
179288325
176358905
899541752
3031234918
233662207
19664869
363326967
194997527
176566301
631927026
201934290
244456895
140417554
279532141
252657026
123875094
243574928
2429042189
468917590
1077775476
337207359
259673353
105290994
1321972003
32967924
1425914598
16626603
525503322
19740226
433623633
2565577748
2936714848
242300394
220117890
238953554
2491109077
119009802
2919711629
2297473461
2385308743
366980216
404367773
142473768
172660215
2223762204
323112464
532740090
587520444
2721769511
379810455
1220324322
52383332
3014623192
57541504
31452436
19037859
111087041
122367993
492855776
2471518619
334673828
157436096
126506030
1331441533
248929696
237014259
159511159
121812964
1681191746
314133570
493365529
313840640
2952650963
2792953901
2765624356
359927716
177583133
19304974
240339818
1626431220
132572601
2914442873
174784947
1627803290
2939497901
1162687218
767202685
343893682
2337333439
1194156253
345780140
2818854183
1669132172
21972711
216453911
64735039
38901935
21693645
234823886
33697419
147300801
78774249
28572020
20400862
19478383
346222084
208899034
2813471093
1850929850
181299595
552836199
209194966
863773105
85431623
19617105
27860681
71059280
147350243
89719069
310343639
179530750
42872795
320807010
250781699
300509037
222959530
14224719
37939712
274606051
26589987
422172473
15609449
23617610
63845653
29746991
47655683
140070953
27768807
879662622
18332190
142341247
106062176
253340062
18909186
124476322
19106719
218730857
2436639828
45621423
105905066
113086767
458915116
5577902
131081312
363401642
314926577
227544833
21631912
335104148
128002776
3108351
91478624
821045162
99184625
246071221
270065349
124005042
2256950955
14700316
30966948
2467791
3416421
44337029
6017542
14159148
187719462
2506691539
46979986
282677425
159758433
92833573
69358916
38515708
21790647
21790160
38043442
740148150
616111945
325192980
637388992
108580615
189312902
52849126
2196822917
1664907410
52987998
1283189402
67887327
413428207
188539577
23690344
19154824
235582329
41142102
2830024152
16808626
28706024
65992743
92367751
268439864
158487331
25159286
773069256
15647676
138372303
199354750
1330457336
50258275
85603854
36184220
24929621
17919972
21447363
30087606
66369181
789605024
369505837
1093090866
45842154
25365536
17471979
25489670
631531017
28928022
30313925
428333
29412312
343627165
84187233
22972842
67258598
1900338114
9245812
135295059
67547268
14293310
263284370
2097571
441072161
248929204
45330491
340847403
279234139
47752027
2770998170
432796997
464559953
50332290
2299242074
2563611492
415431643
1608395077
228620917
618038760
166494835
168832431
75533904
807095
101998817
243109549
499624403
282202728
1462012933
175052099
300150363
108184995
36651979
111664968
505902674
525578998
258783719
1681280533
236735405
2287342308
221664139
281942410
256692654
337240702
191813419
227320451
148587486
33661483
22462979
80072444
1248729403
2554213363
436640730
479949140
116827514
18835721
172307779
387613995
76449420
1343645053
190283151
14811021
34613288
982623049
33840075
32829864
45416186
598432159
283631750
440077105
153779714
214008132
323689189
201440510
452890507
612473
247835876
29712340
839674512
17506089
91250390
140565217
385666826
532992584
148735127
74159607
53900981
186620258
2445838069
313859828
487623370
152977548
43547363
428358636
25157583
46335511
531645584
134212218
2677410689
78597013
69749971
190351654
165570025
151083843
1446845700
17593694
45203182
269930531
833785518
2184447764
449923545
32276735
135022993
775683038
71566433
144791070
775120820
150723122
2478450481
164442399
132983279
233461565
1241345894
244045812
584007637
1389694494
184597138
2255727157
302804783
106234315
260568578
216411930
1734190908
1837481600
2540414330
2418207947
2292614664
177777123
81050446
286192863
394021835
123497215
171806554
231501386
85539584
85803564
126276921
299111531
282184680
67128849
232505890
189417614
392755785
949004959
265902729
15028593
2402080304
309701403
77732275
189270587
46379597
2535349335
199700841
226594697
102307568
23874891
2299596691
352911424
56869426
21374830
64800024
116781439
24348505
119894619
2524735626
155960234
142053593
570117779
149126261
452697386
126477052
137274378
228014636
212900379
50681352
117642937
194284777
125306516
257872643
601920904
576085534
276611456
166078710
36384368
147569039
62976347
2218394089
1914724777
188658020
499105432
85278009
429713191
218927787
329140208
1640207850
850835695
2380216862
227012731
278503788
187831989
154080126
168992262
231007113
161839055
1673098657
200630603
5988062
44171858
33464600
47475621
69181624
39634561
702271366
109081861
15809249
109347321
25412269
152442703
20545055
36117822
43965146
36670025
238554588
216299334
99269431
813286
19397785
155659213
91316071
380592102
5402612
50393960
277920665
742143
417827973
82319018
1469519934
430007215
1551393607
985006518
299842076
351810069
923499582
37799018
93830202
262836675
1732998264
599606014
22934505
984213145
245342088
474880229
155197969
474878323
794428123
1715186384
928681476
458638776
1700262505
1055920914
1525491162
300215337
1673483412
1147175514
261753348
98714188
596023541
2222406241
182503404
500447288
54561448
1342507148
854003323
603915633
1390267651
635384491
115141256
67902228
493053988
92731878
197884757
117685967
580928634
186025863
875485452
117778985
32660559
199481637
71889581
1023921878
248332338
192947735
193050996
554811018
1291771848
150073919
31524221
31322556
319782653
858226585
61831375
114047872
157011426
203414077
1303300358
125379509
597224882
276939439
153209413
342080796
291693542
148685893
599001082
253713228
69266428
71209897
44751072
23137747
63977305
529708354
470130723
278066421
23584333
19922801
18601182
112411597
17346423
204481211
588397960
1586190326
271068402
708900330
563452271
82556798
442592185
1496668752
234528876
104284686
130130109
205645356
15953276
772368
21832608
21090027
104875192
158348244
175774747
40081103
134793211
38990369
100231635
310739091
887027720
96792038
377357021
349776946
1059460056
116878199
46844146
255516424
82476210
504437553
155516708
308396134
259132164
366275423
20056777
209976494
31774945
146823654
348379865
36586787
38797799
378809160
66461867
65857373
445719246
58893875
85985680
1892699412
411722081
116862121
941089604
613516551
555437795
512892599
831951895
1049182136
239376944
738857268
948557844
987460892
488099446
1633219934
1156228160
374593582
1308776478
14516920
111392659
15819466
382267114
297169759
2157680014
474882535
1734363674
474887311
293944969
46757455
21474245
1534963608
164894129
113234848
118655782
211846330
372755940
34082810
25238117
27829672
285169365
121909585
514542342
135126837
116915464
117087700
126733638
72957488
46392416
1041337410
1929871663
243254547
300362387
1432030962
103401030
1903677397
213665604
367084148
135546661
161477234
128512165
210727483
52420819
196157593
44664567
26400157
269256179
231416608
60348900
67888012
145954040
24860312
67465811
266930441
34288864
121237845
198910545
44354695
47323938
42379703
115628224
87170557
103350352
128022083
24193347
23377569
102117124
42209165
229860431
135973690
85318467
51809554
485748503
23742864
373978904
27528339
17409452
18378475
263424208
57320024
398212417
173620667
22059388
39975533
24291371
125346858
44728980
50246444
101825544
66857043
45224548
20577920
140750163
113317910
53153263
72568426
18220175
47033057
1337785291
21425125
26565946
53817066
36617822
300392950
759251
41077287
16409683
