81634723
91478624
33998183
117662694
2819416834
4204202807
3939131596
77890318
14800270
34713362
86141342
788524
24126471
2792589202
15012486
14677919
20272531
5392522
67324224
41164651
20186316
68987936
377147708
39585367
21226678
15893336
1331091
24894213
2820899421
1170583490
171645564
48289662
17369110
248795646
24236494
139830675
33474655
14884486
5694822
2181052568
2467052786
259867063
191911117
71023545
163884242
331654783
993725407
89994648
2615753071
2420778740
74356796
68076180
3030970541
106683658
252233843
216923153
3033924077
2850743988
411759237
390565396
292400301
3602754015
4113791757
631623638
4122435443
47905488
60257871
77254053
23375688
236917131
26053643
263234033
1339835893
15485441
65174274
27260086
61875147
3295220930
414120540
3236279219
3189223219
21951965
60919240
813286
71306726
116913517
25398075
55711504
1330457336
26548315
42389136
112310382
3062126675
84682629
158938542
1093090866
33108698
16560657
42308526
1536791610
37749417
58933427
201758975
22676390
232225458
80106768
33506592
59283767
822361418
2097571
5402612
87818409
14293310
612473
1652541
14511951
496440575
51241574
742143
155650832
3108351
28436760
20562637
5988062
25562270
18384761
301454362
95381232
293118779
91711887
2580653651
2339030382
1952380376
495359954
109272750
107463521
30070998
18359321
11171342
33697690
3039929661
2971672258
2778895375
2965375485
212032170
141846664
62639872
296957379
59550404
30299102
395248924
28572020
28928022
34514898
353644178
2561799284
171212193
2392834843
17137891
24989950
93634334
110775353
46177695
368480298
338084918
25295580
26565946
89513731
6249572
27367511
47186755
16636056
135560275
134547779
62432717
31420071
57212186
21095727
144736637
67982898
193395018
18395177
47764457
154374134
27368199
80993034
24693319
24966423
141644736
112906234
16245822
94715491
28458538
67024588
40908929
15224867
27233950
154216066
39748653
89719069
33959546
36743910
24621955
50393960
25365536
53153263
30782495
54682125
174036527
29412312
35050231
266709123
30279060
21972711
1483672922
634861069
614603415
43965146
129947366
23874891
30080029
17468447
20400862
38911373
562540861
76622987
56869426
540131681
31312811
86508475
1949857346
119460225
217920201
161802684
121162178
101084919
129838205
22518487
29861904
18278629
128990079
204995942
28220305
64461771
30966948
50826280
119881075
17855040
17506089
41064406
19571299
101878289
17593694
41307775
14066413
29643550
44171858
33464600
46319532
33661483
1865383646
23280648
32372834
19722699
37780967
25228101
60117374
18228898
8963722
16116288
27768807
14647570
19658826
19725644
16895274
37710752
23962323
19402238
15143478
1435461
1046661
14199378
15492359
621573
17471979
17842366
11348282
17696167
297975541
188844749
16456569
223474616
108159508
404247620
30313925
25110374
69164833
33403290
109347321
96625104
47475621
85431623
2247933434
2415496545
18472564
2194795717
1480282164
95271244
240353813
446588335
417474879
39634561
75974281
112747576
112350701
138600717
249971690
200193928
24795163
49558254
30929342
807733441
14267944
23083404
285619269
23613491
114959802
896443831
19248106
30407783
137708995
27309459
102413533
33949520
43144932
197539894
18056976
47408785
19030154
520662176
16303106
177314195
96846955
2467791
20545055
317919825
41142102
109448173
807095
58598187
428333
31239408
36117822
18631010
117778179
41877508
116362700
23151437
783214
30973
179949912
488806900
115485051
282677425
84358766
78160907
19397785
205302299
5577902
288304848
27055305
43214455
33990291
18220175
165961496
159732652
18133405
145499533
52939106
759251
26589987
274357227
54951973
17461978
34083083
232384670
776658848
887313786
440886449
15609817
484826094
251634297
326365842
20445809
720428281
1611469248
2149287505
237994484
140546733
26233068
90940758
245910355
232687460
39137444
924590168
38683121
463350972
1194841944
724521750
497982637
21565679
398969249
555294830
378865539
132208443
242593022
155867057
214513777
1205345779
124723490
124472944
444039057
876235195
33700378
16147596
46938311
483235669
15809249
18535471
937696388
45131693
121817564
65836851
325338007
1407686240
26424311
37372019
264222135
40774939
332042281
409435814
378786803
42124099
977637272
34175452
201080710
555996512
171781917
299747917
19924940
119396597
17312191
46241768
733244784
825723984
34803974
28205399
575845849
89126350
161105135
