14132853
23096405
17471979
17021282
1527896509
14677919
15057943
59202721
3369629457
245548093
468831492
75986163
29175275
48113094
153051851
243840035
103644695
18359218
40040788
88669781
12369372
7514802
78000347
107253004
41476705
8223872
278296250
238512985
807095
252113889
22822407
29247964
17900402
191750596
41814686
117662694
20802277
1364930179
258300200
68456591
15066760
15492359
10810102
400644884
5402612
5988062
151532036
52044744
18807671
50627903
20225875
136361303
326359913
91478624
4898091
