3587374754
20155652
19742143
25087909
18887526
19394186
21522338
15588657
14511951
15439395
22733967
350680058
296023958
16630098
19966557
18676177
17220934
2768501
80701402
256552604
186824547
10810102
66512560
121328016
17456542
18713254
171275005
288452305
40751632
8197942
16832632
36686415
14677919
18668407
14592008
124629713
16213404
132731802
16218084
85436197
259399482
22445982
63513288
175666409
809312958
399885845
804905282
22353006
36540378
1113341312
21075591
161155151
236643260
20644420
22123727
16463397
35677344
245153061
25410664
43792125
25298569
593386788
29979814
492034179
65269312
16153562
19178668
1092378031
327347231
87016821
29576445
15492359
18080969
93219986
41724773
149180925
1412036527
25920031
14700316
17638368
478068056
16212771
19111767
537635180
32201814
71256932
22479256
11178902
254515782
22421051
55024445
1043709613
17939037
347679758
16573941
37088659
1206858936
1470273956
45564482
2832655429
2452746781
316389142
2319108198
14589511
2542375742
341824614
1216916910
314437348
502281810
307755781
218346740
14879825
35773039
16027904
6974622
370352314
40068395
65057522
23578176
16973333
26003792
382594486
321151129
16310472
2657993718
1660468830
36743910
130922325
189376144
529147678
19530289
88749392
125486974
149590738
2916305152
586136477
42533156
395589480
20425537
224495471
96050699
64705123
14740721
19725644
2329066872
452995004
321560085
324995650
114422199
48740370
124977900
267272939
233522991
440352312
173794868
568171398
409500988
273275593
162622769
381431945
47599732
993466760
49087983
110205768
71488698
18944209
25567231
17811542
52155501
13690462
18117460
477863399
18171525
17379227
25713124
421398203
1201336170
23695888
430744802
130012095
86158118
20283059
20209459
992789466
48744833
17871030
97409437
170591249
333568300
325461522
155320577
23180682
275575393
22127864
29776169
89483276
29609364
49558100
30948732
17861282
29440305
21857603
30425605
36544806
91462518
21168451
17865904
25903941
18069477
17825445
72459957
20346956
139695131
18543602
23046015
31126587
104643357
165675053
23160828
106257440
14100972
45497249
28287525
24110511
23879043
133178410
133093395
26250530
38649507
243865694
160813248
50799351
128453740
21638018
26692199
105985850
236776085
104089616
148962634
35444494
313899143
162977306
290216175
142957691
42367080
42365343
228568312
72737938
270767794
276890249
241544156
202028281
56798334
269648315
20710218
46054208
110625811
33467691
18479513
186750929
89316681
36025553
216229947
104799646
258244968
122226034
43102647
27961547
301234472
369353126
408934727
429751532
142650835
215902655
58985728
284374978
85633543
118739566
20374935
26787673
61636429
310822502
376766698
253898547
308300937
312478205
543157789
437920019
411440857
193815149
295488082
181270405
201132310
520075946
724185289
210672492
130141322
15997022
580745415
818212956
261015235
213903671
16675569
263514193
245825456
22571216
940790881
349491422
1167508375
22917769
51271144
19013887
1238495276
1301611110
460879766
17587785
551678522
1350629942
26722530
130789355
91081195
69151411
321888741
20621866
18766642
614952266
212837173
373870741
194972137
10926872
151780928
14847185
490752989
237138554
234306659
240734425
13058772
243475324
187756121
25777812
88703900
2270593045
1870205762
115267792
421715990
161571109
270126027
309469254
25943008
1115746280
2300779218
270497954
480976350
491811393
205200786
41005225
43302753
134736977
1315761960
1243059427
36513872
364696531
135057136
27736904
1140664332
18929201
619609970
581591254
95754401
419818709
278319277
1270746139
363272680
80297685
177577771
59102252
23296627
43806353
176316539
3031663978
1226332286
262103497
390492217
71079334
308556440
44166798
43885373
40878677
29304837
29460627
28173550
27487343
26577824
22536395
23783692
22976125
19835035
20006987
20264905
19678937
19673276
19618527
16651754
17093604
17374906
16826656
15361389
15020865
472385266
14498484
14801539
280412626
121402638
156247074
46143892
71210107
85307509
35758259
27844464
19583545
27489253
15891449
73406718
180884045
389038362
59471027
56443153
47964412
40358743
43403778
44666348
36155311
35865630
36375662
33583496
31504542
25545388
24109979
23642374
25084916
24179879
22146282
19853312
18734310
19383279
19426729
18336787
17076218
16347506
713143
16332223
8824902
24387904
3243123326
242571316
1281248227
2455053222
412913875
2922551936
812819676
949356991
2999967663
1209726426
376502929
308323748
273684031
596623555
2707158816
1133115307
524928967
2968251587
264107729
403246803
403245020
439125710
403255314
169462977
142262635
151008804
105119490
339672742
139183350
55583641
36376988
78684416
128776640
2315399016
1670174994
1283561876
342599843
280582344
43760956
12798452
2551031089
65734167
1726625022
21007030
360074959
153849905
362066285
95411613
34461692
14213711
18297088
9255842
47263956
20432727
146367309
172097332
88890284
70926844
18052498
62557485
24920669
75297081
164432130
332898591
53053378
527883269
62341575
2285456281
53225463
44734487
36821458
22141600
91240835
41784974
58500819
42660384
16510003
16510155
24588523
15962096
72815530
16118151
89168924
89486038
21288052
2864191125
71238010
23599540
9636632
20591744
243163874
38530157
14962685
82294405
2204034272
335611997
22647237
17230018
20612033
407622795
515883230
17335732
19159855
119058758
94359979
468147241
136198821
205107447
267263100
246618596
62325140
15069555
21946704
45522363
63253045
46880833
111428431
162432990
133248846
146813134
291911338
164365459
123577980
78342014
112509583
407302302
104893747
480915235
184261640
501836993
265564032
166625135
351066417
262138625
170863272
543582006
182889996
379044969
330571204
419805477
556713789
106920576
224362490
587477059
212053710
272609335
1074675594
1204017660
165049506
1077335540
1573051255
538057654
71429309
627320731
2284762422
185025162
536388315
2375275285
26264871
98981085
35740028
398332528
250062140
2396376020
259231434
96995753
73111581
112734121
393948633
25535699
3230080835
104191416
119938261
22894572
479727198
752309719
478310972
214251466
355155615
627796925
529222766
330956379
39723301
500499888
349381072
703700209
54373671
99002197
58168969
354126792
19869102
63275336
181951806
1036655030
375396259
20647439
486196329
604539402
20969973
194037150
899240761
1417975195
242567007
316113123
401831623
585203769
1688252430
215766123
260062202
1173188456
1253284927
23543947
52818366
169795589
1729988066
413561086
543322593
112733139
27798256
77714495
24919972
218649291
405919526
1072308420
361812003
47456248
3318507721
1277218280
27585831
187470251
515834883
237800041
269747408
17335257
376118814
441911983
950588899
338299807
43883714
273399788
314591606
280452543
76287767
413961753
251147326
419647754
242008434
434437280
276442281
776312113
264020691
46614132
24180861
289794552
150024569
257948696
385556251
245095610
45400518
55007299
296142154
76693415
1023072078
14275264
751593541
339838202
20626359
310960217
3431468255
36231556
2647053313
142240318
159482652
20678384
28838048
32385762
28845997
28445357
30574546
43973013
2177874578
19955482
34198151
245422880
15227791
146922062
2276717322
47618120
13018792
19611479
2232721860
27844479
148810980
702764472
114423418
110384744
92724677
138002210
139385992
138330579
99918503
99448420
41821428
109275593
34046228
59808841
58173133
233430873
70652594
118787224
94166168
180733809
17137628
60737306
1005544518
92726549
802295798
117715973
2720868859
90521461
24061566
130987540
53807788
88057127
102526576
26667184
51219116
15462161
119477661
95683645
22832087
20495190
44483935
35070005
90057442
98000587
37669499
44750567
79327336
54856746
237597796
80233893
52181976
79312149
23410721
77383832
19699509
90809127
83782211
135723832
29940335
18208354
56518880
21586418
20221159
38147433
19697415
26861998
222680234
15693493
75641903
18732991
19081001
45040038
39730630
16343608
40357460
116572811
183229635
106467836
186860459
300551747
52551600
15166316
17992258
41692369
24024778
46671731
61061751
77841951
112915037
29312953
105001940
243230859
17828988
31256852
381090926
38002432
170424259
18286505
46440103
15234657
41304837
112964469
23114836
3004231
17244973
287603659
16004470
210684204
64044676
586032653
3040524211
594220452
18157057
24717675
18494593
57678632
255388236
21317078
274028325
40626514
21627737
1588486417
316756361
228628905
238346334
51104447
6480682
17523013
42843146
31463883
104203516
111757158
41139304
20598586
333088304
69641766
30110782
55457727
114919979
239596041
34459513
34466175
472032417
33489438
20610026
266990741
46141059
387902998
538303748
211643924
185781582
16116288
165870323
228550346
430203410
2214652393
325025041
488682119
242144696
80841161
220326697
80599812
31087112
28211610
112427694
116699912
61049122
23733354
22787867
43342370
7736222
29784580
18776605
47359148
74149069
24926413
137074615
104141653
245992215
19691643
41109736
40076725
169890746
22412376
379710889
18863815
34464376
20696985
27806987
126089211
22147137
1545741386
192491805
560110997
346911544
488132120
145382923
37624603
1873674559
166868181
460624243
172634213
259521523
398613020
297826846
321976655
329541213
238535541
108277074
553496593
618593691
620756133
338844897
302573216
1054066518
516392031
91045815
242217285
305321716
40756537
357232635
117093671
126434795
81979375
17494153
1061798611
2250749262
316942281
2220644058
2220640015
708360108
396866544
611289409
8736882
903172238
115286138
40580714
366987179
1307120064
153436029
153876355
454862443
19362299
123417995
92273395
23508439
544129895
3147289455
330963368
28343967
16877611
26311983
19554713
17842411
15225261
16874201
21672310
18156714
22536159
16202575
39814938
18456284
19663780
40935002
10695922
18818568
22199141
23710512
22399021
25417360
18029746
18139619
38538397
25415355
27866299
61306156
49153854
51566951
27619032
80721189
27783515
106838858
49573859
133437561
119089788
50391329
43433031
46416413
54060157
76038803
21870772
43967804
80628196
8839632
43355690
41265813
15485441
89737529
61903300
265483421
14749070
336116660
31119337
24775528
26799554
213969309
14235279
366106907
75069067
170411128
62493830
42772641
131030214
300392950
153403071
125481462
68999404
425365329
757303975
56186139
53238154
88014010
39837477
202416362
287281370
1358062944
40927173
18077270
55353207
18132032
15513910
15359812
68567635
498961017
18974329
44205959
378197959
150740603
446601755
103053196
132389474
17866834
11856342
170775294
1615420753
42900685
3003973867
84660476
350118701
106878278
761803290
17461978
166953120
33474655
17369110
44835347
5694822
5695032
22333048
29098641
27405787
19274342
55131390
39585367
21469205
394471665
205584866
59414975
18036441
189248614
1219824320
22839066
47720230
31442061
31442497
40745276
74469703
25298289
16572109
2608906807
38423170
20847350
87323439
70207308
64857767
261233659
235112219
16423525
1402020182
252822479
855527822
57735579
30686649
299112358
13618402
325536115
473311723
543643607
17222678
2319443059
5135521
234104154
57841792
180419076
30513101
16082893
398092540
863635406
20179365
16400360
41698227
14922033
66403013
98955572
6753242
89183429
75016467
14219877
10850192
66395780
15676492
43430484
348379865
33645850
14836197
72568426
26007726
23689478
17329538
41024430
78021221
126142622
19980499
42220353
14857290
124491549
168213572
199665622
380929976
27618814
23746926
41562632
140750163
19537263
265723717
57099808
57165979
172675671
1523242951
210775513
61744008
2529814717
287079719
518925359
435189023
2204726662
294186477
498012129
364452504
292249027
271623423
177587759
138220302
210551474
54179670
14942445
249773992
2793452239
2282149235
88222301
367678362
536402286
561430861
3381687761
70372131
1524800198
298095558
170349294
38640768
283961696
169899150
411416613
237958265
433567247
63796828
514895157
938898889
292632678
181280529
296268526
266748859
420477934
1675489796
221516303
80066696
141052723
1502405005
199136236
220882642
190213419
364335734
504550793
25155195
301921037
2741172681
844204832
323650103
324012085
932433086
151666971
2317800996
191568859
114516774
884556398
16808626
2515911008
2269591228
255489144
307009178
393521072
1155233203
252592728
267724705
380960011
3063924659
376420687
3147814677
73372670
473896882
262421906
123899370
289946018
493141241
368215654
172394505
368148234
378611487
1364383692
101858989
342772500
445851103
334629775
1565155092
187153390
431957369
239784688
1000266547
1009232995
270839361
19067940
52352494
1014267936
2331718804
337886919
606494426
2242915207
2695436575
69679927
414877244
273507934
557379987
1612394348
588200416
113695584
50323173
22818407
18139461
55991693
72475439
125408809
136998045
543954514
473489410
119504238
166304850
882945397
915333703
52724351
118359898
11525172
2385272859
560469862
3092733592
606211203
886426412
1559056472
21889608
453340945
116311025
237477528
400293698
252512780
195706828
482335885
417090716
420240475
335828175
1072252052
165762468
294085868
65736270
172926245
231836218
228527029
585143880
634656263
226520259
422825065
1344234596
115756430
1470841256
607281049
195468650
1235864750
119202763
383888417
279213842
33915140
1613499266
198903339
976169742
69227791
35993422
244930099
278694865
131971922
124254485
617249868
230567961
356899025
31702589
68354769
248863667
524332413
167712481
289276770
115933526
95521447
281550628
212037985
138358313
362414218
15269659
142001958
289498336
110513795
722850355
26767094
771318361
350941103
113512735
250791516
428368142
715060327
60838754
522147432
2581222654
223866029
2656434639
2541845341
17540485
49372957
2669268050
116561796
133913133
351118737
301321354
2178248406
289730232
485063714
102646663
274054714
426059359
1579800343
69962890
242070473
360201458
226519339
1229534000
80480330
32342975
308973177
31451582
14727959
38026892
277427026
186027867
326985786
163559269
249090832
110550234
319096382
84333477
87921838
153428787
191111959
344818796
293415952
136212064
443680219
1147824680
477693359
84536385
423868716
244419160
68645725
19781359
82158985
140019358
78827783
289320813
272403490
279100391
14866960
1897670472
267111941
56318917
73448011
326654243
59490500
112696273
1083714480
63553931
21996172
43296194
972137564
528422764
756825420
76587843
108110183
166924588
2274839216
43023158
52471614
95047648
15163777
2843197753
183310940
3165290299
39091293
27553776
94132246
2717886660
240458716
179100271
273376311
272662416
42856346
112764971
84359845
253654237
305127184
138713484
155949769
28373820
193232854
155946147
300167242
155960333
886916353
1259255408
14589119
725581819
1467706824
727935997
991240292
422201803
137415452
2584588824
2295310321
2307173610
6074912
397350969
499704164
2196387576
105297123
372690969
222712327
164159657
188520997
166857588
39436069
220476210
356142198
216959151
197668762
317748391
507202568
552185609
524219937
153647786
805944572
1587715315
17670564
79051329
119617321
119992068
61634377
229590146
21601320
125264981
46281757
244330483
153684144
239320509
174866331
246502388
1360874191
373840878
343096415
69415222
188621689
66865713
19777398
22549266
608144631
211398332
184684239
403327937
201608814
508124153
153578288
437930584
486124361
70314632
1549669332
342045650
1120776745
72258863
117375248
40204661
1674773095
2788807914
320445460
1177515984
52327900
500607164
487954349
36327065
1328333970
59055858
2797411430
289738027
21163443
890891
2297568733
265793059
2549145096
1867792908
64272125
61245752
34461802
256436033
210001531
401913538
619548795
183770461
1393854265
2975785236
220559666
125748331
46260680
34601043
393842481
997679491
39753512
132111349
46641604
568183290
463485292
110905615
2852157224
1607264034
22449367
255799863
1609775257
335840139
27984953
296211862
434830639
19955768
247183209
118973954
977617110
263378242
594315356
281537016
89148895
287939828
488963390
103533073
50179859
301880364
2326310654
44322834
85243046
33786727
16216034
267084551
431016425
76351820
2375065424
243832884
561823721
41718791
874737210
16319888
121675793
87363816
39734421
80989226
73092008
282645276
2910587792
729936098
2269821043
291697791
27799220
75944454
37773780
46020276
156065636
14740227
24628429
27595163
25052629
257871454
572193767
226276258
183036128
121639467
372649555
1922080669
227195141
37897590
24600452
561773343
15899033
20203870
249834563
29385204
200017282
532884988
310463188
321366897
34868161
21472634
744436375
214651951
88809688
412781038
71388033
176266317
311989442
133078044
122813481
43294762
272119449
17461251
46031566
59067938
4033068141
20474740
143262267
403837936
110855776
28456533
555700283
992699208
215515587
380096047
491733058
538875110
177858179
199606998
258159765
30043495
488889476
172310949
257246857
369305867
404621700
355448054
354634004
318772239
432190896
419177567
19794115
61451329
138674100
717754718
549035174
271495538
202415747
218730857
31312297
1115127925
595196705
1091218758
281902639
1443356990
19226730
472629357
80096621
28263639
245604006
32698603
52940651
24062457
1092076627
59949396
19208457
274310078
158899570
740405222
286686815
64379822
381917870
112611955
17893405
794725722
112414035
20757610
1159031412
61445012
69506097
3112605834
110931812
91041719
248967064
29300352
2300585287
129673790
22675606
276709494
30271564
55034153
174940279
179882493
123044076
236216311
252771949
18470775
242120170
26113994
74294087
95297220
1156001563
72356340
2353838030
1869892898
561439169
325469323
43852451
167012831
3041959178
38639214
204660255
267133196
163680909
80762067
29394911
146750093
30840927
36483794
96717383
146329851
103999368
37360597
53897932
21752657
58427526
214895944
1147234909
236749048
386455027
264580502
441788343
430486680
234356169
742023355
277765052
216279026
271493047
219432480
293551510
175198445
564205290
239121343
58179013
51033407
246352467
181245307
15629350
20035652
27080180
14784588
102713613
448976475
269844104
17336417
34950482
17020962
15229557
46345843
485979750
20139600
62245759
258926011
301601876
205165940
538180535
160926944
15579360
268182030
20632700
334565594
17093617
335504665
3813478935
17929376
26244629
225058042
292576497
202376075
270789951
281476114
258562514
189043154
163016961
381474818
2678002866
199890022
362070306
437767342
711086191
97467741
138901117
334684429
14814402
15178410
796684728
225887277
65369125
14436317
535707261
17676713
43910684
82084630
105082141
145992645
7996082
14436030
79939248
19923515
22811495
39321874
26729931
57983020
57986415
57981270
20013148
6809022
106397073
14306573
22954354
13426312
16080129
241496045
112211447
131587159
68648948
111275676
156932849
105451020
184018871
99792462
102480916
164213765
172279544
50130045
120080221
598731246
249133011
175376428
29312376
120035961
11026952
19263978
19409270
20265254
15332636
18552281
16727749
21308488
15900167
20196159
26074296
6395222
40448264
33893706
16201775
71975446
18360370
17292143
667563
435225922
18481113
24903350
7117962
26270913
24925573
19564719
156956602
117632107
117618450
18371803
220998706
24342206
267425142
48176112
119135103
269552973
232049361
443048842
1243360801
3749353094
205441601
296235573
164326175
38164846
210933449
243175199
166767883
230567975
436702610
146509611
475671755
950341134
389438626
155642429
626372660
278175819
214153705
211237817
283133921
138341788
951839334
415155312
420318016
627491854
864251336
268400722
38592915
255030147
2463145584
760546868
310250796
283894108
2305714605
287834630
188018043
370765440
366592246
471287735
2155215398
835230594
1073336054
569138069
216264820
265982289
533085085
230845588
285332860
155927976
745002644
393028587
213244929
263099844
121389491
34613288
108568373
59435213
343627165
18936161
162835089
542838911
83852999
38727113
109751841
15005103
28247294
405217932
44029470
264348057
90743050
228123408
21302878
106146884
35117415
30969644
27476898
38290589
106514318
48459607
244690266
36783122
37050345
34394666
131574396
22677822
123606428
54455253
60787299
36152770
18137030
94170264
104532968
84735202
67434182
64563165
25688061
71114686
88739285
29599869
30901512
98923817
81711706
81836518
51509917
50701654
15809249
111381144
69371059
119064111
51346362
154313012
54341363
173181611
161745170
60118331
34171224
68258567
15770447
29479000
36679967
54336047
130122646
106903512
14925338
59156773
74215006
19460018
49120160
17681513
20479813
17240425
166173854
90052937
201356711
27927868
41036546
72178641
16814640
59559336
57455938
17715048
133309460
51813472
135017417
126436384
95740548
66458391
16589206
43813556
28407958
67113618
225834298
9317502
58260333
51827346
92083727
29797128
49037032
17899109
257810167
36325007
258758307
19154824
160292901
127966665
23457682
35094637
14994303
54033927
99015427
133108380
58951368
127680499
261166468
18633022
315591173
321503508
42459293
385408255
67134249
145031906
30070288
67324742
163601846
261256564
136140018
468921945
14440142
367971451
97555792
95115126
21246151
140845817
112512232
87302683
23559108
65468720
38974889
38957399
23119425
50005296
109408123
88064439
78120081
60694754
89675192
28342530
106170524
64706049
57985880
76070341
38185503
51124892
38282590
525208028
507672047
353715697
14433891
102254970
573925984
344801362
932429090
52458449
116059651
80655102
473227811
167473396
67418441
12652472
18219976
170712417
2148981415
459287850
1035745356
326025522
557028688
19598173
1058431974
176409129
213474069
2491850816
105155795
228120886
2669410451
2423100775
87874905
253527338
19537303
3133616115
247901736
3108351
2178403743
2467791
51241574
6017542
87818409
5402612
612473
34945490
2252106668
14154272
20841044
64546927
26048940
26315586
17070013
37360915
67427568
14364779
44706253
21090027
294231392
14063612
21014439
16257130
25117278
55809761
26981013
55246492
40101400
25966181
32843303
42350663
56685329
21014078
1657730988
1582853809
21425125
174763116
2574072036
374526155
30452129
21957826
24177024
147139743
276911254
82267228
359858854
68399705
239267224
98932084
1406628158
2230987464
20015311
3117015608
107474787
114785416
76294950
109241992
124258971
298071107
155151279
118201804
829361395
297028353
277434037
137616033
456562522
219178989
106009066
384604592
292756361
61718920
54813644
516212230
120048072
22735611
121953691
125475807
763428614
127723154
14656137
378451680
82594076
931491925
226786353
121672000
123278845
239728148
17331252
179068949
18865456
67853109
61455757
307602692
470983439
29387813
1160155238
277242683
14182050
194028861
1153851032
2448362660
2949204853
2427039719
2396003492
1397958973
9409752
350334760
110827653
177838266
19058681
29561483
218366867
352078462
354213043
242489856
213147768
213479273
196530731
107907690
179011520
65202448
203261118
14063426
51690631
76987599
61197829
14293310
38403110
197418586
44588485
27476141
37168231
139189823
31369541
38679388
242256757
207016192
189462546
1196254680
380881910
20536157
375562566
783214
407641532
65228881
43837158
34197952
206079538
44635677
99830375
190157503
186286647
61609661
200766076
216177591
224846346
52339151
45512887
20570629
114744371
118223199
58945663
269352831
127483227
35280742
105256551
395586741
71266682
218846504
119776110
187490838
442936761
575549369
247440645
139980275
239752879
1022081550
16331010
114310653
540219772
75352383
33804533
134925612
18159470
65623452
219267999
43132532
166920631
574511063
79997653
575565118
44782642
1412531611
155196498
178915141
465463432
62740747
138600717
1640169925
21054053
139092348
405081802
565594903
341150676
452155423
22733444
23827838
246225682
27725199
710064516
25594518
169591437
35035841
17560096
117146008
335808607
238763290
54711948
98170221
21728396
528654935
73208083
201352564
2533070650
714674300
1964571728
307807956
1704998570
2178230389
177250028
417458789
330446733
142836170
22736017
24876782
30630104
1028241806
309340221
872922361
182921713
20042124
14423603
2581341073
229219088
205011496
42059125
10842792
2236633914
303973428
288333760
22515643
262389559
349213280
3003338945
279284977
44744275
97893633
228520427
31363883
136165096
62900439
21711511
2865481067
33340463
403655483
74286565
872185597
99806132
473619428
90021519
2512710260
33173981
550202880
176210542
740336334
282064204
488731085
171840420
304596944
2981591117
14872237
10678292
64884344
40519997
34949757
183387449
28669612
156132825
22922759
16801904
6446742
29910549
50532092
56749149
407775884
252753618
38476490
180505807
329789735
155459701
240456162
14055301
11071292
29268463
701122670
280701704
92245322
58531272
282985674
2550023839
1558784089
711397542
155992471
18730634
1227920058
259371777
1920316884
578848314
863204971
537572527
221124285
422703847
716231736
299178547
34640565
635303790
2714604916
2236860467
374563381
547718270
602780922
962305496
569223554
399681579
277163970
560132609
543582873
158487331
607640509
341639219
221411491
1137984020
51443410
294809172
1059194370
541999788
64152335
437813660
484340979
461922813
1334928384
617672097
143672012
480782173
468668318
587333483
2330330082
1966554482
1653237805
444838837
368220699
71308607
25073959
333534411
404097912
2545071954
973277052
358387467
2231854329
873209870
630169165
554583945
904386912
543533194
459514317
998389111
19230601
606431590
2541999628
41147159
104105131
1021962876
1451083940
978688232
212560938
550122068
467490909
221850321
174293510
138157574
2239961994
79758113
1114200326
47945492
66083959
242346557
1110425222
764182927
124189302
68714635
1560098432
425044984
113749355
561430822
359621966
287202982
358351414
423554359
415859364
185344587
144813170
107146095
84566212
217423296
221545087
804670856
296528940
397334282
122176290
13838562
139556944
89112033
297380894
358996059
5520952
632914972
22086481
109705251
44335525
21181713
20416406
22685200
26589987
19110928
17711046
42519612
150632123
475826738
73438486
239098915
54626493
2511477648
431429137
143947826
89447929
329927842
197434474
506269900
1930894898
1419072391
792855438
188421312
7563792
34296189
386654472
83855918
36008570
18220175
80316681
2278975392
296511838
589116067
423543635
510865713
412180849
299676290
37896651
1674241980
17940246
284575197
39360648
369758604
92717138
20793816
209004862
8074522
16000632
283523828
76672108
353629366
30180137
927604742
408027747
294380013
759915001
267928982
86043469
222443180
154681028
117748143
498840131
52496551
286197712
1117414604
378632690
392583495
817509853
1020917203
471857833
363878283
102119096
625503904
777973531
985117290
429672127
765079652
1705484474
942400531
1561168178
1621290392
563821591
547926311
1071903000
20081807
42203973
191088059
188927310
287878372
280518595
90884634
156643799
507303569
125430181
1260248401
807375816
191095540
373064710
174829788
138388408
116025332
237504541
122394817
181698945
2373975768
179902067
459954236
431804552
1044227084
1122358075
296740085
30245411
1189783015
213669224
608015097
435845190
1690560271
250050342
24296476
178687641
296522382
50647383
357487383
30458636
146106708
574845394
24002803
52078532
15891115
17525171
157882693
154476881
520440498
784680583
36644059
202093447
100004577
61831375
30259370
47918741
314153791
338395702
2494226360
79145543
2287139270
21286325
1156532173
437547229
300141485
26714575
32340023
182328629
232313241
93663135
59394230
240869466
77001859
451693376
148501390
307781769
46957145
631581678
1278393014
612331433
293559894
151584475
309232229
362523468
507489702
226347105
188417619
197001564
1432977446
429247237
348939569
377037875
365498780
593810556
400117763
240664869
54544152
329566736
1453858344
186386857
124450567
253508662
366520644
612792060
198975780
37774152
248900032
1260366252
16212685
22185437
174889139
494422305
19077044
162869667
205415788
34616510
20177956
28208983
27042513
488080242
2240432905
2311879829
1531331989
1720056612
1484787162
485511296
27457788
571340577
327591794
615532546
993111732
108384285
17029979
275115103
506429053
310427634
1262458416
93131556
290078349
449274807
340367987
1478441894
2411221668
70443471
375817495
376378883
370439715
286866672
303710764
281051472
277418664
151123001
28253929
42629261
61355746
386420143
382560919
366796169
115044590
116757352
127099154
112369998
111024989
110144389
62540002
63525135
105704882
50725573
24141542
49118678
16727535
24423418
580895212
186091635
2570831290
1004101656
193660590
2231296237
91412593
18802382
192255804
82176271
68980764
22903812
114755833
16887175
1329879276
102626728
54556700
152218877
375048277
415578154
69534677
595719169
15307151
21210275
747681012
366116651
15096735
1178944580
267208152
1651824314
615274676
2485157162
23653153
185314895
223165982
71610295
333409912
80090273
84094372
14595245
2773456707
224305359
265902729
2791943238
167438003
22330739
33612317
335404741
35214545
847238528
1537548284
40890580
193673269
531451453
64496398
456686439
136402916
380394134
112747576
19798578
124335068
329746058
187480667
328686514
728592182
324421611
353791374
907828878
403724741
293467348
1514524460
1171575037
612877177
855023605
718116529
273121034
490801957
517991055
2467473121
247844220
2393985122
936702871
25429906
174015011
372949912
479896709
434219293
787239919
714421232
550283734
868669724
1098718068
1409952565
2393991372
2255036665
2210225669
2453509635
2481433288
2482252423
754823287
2815728328
2493199232
43905403
50539213
14512909
217419152
293451031
33578424
471861846
136232151
5528562
731476532
2785194610
162716503
177434419
16548435
37836873
77128292
150869916
847390843
1914795092
46306646
257242329
155620016
1344167623
207923746
523512413
128614917
126656601
467983054
43745047
229803354
18228898
17696167
50826280
27406401
1419276193
25110374
19330043
20508222
34713362
278745353
128593679
1494004692
415445815
1262229906
1563906036
15014405
320656608
55573873
25073877
44115106
15790423
14932455
268439864
462927932
394083728
296226814
121735755
512493959
512622511
893860254
412263489
268383434
62588600
1354277102
2226467971
564587814
69610339
156380350
32916289
25060424
19720381
262881419
413487212
24086418
44101412
214479231
1662472286
309880851
1089071204
2434191967
22428439
622806577
95402942
283985830
257522741
481171611
83904866
469753464
233861327
205792644
270080457
1896799422
429845318
821045162
117426684
69047795
117473273
91478624
82631036
2585396407
616578390
311858835
2905172500
18869484
284003990
219253428
2326857668
26250653
254068589
213994158
587618115
1258919365
1219650882
3059799556
146772416
275799277
288228193
1543075244
203009497
410843530
3159497693
235168857
25862282
181754915
371983583
334636986
1140298418
1595455440
297376348
456221455
2923029179
1699117326
469709673
2310964955
703821805
153028130
350828320
2463398424
3247497561
3221150585
3107493797
3088432587
3087039231
2253885967
2993075446
2987970473
110365072
831763386
2862510279
485801262
1726386114
2350785614
198861212
2813712709
943514474
61804151
1613005327
539228988
2497039255
1064528635
601774069
347137825
266546692
1236969025
417923710
1172156371
72276456
69255422
24906326
3344463353
518557386
1499071248
48871981
25760828
1900246237
705687758
232953609
429222254
1583261034
578082910
3025450914
239124932
3145919378
279966754
153862445
1183887576
3436793973
17910878
21761627
233299602
62902439
42852429
1249558603
29547045
26895879
28076276
24886570
300190134
29403387
2155649270
47285504
2715115656
2176998871
91390383
47186755
23627469
47786101
159113258
317370751
26548315
33990291
373101137
30782495
36139712
21278412
26516984
274609150
77324878
2356326658
784295671
35749197
2834176185
280430548
90836187
240446034
273538402
280458883
426738834
152987149
185827887
142204481
569358733
136007061
224223563
313913938
423590107
172782604
273984297
487999637
219683269
140070953
549274648
112523709
267892784
423384542
96951800
26383972
300114634
20348431
61312712
313245901
8159472
789605024
25487201
627673190
1469402426
19343904
15748165
351921957
15095537
403580183
7996522
1470722864
1205123202
82608015
42894971
2495199115
142296675
138372303
21291505
2584450213
26759984
385473825
213745334
713993413
325416544
61391437
1967122370
2845357060
325984262
22518134
64744912
126592284
131882980
139897603
378126181
138875102
228713457
295650204
22387681
181836968
43579706
230360544
199597160
35459949
305318105
282585627
3886750582
34351681
577779324
9397732
140863478
57261575
104141949
304596131
628253891
394129778
205636824
234034661
2168092658
400636503
15766082
347257032
178218286
1058376110
216447259
342637804
449846050
152251488
33868638
440172131
63663831
18839785
22763833
43077446
66718613
2827826105
116310869
154591004
17951326
210341090
71626835
154591990
24780172
154590712
467048692
195962503
327014098
327019649
50037051
86876958
69059330
23019705
48177728
96448406
23620920
23228600
19882775
21323673
153156412
41441059
242038666
28380724
20620967
22641532
19555067
40768837
40981798
17026571
18640853
27678749
16998020
23450304
32061109
14216203
68838777
31331740
16579345
40511475
16186949
19675870
79797834
19348566
20265542
44191697
60818204
56481539
28076725
53977189
33131538
15138534
41298605
224378701
17581754
40908929
52598390
340613443
18725854
457141274
116710152
166270127
262454289
48672487
29756339
85452649
66561957
80144576
553700566
382184287
575492930
24807616
58528137
65033956
113078447
113514650
344779704
305922144
196795202
21526685
29158294
338535630
234053160
6211972
209994211
21362105
414569910
20565284
43289545
17243213
14100010
20054788
300595743
19818494
2153380262
392447726
184241421
355307031
454035957
76997832
20572029
16700766
46832898
263928436
16190898
25100180
126632581
85617701
153694176
28412286
457554412
545443555
739784130
463204825
288574927
24588371
57385263
381919062
257834640
39538010
171682730
41456486
21175294
321970500
21133007
166739404
62513246
25170188
5695632
23561980
14709355
66618379
39364684
52484614
794329
136361303
14780915
17565514
254632706
18055737
1290082680
143192279
368059521
39349439
524698203
512700138
18625669
1198406491
75916180
9695312
36890809
1450386817
23497233
179745270
247560825
23741531
38810948
20355988
213478296
55117855
586671909
336124836
346257165
19054622
292071258
28665877
123095515
29675916
84685733
296971297
255199842
104969057
602317143
59247894
226220799
2367911
92367751
54951973
318531174
154280902
243905905
18518096
54999357
31239408
23690344
241747585
19024308
26180278
103012173
3273378864
159225370
23828685
11859822
267835652
735314581
244619342
1014410539
148207909
1260533924
1454557225
2432070745
122770149
446172529
323257462
323469361
77888423
754613281
190426393
1581181554
32849980
1191817560
1213902403
261387085
1473272636
1465299710
19167186
31262875
24742040
36431303
399433780
2431136251
948444535
26280712
467222390
137954574
94758424
1571969796
62710586
2439990679
137289189
442641158
234092394
152797988
72578985
36967334
2532891079
40964764
903495284
20545055
145104379
263924226
320215351
396258078
149922913
151060182
43852792
321950484
21111933
111734160
260491864
16588111
32813641
29281193
24741517
30344445
5577902
35147909
27500565
48240574
4276531
136601110
1523700259
377026626
614156493
32411258
440662588
289299061
300405606
83899410
578397615
222022987
2813202073
492573124
438694340
1430793200
551397930
99458922
22127823
1910720478
1349435910
260688830
267463438
815832871
63924218
2358945534
9959702
505196587
567483109
1045129034
316473168
2214112296
448882282
551736727
1077509492
432293720
255117773
228299509
116211829
80330381
131763362
247884504
97537762
28985686
268420958
130159846
223080656
102355805
615983648
577459091
256556724
434071161
54610518
286042531
2517265256
409068219
41545005
103061572
115290697
1591593414
411303993
2618964234
878897533
277382418
449838196
291960419
1208631468
405667557
19120191
625062716
98342860
39927901
212162328
481156800
56650317
62030459
300162606
589921934
3450433049
450504440
19520983
16185414
294636267
46279037
26131703
29812822
39225033
45777849
18750157
38633321
27749259
21001379
239313282
23482357
155705264
45788610
24343698
35727881
24693705
28987332
130151627
69542069
22838300
15852417
22611082
16273831
22987610
21702363
22430384
459612808
188006067
28097478
399094534
123417458
37514167
184910040
122530604
104288093
104249727
56783491
21111883
28706024
18091904
19329393
65992743
24929621
48410093
12044602
15853191
102104831
86971751
24413043
235157481
86972419
155997273
10848842
27687672
20188834
27658349
33281941
34684066
15809522
384750535
237401623
20154994
18098930
37624397
216496962
27735577
2706072331
17023040
31505219
14585010
36973711
45798009
51492686
97893963
15838969
16884295
224971973
920871282
78058750
22014324
15574534
157718652
65184429
20867339
25308195
14992840
21905547
456497995
31398437
47571031
195676376
324480336
19895282
22651969
22541249
44908881
20683482
28511855
17019152
37807048
37508790
144866558
31983710
21568477
20940081
26043177
44850810
21086501
14220688
23122371
134234000
361594753
27839044
19388771
25524289
103865125
165534743
34914032
21787625
59399268
32351549
125077669
52368140
190946220
73365668
65225366
76338150
118725527
78097360
113286385
39743812
256495314
19772559
14663955
38647512
25335271
17710740
487620060
34641628
9636292
36327407
240649814
6509832
134758540
2649991
46318078
48871053
37034483
23136007
25319534
479621490
15093629
3448716797
150564400
68440549
1596541134
96101258
586361294
191413848
223063646
252291818
259597381
251965342
357412940
285395562
259449625
251889582
252392717
251890113
8161232
144755081
99735551
873334429
111849519
224839276
34176543
66075817
44345790
41364508
146409066
581123710
16983244
128155589
2589343812
113712551
212256947
32073913
219243547
28534252
783763632
86230406
257013116
293482180
177019667
225072440
94816809
70728069
142722336
35927341
57879889
74791999
559817795
66306024
5988062
32717570
53555106
434329251
32453930
138822469
24705126
219238586
183230911
412845000
19397785
389974129
33801019
1492538024
40884854
3222010909
288662354
3221970338
3185620044
3185702059
3272642102
3241971781
3218979734
3221961048
599065130
361315016
27602673
303862998
2729506932
40400019
20609518
53355887
17717614
105710210
360104966
75509967
56304605
83529586
56312411
99642673
27760317
19929890
18741363
16441619
74712538
176582720
20224969
27889439
137253079
92564226
133663801
364513528
19341180
19976004
8460572
34570323
38142665
338985020
21313364
34867057
24744541
16525183
25067168
8350912
13353862
38395124
25048816
25049056
18396319
17990493
1652541
1994321
384800335
6134882
2294513436
27699738
208651977
555449268
189742536
343603257
48654999
262351301
92352911
169331241
46503181
1183041
31353077
7861312
14681605
1418745782
15666380
828468362
357588709
23314049
1603385773
78714922
180055456
28205458
18708466
113134752
18131961
23574074
117848769
52613032
246247684
282789898
14506253
19637934
31080039
57084769
17844280
28644174
23544596
34036028
44039298
26053643
80700514
500042487
18948541
30364057
25319414
22178780
14824849
74518740
50374439
46658328
133880286
234176171
19923144
32959253
17196684
25108484
40495710
487118986
1319921
386244525
19602869
94628304
346670872
23997019
746366562
17885553
255330628
3319804777
101333534
67535202
32378913
24382752
234552226
41055396
46669403
256672816
14790817
18745729
15358329
17883640
75449249
21305757
18080569
75343843
18124756
17929027
36141681
18064372
21910850
42562446
16125042
33995409
158014897
117778179
14791251
14790899
34430522
16812787
45266183
35982046
42384760
50811932
53853197
17074714
24966423
34738598
19028953
216444984
20567939
84554399
116362700
30973
14230524
35936474
759251
807095
14920785
27195114
169686021
115485051
101928415
95023423
10228272
157140968
16303106
23375688
428333
20322929
268414482
23613479
66334209
27989078
23617610
65659343
236699098
90420314
146832501
23083404
19426551
34507480
23151437
145125358
15846407
25521487
25365536
26257166
127059347
303535030
339040963
64643056
84352985
235900469
90628174
452102835
219247004
2249968148
2764954593
177501065
65770211
196733852
348060815
295026890
950165300
597301440
230140702
2855255702
270797700
366947884
102382667
1652526218
486823248
56761423
123255923
1302871633
947192262
56913467
70903729
131442654
291557277
144944472
66092787
92211391
57024049
15941979
138387944
103603559
360380855
69771400
251521725
1139649950
401775393
114795028
436482631
537072115
53790896
35687627
16492352
283916211
129375242
23061619
122928781
212019653
3166151793
116677732
2437766502
110025421
625659974
131228928
21367580
378460963
119681723
1220875086
175298380
92424604
79708561
298959564
238343689
118024094
221340807
206871837
84542880
287117871
452830010
1913738604
92892933
849372606
2403063588
176295495
1433730727
188039706
2439098062
1419270818
45847467
301756605
461745007
23505298
400643174
22146985
735901243
70179948
410811457
28349128
17692554
153004670
1339835893
133358416
209253668
538434730
283771561
1159618244
402599888
35706371
736206608
558797310
47539748
67827865
300184599
412801575
239411196
2226545250
479017004
4380591
42610327
251168288
301440887
215138502
64338176
91997935
2853665503
59724415
281947148
456593827
2338038068
2797214395
1035100758
15639696
552632832
66732606
2500955780
566237773
216299334
208913657
92945681
185142711
274715985
78941611
50684862
115341081
87170183
407799339
106961801
57928790
350922801
293539344
18673041
2420020489
57998991
122995784
149733596
137418466
51376979
53556894
113278275
107318424
14075928
97865628
56631494
67602060
17753033
23592970
111615736
75854417
114501238
267187224
57188977
613321095
50109813
195703895
87174678
224958320
3273529334
160541702
117276268
16734909
1591083258
742143
69231187
14159148
20646711
17839398
374670019
528915816
23976386
25421094
21891735
15265990
35787166
24286351
31927467
46452468
13929092
100220864
46575973
796548390
73992972
213539531
136932734
98319522
81048495
1320350810
1052586019
50837438
68352914
2557521
127483019
57617762
132493630
453507741
491581948
1264286744
19701628
1868304949
69229721
233070139
19373710
11348282
158314798
338084918
1889636426
2583803186
263800151
248883264
547922610
196235064
275564493
368534557
1588831796
3042477100
187890010
273557471
124125666
45025729
45022448
14573900
204002663
271690376
87118217
22910295
409089061
45112524
139848744
7517222
2997446035
355708717
177547780
33933259
1222616833
151140103
30047168
204957452
193494089
52135300
46257156
3379031529
130795100
187090217
934113512
179036286
732273199
14123683
344634424
259925559
250831586
50393960
135180139
861083240
350224247
466882955
241654941
86254626
317034396
358814014
121046433
121044171
16542390
92708272
54829997
53326657
31348594
18681139
108936259
132385468
135421739
94163409
68497896
113419517
71201743
2469605695
1337785291
490442018
775887091
1417829894
834911994
1133920393
139118162
210792232
18647765
44409004
79293791
141664648
168767461
317708215
185527889
153264772
2220638376
185902260
171117515
45452226
507026258
168606635
60865434
127765218
139876086
271292659
15651878
2917808716
155659213
26565946
85603854
27260086
16409683
21447363
1041453240
122453931
813286
17919972
88856792
624896628
181561712
84279963
101311381
101695592
209708391
176566242
