3385846213
325324717
500704345
11348282
1652541
5392522
50374439
131948686
31080039
18741652
1093090866
2412992004
1536791610
249757138
14677919
59325073
13784592
51241574
47786101
238319766
47285504
30313925
50221431
170759111
16348549
117004644
180503626
14689159
28458604
28201743
712758948
626748749
196613733
14857413
17243213
17919972
3282828716
17844280
28644174
19494203
23544596
55117855
30364057
570812689
454509384
2617563906
2185467337
2848138593
352870123
190419396
96699263
2511619416
215397243
442517886
399928821
2620801483
31535677
1483406737
36262503
2701566210
17995782
478118591
208042070
15553222
401643632
53178109
2361654372
390283577
2280121730
159143990
2374502814
32514434
18159470
18130181
75916180
69451244
15741820
53214576
136505371
21433995
169943433
78469573
5867322
21841857
853411141
586671909
82097756
732261522
556294079
183075111
21641130
39548993
22501380
75435888
1011979909
56485787
87818409
1154761086
507762718
17423992
1494012998
19726058
5520952
178463040
186154646
500042487
162890663
17603183
191164182
17757005
827516198
15841421
973060008
348785149
575854738
234878051
14493215
110231713
166719301
27963917
6752232
1163788952
84941973
1242601483
914471598
480961351
20410298
22435881
540248968
1108633464
191527839
24483011
39043781
436292177
21255118
176617555
456966512
172694509
496717624
847325257
30782495
373471064
35094637
6207162
26347170
100220864
14089195
19330043
124003770
112743042
53930555
29511150
357083983
448385515
16999324
1135399364
847123669
186129806
23690344
432103647
15934130
112236047
8216772
37692905
1078147940
59355236
27760317
116579566
18734310
27743648
1183041
632066368
17053662
14104746
113161690
21792170
409486555
126451382
67652956
791589277
297174372
51259915
257834640
299112358
45850426
6604072
22336161
158414847
43277789
287378480
577452324
254218516
216444984
41452908
370192646
7212562
88719275
85452649
19093936
104216177
116710152
357944325
219030530
92085258
701607056
727250666
12378512
259087453
75728042
19832580
619637126
17498493
26687751
15996972
139930250
52810493
33515703
498961017
149590738
264910233
16296683
137623241
26635882
1198071
15187314
27039884
34093136
21454322
95819875
26604904
6601862
17482498
16452055
52875381
263266831
14749606
485397761
332638587
405348705
26020558
14985720
25309256
85603854
462495192
401152176
25506150
468122296
283685790
245292850
118958259
449237769
26604704
29470770
21133007
383027173
431763043
26761642
29924020
19080760
17808932
31182217
128044351
23328868
119875281
339161469
209830854
349360958
51229656
353805267
69339656
33365283
20751814
14172570
407977463
14238854
14143921
19341413
232928221
211075781
7532872
15805360
61882459
18492672
380799211
92293468
19740592
122482029
28206360
335369838
24886570
23748448
285816866
16249938
150736003
4519121
15429316
972651
19102343
184910040
262359713
13210402
370543823
139185791
322923634
146899250
18057459
54343977
287413569
52791522
20121456
76793576
280307822
31491841
27103063
17862348
15643147
271781437
107244236
89366493
360203997
16158134
25579435
44419407
23188001
288452305
6761682
21705931
89018574
361041171
24772669
52820773
61031538
216883818
42343110
18741631
25947509
343973980
353168990
343023101
25781829
44039298
94193741
302704471
18910436
199392540
15055619
17524231
104662040
16098023
20249729
321231494
193502935
19031342
27091468
17219499
60687256
11740902
92443037
78391198
122216533
16381279
20479813
15800140
94379300
48782960
316072383
27970832
20536157
190914505
28964328
688583
17503591
19946098
10253262
222198237
42614374
15859416
42294952
18597641
173686479
138843369
52649659
334057489
165872913
188865542
95578862
62591681
13335562
158601353
239245323
14187188
231428060
212642790
196925561
14920785
49288935
297047872
39855586
58528137
10689952
31353077
14780915
241470176
29558853
241382835
14874125
7870982
20439923
639643
233669288
164551791
66802043
67349136
26565946
147997625
9629222
37588519
18359218
784304
92120347
67220892
17017636
19058681
30533802
24545921
240025019
243425911
229149032
30514293
206105134
19678610
16685316
21684189
148857281
133880286
17998052
33041426
139152676
16302855
28706024
19811130
20009684
24625166
38609916
18462145
50393960
21275655
28200646
241700801
79777246
20221159
258428041
100904901
15468275
80208112
59525600
147480013
54187575
66473333
18950402
25613262
112266003
19582043
28904441
66561957
14062180
52484614
16458319
17193667
7209382
21067835
38709939
9728882
40968961
83262608
10714862
14202450
109691046
16786977
80100784
224088724
65128216
108382988
23102728
40110196
18826515
204987223
135666694
256287015
134514840
74081355
242246568
18704659
16264006
27979114
141341662
35132138
23126914
20109973
98022293
27249096
19279990
19562228
14287830
7861622
7861312
18131961
112508240
20476643
46576295
22540123
19080046
14620190
130997057
96915603
6815302
18396706
27682305
68471682
14925700
16129920
16998020
6480682
97967842
14798644
57084769
32340004
130617778
103130238
15858289
54216369
213738682
28205458
103455886
29988753
15784162
45371222
20440823
128393414
16213013
14320551
10228272
19081001
13058232
12925072
225924179
47681255
69960691
26660515
37072633
20609518
135648787
36880083
14939981
2557521
107190473
24955190
38624803
18713254
26046257
17071337
15066760
70880626
103650760
27714918
31187903
30104231
32985158
21879024
166270127
77586630
19777398
164481132
58115984
116994659
19945389
19840129
18996905
6208072
23320616
76981418
66701834
29158294
26144058
74799572
198277628
16302651
14372486
142157505
45045530
30986996
19947232
3754891
15859099
32418640
90714989
62581962
169610450
30328015
28180494
16933994
150439645
140501930
22832029
16687080
74712538
20204927
20823773
6539592
110682375
22677790
77210741
117132428
21148293
20281719
49752556
29986526
16303106
27915978
1688171
16870853
20702626
20172395
17427779
51263592
15901190
55673908
25403689
14327149
44545444
143198015
115485051
66528154
48100887
62290422
36686415
28638126
96705932
16632858
17451031
14835425
19945488
39596522
19773753
19679148
14551419
26026821
29229561
20220638
57412137
18587413
24233214
19792562
117839957
15492359
55355381
52551600
813286
15846407
19397785
15224867
203809932
14506253
28382675
146446498
49110693
28221296
15485441
32592156
26591593
15060582
90420314
146290693
24083901
19661294
21891735
18863815
19373710
138480739
181197771
