474883375
1367531
21025855
557166683
28785486
759251
3998871140
3194974499
83011510
313329363
378197959
3108351
14293310
87818409
108457870
14677919
15438913
43348496
380285402
3103406197
38400130
35773039
41085467
201311445
16436604
256495314
2730969312
37874853
15164565
1947301
1669486010
497160975
499711803
396491059
1450875368
16935292
216032854
489371892
2940209793
3168773042
111216929
57588027
23749228
2281447502
434933046
3380020323
916735536
1650847285
1898290184
415167805
281157202
169062063
113553451
254903523
194425811
318785481
347890898
632368796
455455416
1861515998
88745505
19365571
120946453
2264896768
542796255
1085876594
150600078
85808407
475719261
259261716
2180922322
314524656
216332427
57306714
459362975
407725589
1657336340
986780047
300854788
2258254334
3029453482
347213982
272496103
834281252
104265917
97613366
371201577
329413818
2976653309
247365368
1686650294
1002698060
3080058705
582539261
3074782426
26478467
813286
138037459
14353202
69269105
472830024
15778426
2315908958
321962760
239819612
135250810
20985003
174287424
1724769408
751969484
1349241865
1585875852
3033525418
19647329
2416607485
80282869
2561304464
520978968
2328743780
228020119
74423416
39461425
32959253
23617610
85603854
16193578
236699098
23613479
157140968
79293791
25365536
609222924
2570808086
617151469
465698542
2805308640
2396299500
2837666686
202874424
80687823
74117081
65640910
1445763524
39602993
310930593
22912803
81423917
251561200
1112665976
740539842
19445240
204343001
1220855197
745920032
1048955845
21569675
587397179
92943533
94114917
343961846
22046686
27613071
16133530
67270226
38709313
19553548
1631167068
901897033
427171504
1361434454
2214651877
1264000506
254930204
67690467
118342418
18831694
356203202
38466912
2822867314
2376840078
1171826971
1362983546
265439663
135057733
2771732802
2876213883
2252122814
2649907199
2265661259
2829564437
213644393
2897995629
2900484269
1375289149
20674741
79238760
42655291
14095052
15821039
7400692
38292671
10302222
169533945
19017675
829315062
334278841
132237327
481565469
38022768
91379895
2792856092
2454802795
23182957
34581425
3704391
20582430
111641335
95204203
1870119325
1870187911
26752424
1145515010
81305054
36917686
130255155
823796796
2626162264
369414649
16153562
14700316
69231187
27830610
14159148
33933259
247224180
14499829
621543
14491411
46150175
2314280334
365035254
62773510
47355663
29965800
1139455363
944537448
62836920
1065704965
19859883
101916001
828693456
141505767
545958047
242281152
1386428155
1148512568
209004862
41975005
848363174
494306386
237921163
1112300881
155236184
269794944
534910838
133675829
2851451532
240608775
2457130536
61430988
5680622
19977759
14291684
75896448
61781260
16887175
2521352798
68643294
14396151
60624330
23659718
20923326
589843466
281996248
211098876
40768230
20982609
312991990
23948958
326091199
1979482608
14243046
240611893
205186970
111393055
1284208267
25138463
14882900
204817833
337726224
376072494
20693661
17487733
428333
5402612
788524
47636400
621533
76635157
950249762
6467332
103065157
15010349
1225696320
122994639
14700117
16708655
19335378
107024149
1267150418
613299619
2408296157
2231898250
154169277
26792275
19906615
145637907
566263030
2151478135
2846522621
134492423
53110793
90402856
2512540753
24741517
34267043
2152711517
988668133
386654472
419711319
259379883
20585993
46345843
24086418
334565594
46859971
459741513
250090860
22917508
317823068
166541087
2197710033
85452649
987439957
154998123
1911675600
569144791
492168041
85555796
869912299
171066607
16949344
16066928
90371353
66318794
307263513
783508
1471981784
714145117
705291697
27296925
1664392826
14224719
247672453
130108575
462068329
379820687
274982796
48734816
29480649
400069436
492996846
20353120
251589524
54506896
61489404
1448347524
66827343
301433293
978990548
1105954730
1091702490
24148509
966116053
54172906
190960735
347923520
292907121
261361740
70761415
85859293
57333022
1004256811
22495247
37963496
61157857
87423751
613328014
246756786
385293219
16343974
38205414
16973333
21299778
7587032
551426814
10215212
97479037
15881875
185240097
81554436
41822696
26719898
28574460
192856497
1259551915
25523996
18409578
177992549
20593641
18897866
1650614690
989056622
387154887
599536551
457783249
802253610
112398730
287073124
351440700
23922362
889610856
51048596
590041552
580896953
429112362
884008008
529379667
845290092
1342678003
569003724
