161296820
533150042
2842240426
92717138
14677919
20455625
4180835547
913360333
2725649926
22821175
2155649270
35369214
3646911
254472515
538057654
126468432
3091351661
2964704283
2162394450
920104904
37273770
2369030473
169931132
94333182
14191190
25553606
16786977
570530561
14385055
29484644
19847843
125988399
945220710
15220473
19080178
29337732
78411917
29236490
12378512
67418441
2571144366
126664172
34395888
274598056
897179173
316457998
2725455542
2396804350
135249573
31126587
19426729
17076218
19853312
3515395342
110758975
93839201
320415368
61593861
483192121
60173249
230919253
75641903
3165817215
338299807
154221292
3186288112
1561168178
3588458729
2218091958
68688819
155843709
2283678638
36316583
845679354
127855671
807396613
184428311
467262726
3104012439
479830483
224362490
217045848
2304484100
61961915
2176944242
186569856
200837073
91969169
575569175
2932344784
462003890
2684288188
1469247794
1004174606
2438808708
3312089771
19426806
2818322000
1283561876
2550652224
154494287
31943671
17992258
20727819
3291841
18086960
18018384
34676063
23990483
14840869
14497313
15291335
21904217
20255162
583288452
256573865
443215941
436292177
47285504
48785884
281217033
701615052
2480954209
3366438123
2479814026
115508554
209004862
1842552187
2323945699
2457853850
820365914
317522823
3057724463
2721335768
2753727196
3074526893
111323990
72235760
20015311
3239289920
3012094264
2821163349
133800317
201222084
2672529839
501973262
2255460432
1898290184
1556005711
3311979273
201391464
966961141
15898809
19562228
2445809510
46625077
461429037
69050322
587397179
90722926
66436930
2180590632
2374726982
3019654373
3033103596
856400070
36356228
1171448941
2723961543
279966754
2687837523
46238160
1415860908
1073468378
2585396407
2613668364
2193489456
172793546
343694145
1227724117
537293483
621525959
191148391
52344859
15279429
1001987942
1930332721
1162656829
42519612
349300271
254098644
2306842808
331672974
580097412
1201678944
3131368200
1095530820
22260085
14329764
275686586
2832246523
2924075279
352381908
3145919378
20139563
2293077103
14700117
19017675
1249836458
2828080329
1397970781
358204197
136198821
398183775
46383022
3050921104
5680622
14291684
61781260
103065157
126004129
273984297
2905172500
2773456707
2277973350
940270308
1155646165
587618115
1692240811
283894108
493127463
3090559824
204423267
108370200
20189398
78262975
133880286
57097104
124335068
329746058
574168493
304679484
24603392
202198679
33475651
2668625109
2618177567
3039752887
39343444
243662948
205363317
701049410
989526110
1922001878
2938569458
393987775
391037985
24289404
50374439
24807616
75974281
102278356
2715115656
361270172
1112465706
1416339126
15515656
61083773
2727134248
409916893
76371020
28409795
3034364242
908196906
21025855
102945467
68929055
19706184
546109609
65289126
3079307777
3063032281
622143
3501591
89214789
3079942552
384970138
927268146
7400702
3053968216
3050433685
166739404
92251352
41952280
2893511188
208442038
93269537
95206907
16144487
19436397
500349122
3047326602
80239807
320489412
864617570
213601074
206072605
1870733161
27042513
57107124
63296944
43192807
25341996
36947388
203162990
23560015
47786101
17768307
278392569
2950214170
191890970
3020778497
47344544
20035593
268783568
2543829204
353051182
99610531
250090860
54003221
82160486
208711264
339548076
213580188
20247366
97783519
2517360192
15813549
62499234
297882651
19396464
839148522
19331448
102358854
19424427
776503640
2652940109
1538651616
253817708
396036223
759268261
236558262
2245851608
36357353
2150545874
1870606284
964443144
240289957
508694660
1154421409
193335464
582635989
124125718
38632104
594552118
408363447
486628507
58809790
39210602
214109295
16953797
111033565
232015384
2533487005
2323688906
331594571
317373303
249090055
87984807
323319539
337729628
2492714095
730630778
2835610593
2837701390
151544201
17505100
1342544430
90202078
342328462
545450214
18173624
159311024
74169715
160941691
183133891
1244325504
2728723623
462312323
413483863
302739693
1944776628
2216210288
91877326
169099530
2537540933
1925157330
16256302
748137168
531545749
29479564
23993734
93350299
2725825164
1601368483
181596806
2894390315
22046686
2324662849
2761866198
35825744
287453334
314734443
1587678775
323634172
15412989
306110691
100314905
33018114
2503938509
2354821387
2445308384
595907755
2282671736
53184480
2788308444
1972942327
622993275
248819492
2321107436
628831413
117778179
338084918
3004231
20138935
364506190
1958726071
947897281
246589824
313579583
2454463648
2769610500
92943533
343961846
18194079
2754381639
813286
59047393
404376187
58531272
2303938628
2541672248
1102235304
239124932
964113278
1432977446
20768465
1593344215
736730462
2669207544
788287705
2739426499
15438913
713993413
311694083
185618101
2228621604
970154557
428156156
2597982706
17336372
36396565
351617807
195030769
544739250
241382835
2213895536
2363357838
22145361
2557615248
49942908
2468009286
378453219
701667727
249173152
44101412
123945193
196747198
1141206416
417258762
557601946
2326893856
760778582
1365282074
322743355
2495983549
1076465383
259683667
2549911934
204832963
631954011
796915309
806868858
330516493
1564016660
1665731966
930108906
849609030
1198992138
57432443
18627400
224033375
1383078600
60237459
2527532694
2469233142
717791148
359621966
237458777
1611697122
130099359
25883910
1327906134
2250737179
1868621922
398200506
19530624
850860144
2389246093
476234589
2433512124
481171611
251690031
21162902
1606868082
11348282
34743251
2234457918
113560280
630598940
280866591
1343684384
2415178633
2370918570
567946853
42919614
535873155
394300763
38312815
749802650
438968640
299786576
511841542
250831586
2210425845
2419709313
69247603
256945330
413240343
282012623
24994219
104453883
356756003
113369676
23931862
361830235
15340514
14789144
15317044
128178316
23450502
15353894
15317362
2330299633
16526708
2429571466
2436617411
2384975443
43299388
1857070171
956176568
2322204434
1681521630
1854580777
312937824
2367593111
471436748
274518993
593140589
75955410
18713254
21105173
379090881
1851487976
58298314
424159786
497885937
366252475
1204017660
27660239
90179939
140750163
21862348
44034935
421629435
701625379
461922813
1638200966
19477583
2214775822
90358971
866774575
2263006694
1588059680
573879504
82097756
14697685
293405214
361150095
525821517
1385216851
821634642
229912129
21294621
2183099646
1420145244
20780165
22531392
18313840
110908445
586671909
2201603214
532149030
540265177
1429255170
1900408932
1396161031
1356953600
127012082
280157793
556713789
1077335540
2151018144
2189624836
520642807
702308242
20760592
1469132198
477514375
1667654144
339655797
1290875492
1725711534
21870081
135695732
92092938
197686392
39114090
32979925
31468295
29009790
24318887
17844641
14427350
191269439
236564769
239679617
243027129
10116802
25349874
63062689
1858350433
2166990059
2156611608
131102007
1915202268
1157521464
1022552438
160604963
16573941
274638715
87219859
92727851
24749103
27961004
837691110
102762493
271986064
115384717
987046518
239306215
73389837
231183280
21480589
424158964
443677635
86290963
39211946
93272226
57664367
19740798
22756336
37877477
24922424
1191389251
398242235
378646134
86045263
86058246
86046074
21237045
57720206
21747960
74278710
36196654
36197099
481902749
90219130
36195101
1565593622
1720406070
444202594
1258142371
181925961
627673190
228746920
68837355
452155423
413487212
768341436
265902729
1624984470
1664271756
1434305653
745002644
1282818488
580967619
224223563
1126887589
224569383
411469404
16099375
20581597
297934836
25990962
454858952
1641150530
1503915439
40837929
1135110380
1546823898
595600318
377008409
1607623590
413961753
301420268
22989425
201329331
131796598
1288720502
27706753
440261985
1425215066
558797310
1214006592
14123683
26602795
1541647496
392761508
1061190092
21433995
77692824
49573859
1412098760
1435480466
297623892
30180137
18481641
123920470
250288654
140778737
37896651
152987149
36339024
118409104
105520076
414973691
1490381376
1333651074
49962308
14332297
37936112
151948401
1350337382
100220864
1348788000
43883714
22378448
21711511
27636414
591706543
347979882
50883209
33900164
102446093
316371023
1432825405
153524363
158487331
35706371
561430822
814429939
124189302
282637991
321888741
1355002530
33563975
1397671832
1176996673
108274938
992936359
1265543418
224659331
102325442
14146350
539228988
480402389
785108504
196160634
41717548
171896855
79367880
37417482
428893519
420502499
110647540
1344829393
1293144230
346120876
41536339
39445250
1276136900
183250106
768271848
1148718895
47461893
566295116
347897144
627427822
111649778
1071977252
586737574
295951452
757187078
1072075681
791642174
15687962
598434075
1260669637
442735719
66493324
277983398
435225922
81647782
740336334
785361792
237637607
1170004700
428944384
498790808
1294552945
1252272108
293635316
1227421022
570218986
589587537
1265507917
238277202
507672047
527526077
213969309
115044590
116757352
109973880
585931927
429247237
610971462
823607244
27823206
149679293
558446365
586607853
1161425894
26217622
220156601
38747193
17540485
165886308
78648493
15572132
1241315988
21294385
180877446
253946394
70640580
974224442
238695258
106920576
1185684139
456371141
1090951370
1063881716
1193147461
1170094981
1104269654
1167182977
46257156
358351414
978908012
71261368
590212484
209103834
80070684
30364057
629141837
74794391
93274520
633453923
542401986
1143098366
52422878
566440551
78013965
1150670767
395951267
46204194
1087549663
204488354
1065236066
932429090
601785368
467296014
373891855
1101390870
2557521
602768481
113304642
253978102
987174577
5838072
331311644
129475770
876012061
868598726
30440445
1096377223
97108937
1081247563
404079892
428796592
211476130
46697447
747007800
41225977
951928868
706210542
304321930
167711000
45787541
794399022
180505807
260440721
441435785
816229956
43434754
986443507
362602301
401965665
341692399
299800115
589472106
466561610
789022825
546833756
191713253
86432895
765348308
217171206
358887206
21073251
15383636
868470248
15536343
99972077
479343400
217021326
27725199
343627165
252569527
920984768
32838350
118162552
36688497
17343602
49494866
587378343
125122481
153363070
20067949
35156153
43372548
47647784
22211730
18853000
46531334
287834630
16383249
23654341
370652525
25864994
269860983
127453026
39291341
181270405
387919342
227347293
94359979
240807110
42902605
201828588
80986957
69334420
63669778
201882796
28545082
95489255
523327547
20374935
117299815
74418630
831650826
85153779
802827488
14953060
605392610
187428929
24202701
445860350
86045805
252780946
488509309
20565284
549240683
111063044
607281049
509115499
406460047
487736815
56343511
479709882
142607415
20592173
90021519
417149587
104559178
575541250
292383343
19230601
243905514
457669489
15473958
18825961
72359013
428377485
284660112
714421232
769398037
230845588
18643531
108640618
77561242
371828248
36299620
101736990
516759023
39306925
169424644
55508615
20525286
582908554
729744026
285780053
480915235
263178863
21093744
18713314
118794035
22076057
469416803
19900778
33455616
438600627
21705931
432951298
87666939
82571185
106134593
16348455
63253045
569128992
602262097
176225125
376118814
20686058
90240198
333409912
224284821
19768204
72315504
618420295
407977463
16807528
40626514
136212321
25456478
94094376
586200974
14684826
412186286
578375905
123577980
598644162
61779811
89469821
44173768
28092661
541077487
587598527
554688012
585937668
366592246
21090701
167746373
29758446
136964211
105297123
17386885
110499325
22293171
452638864
251618730
210830116
22470230
297887538
290097288
306272299
7111412
42933612
307928494
566341488
742143
612473
5402612
66190167
82695054
382686983
457858632
563177614
109713729
407456424
120885121
168829552
19586880
558731924
304360642
20678384
146519069
297266459
17441447
76613720
527284868
379961664
552906141
18909217
17874544
485857140
253162230
28998607
238076927
264257750
306025835
182395667
66613688
483914684
221452291
22449601
309746725
26489598
280959055
545110030
94139388
56981487
105184293
490982935
14332906
19531199
41147159
17512333
133358416
418760099
458492061
2043491
514195452
18336374
130769618
301590816
186431625
17894963
306762902
34886371
498932768
95172877
351066417
17453006
436702610
32340023
33875003
35794358
85696524
14672767
17707991
213626367
369629233
19943507
439238408
370536393
74122854
36324511
116729547
42973023
22472308
86059837
32633367
20054788
38650224
26812025
494871377
156380350
471287735
171911140
25165585
307857461
236364384
480396462
506155081
124242102
170062661
87416722
16151999
267803377
501836993
22084427
216678193
84387911
278753697
47584686
35768363
393028587
234257674
96734944
42535805
433555387
17383799
95643050
206172405
19586430
106056359
36656352
70902633
219957602
235126499
82402659
192657638
206121850
40915934
8161232
41764735
258879170
20699024
54802986
359855566
48695796
301497988
240298466
461489890
436411543
273571569
151584475
386189099
17422234
300225765
136596308
17534892
21497284
207531430
20982652
157627966
73452210
163379277
58542817
164437669
115168092
449138325
29649198
221025807
302097859
160544630
17834677
217459129
96988899
346558146
158292600
33578424
165837332
103022780
66319302
26839180
90916337
431429137
18745692
67445311
65894962
35176496
35731056
112848373
14613316
20860016
14194468
18971711
19111748
20986426
14758063
257889062
352145373
92321129
272609335
122416785
262881419
106325768
302123233
271106411
221122127
113425681
46390648
28841392
277590718
30206607
355741893
225532943
27777548
102493828
39281617
14816339
30526601
115147362
165879323
68025598
130410545
128137917
20106852
114275888
80664811
75491645
18163632
94556490
18133631
17054747
236472830
41182107
19986985
783214
21765319
93222172
126358233
80272932
15629573
65049055
19540604
96854959
49644100
58945458
12381102
78867068
21199176
104123325
28374958
123884886
108717699
18954398
81136044
34886753
29222019
34959912
31468231
69060831
19043902
28526236
352931466
73484903
393319685
366784908
69560389
21080270
16138021
425394275
409963216
422586388
62326477
344801362
38182282
255496159
67874759
63420653
16465501
22768047
20383164
106383294
85828645
85805327
16675424
86105046
286482724
15179672
109252007
411808634
19389095
401974392
40852753
60466670
94553918
18053477
71086017
334095616
406323545
98366939
200460092
20712506
24929621
16542877
112382736
119078686
124867377
27762026
384951307
21102293
166128698
17872077
177894554
129483138
149927337
61052617
135656627
139843369
391684882
34674651
251767598
246618596
165049506
33174013
360275075
162673822
269505461
394561713
176486829
370448015
22668242
213745334
40076725
163060560
386420143
374031100
326800199
140118545
360494428
30782495
109705251
386654472
146540920
91441874
271680211
160926944
239941512
354212072
153464816
130346934
118739566
363714310
29708075
233335916
265982289
188528508
355650158
20609518
73621299
353624409
329099143
166558020
205107447
157083341
20321785
334565594
228016948
15332636
146136309
144191330
34891363
299853816
32864994
138346230
289843609
7841652
118987598
354705659
10228272
248666147
313967090
286126538
166767883
78342014
17020962
70231608
22412376
351495412
28153657
31206614
347108120
331034134
20058342
16902662
17552077
339201241
309396798
40915216
35784630
253430762
56908710
182889996
15307151
155642429
229369775
108568373
37792861
17883546
19530101
29268463
285563347
95465386
136678090
279452961
24996837
20242378
177681327
44582464
230567975
327465475
76667648
40885516
73438486
278054501
36686415
268295498
39385655
21917670
142634606
320402095
182336137
137275320
113126125
217458224
52350522
317672918
218625188
20040003
313904873
111366085
21946704
107833897
148520187
81635557
18952379
121373349
104931465
86133702
127508068
311600618
14722676
146813134
20445525
96851347
277997818
62764271
21992405
10671602
278059361
278103138
278057040
17308809
239987736
301949936
301714345
20014300
301425485
25264306
3881391
15038323
50238404
36314176
15818391
170315584
287842431
41229669
288124600
276448280
291481300
135459606
57958495
80949452
284575197
285332860
286377240
182469676
16445065
130436151
227250402
216299334
83326834
15641097
218359706
277792334
110283416
17791626
31759942
117489317
236667437
19702854
112948063
269752888
186742374
15790423
28835844
84691158
171640621
233846752
160690280
42406890
18286505
267263100
234181051
18749977
259410097
61190396
27038653
189186643
20054847
42856645
36708814
53732896
156242563
263099844
142200655
20395281
39366525
23924839
22007208
125925286
20689749
62581962
15091877
259379883
143145579
12152402
252753618
104101427
40276098
35242190
199315235
245014679
19228925
150675722
19522891
162432990
199779942
202764057
24531730
200605791
66247274
28638191
95515846
19542281
236699098
157140968
241666090
45652171
209994211
15389911
20079982
16801904
139182891
10678292
155659213
15253147
78125385
16998020
26239491
14622632
734753
30617208
34303468
24737621
20508222
20585993
20632700
20204789
19818494
237658488
15069555
41716273
116705512
17335732
47609701
28669612
118114759
81556396
235313888
9524062
20977700
84466455
234330800
62325140
14082692
37439205
38949480
175226057
21474631
111428431
80083130
32124771
46880833
41562632
133248846
134777839
18869834
84185972
123262786
16890969
39338628
162068742
62470066
22461427
101928415
19111767
19982092
153486432
17336417
23613479
23617610
27989078
32959253
25365536
46345843
215952307
155927976
