51241574
2467791
19407053
14677919
5988062
5392522
29644095
3108351
25053299
84432277
38118177
64781526
37844996
22188337
155727523
3315421775
2319128756
15492359
158414847
254169805
340418528
211228546
217105717
34670740
73394519
119541204
290172256
249249080
3587197935
2477931570
309120981
50327212
172490897
103288643
38515736
33402211
3441654855
482551226
41401518
1362883993
29237302
18136855
59614037
51230390
2915054312
41119709
3406078665
929811668
3290249009
300132815
27384847
121616124
68309208
3105062730
966026246
31175942
598733789
31138753
1648263866
236532191
1921987548
124291988
2235655580
3290070855
263234033
20245397
16135536
38734554
2433911646
29492701
1016114191
209822099
300368818
80086767
62831038
516699539
40879381
1851851220
27068822
40070447
16396588
2282786651
470728665
209770685
2444629970
3005821720
107463521
78038101
18079196
111374785
47733819
887793930
30861904
1160710430
1143909799
80424935
3237607775
1497084342
17374514
223345718
3084638650
34172552
438447789
63990208
327506908
30062010
24064536
102170838
53094108
77002309
18991012
343702242
116877508
214865933
95895691
392764583
1755307201
608733243
145757777
52422878
130582349
50636340
522528069
2399255495
239996819
80648121
776525436
901176384
2478283129
21160744
1250112104
358386138
21870081
410008957
217510835
2661146138
435301052
164412502
2876564973
89445470
47099682
17906632
1327788510
16129920
15485441
46489394
488750451
27696145
18310576
2806546465
20246373
69117966
1934631630
354166193
2157601178
515695671
230565702
17490181
820585
18622869
1093090866
23083404
62587361
18479513
121473537
23216638
19426551
1421908638
2614373577
51050104
42898402
3066142216
600521173
254485735
1666094083
24419807
2823953555
41598924
2338522596
491445472
257133112
70489827
424251533
2166852487
302586627
1264908925
818577140
63623818
534034980
15535533
49886071
22697902
562386699
736082130
42893437
31170796
338084616
2713279921
212692326
994056037
912482586
2479895293
143899585
50121503
18080661
2726451874
118606917
2292259518
381502908
3030535629
2883460648
20306644
23527974
20027876
1606153063
2914293634
93884190
64801736
185739281
569126270
202736993
1520661578
38547293
49971804
16990888
41664997
388961850
22368595
221135258
48455180
27288051
309175752
3105633934
544403475
602845570
719963225
1694354119
1495951874
35345552
833203064
43339019
328772699
18635976
28255093
310429668
298069279
2168704282
2395608657
2445846523
1951804982
24494722
1828906556
485146618
143122439
751577623
39555562
15509489
2736414151
2670891151
2710411080
2591934266
2451635311
3196374011
108405090
175444493
3044901897
1553930202
248900032
25380683
300392950
28370738
284089166
31122496
2557521
19923144
49698134
59031230
15441965
18587457
2836421
217046698
783214
885914376
265425154
1196421637
