825962018
2338827859
19546277
14159148
20402945
14700316
6017542
69231187
16184358
14677919
17469289
1339835893
2836421
45564482
28785486
816653
20562637
15754281
14173315
1367531
2097571
1652541
14138785
2467791
5402612
788524
742143
87818409
2841623005
428333
5988062
3108351
759251
1575919333
3615653720
333028459
361167912
192102809
1034360492
1215400628
431232237
534220965
401605323
626935977
565295961
542339342
1130228940
897558096
1025886270
1065343806
230836354
380823745
281415209
415837520
748428548
542430033
498090391
470283925
1432259347
920610398
997312879
568124708
549026787
1953561230
570917385
471922725
2276640199
2294403002
2213701480
3379449515
1331136739
1683606546
2253256380
1408305259
2606817440
108561371
990916915
2678812369
356406477
701177444
340390880
82604515
492787775
2150826974
3187428042
89517005
14848686
370512141
2892849294
410213712
487400919
2253516140
553825880
2572627136
852453781
835806912
2341469444
937294358
18647765
1156866230
153474021
24047612
40080940
46186400
274040176
73359920
69615397
225190303
47459700
60054156
136361303
78021221
85772748
18481641
30180137
34395888
60649803
72568426
49239873
68399194
16193578
90774609
348379865
326359913
44084633
39938254
253429192
372811570
945310303
2934820595
2588198041
1443972205
604468383
1306823292
2200342975
376059085
2199173288
882505074
964329415
1245289938
885182622
2917253312
627154660
533926992
732919374
854274596
2326983121
2956720424
471688100
2925625817
2270329686
2790981662
1411573339
1431152532
593966683
1068387458
175883705
807095
111859266
436530037
233072598
2193118999
627298151
442858308
296137313
508540545
1057622490
249409411
2199182563
2299802275
2187854426
962882394
424848871
2882944579
408245449
106387406
19280428
1140820116
1476558330
2700009857
26249346
388763658
2413679400
721670858
2478351337
1277964001
2349675072
1473042817
2929392920
2754260592
1159846028
1892713274
1006103232
466325266
366451280
743355108
