14811485
114870265
47448886
17060020
17243582
47455112
569446928
290061912
130238301
295125390
2574604046
1216953829
4191274827
3436391333
824907032
1049085942
2193523407
1711120327
121311670
1683492824
80441410
69266063
1063897602
70028377
40454720
233780504
3638127921
17017636
164412502
242907470
382376904
2797521996
142415193
18466967
4816
224079521
22404415
224698363
7905122
14669471
1051171
14293310
14677919
35773039
15164565
16955991
1947301
16935292
23839835
10126672
2329066872
8775672
606776750
66369181
2359926157
351897105
394797701
347505959
349137313
211635204
343452680
115749048
17629860
2248872301
16589206
2916305152
2796968620
24258355
115754870
64643056
4970411
53789862
18424289
2566535282
248670810
22240612
81136269
2373735295
2756720878
17061263
76525772
14389225
3518169316
18576537
85796380
24506246
141084952
19489239
432557320
16343974
15012486
14173315
14138785
2467791
28785486
51241574
788524
87818409
115436050
403184034
576337024
79704961
401104440
415254680
415360623
416674633
415182834
499202239
141765996
3277762148
532559408
538547125
3436444984
3436444738
2275682384
33923443
3108351
71016845
35710937
1495055863
2650464768
24912726
3368234283
532650419
4045290737
561128153
432599292
437982033
1673791554
132335310
167149938
2807908886
21923541
65085878
550371467
60460299
16352418
63541754
14319589
33906521
399080466
18547360
32257770
68457742
418093603
2762463461
8131532
1355223600
3031857356
3353655789
3028142384
3402382552
3398962343
3301995724
3192587013
3327947704
3294100098
3279043322
34029312
2975593673
874776121
469720348
1603600080
21581503
19402238
19658826
14647570
15234407
15473958
418857251
3970323261
3973863863
69542594
2324931355
4043387954
4071857495
2715848137
3363725487
2894339911
35598686
2304950042
14379237
122731004
1342269774
2195993599
369101147
498897563
41274607
28382729
19191229
18060584
476160272
19272244
112516964
376454749
3140737374
2147868264
1519634587
2323945699
319202818
769870880
233250372
26037739
334635978
55721261
2314661971
180570926
2962650634
15767534
3839078712
3912420927
3931820669
3873387613
3942184948
3942116482
3942826415
3876394333
3942653231
3876856092
3877421053
3945828455
3878655374
3946511355
3882195566
3948066615
3950450314
3950096717
3950600475
3951143236
3886028773
3951129869
3951436343
3888371718
3952157296
3951653482
266335971
3892868774
3895203073
3895773972
3960572632
834344930
3897692473
1346951700
377439566
3969213094
1329247320
71741435
16454070
14868724
43889995
41767182
38242640
87240340
30016700
25837899
18646108
23970102
16032925
3938940435
33661483
43965146
119881075
41064406
36822750
64461771
23028288
855552331
531976292
2247566484
74653520
507265907
345328607
280889200
294851522
26627174
321686793
497648808
44945327
464603011
21067236
28712180
35988316
490620348
206052014
199110089
270369094
1078287655
203083495
476234589
347899465
370699216
213009133
2177420990
1251417968
825934369
1121163822
834988327
227626917
348058612
236262465
192749697
29997206
3606987674
16194080
520723877
36843988
15492359
19621110
85289376
14755492
17044207
14677117
18992997
62605366
14165865
15947602
16348549
14886176
75713796
64823914
27860681
161801527
20596281
46003622
27830610
20646711
14361155
17899109
17539739
18213483
14159148
69231187
14700316
33933259
16153562
40932856
11695472
19673700
23519852
25390350
5120691
82615402
102700680
2885489051
1859895835
3830968756
3498759675
28610770
34629605
2577185611
2785121515
3252977292
798234950
3594739697
3560902876
202409095
554408921
1701044448
2498960456
1446460165
2501274093
1681431577
2900426395
214162237
343547084
312230865
134164413
1201661238
153629442
1152279248
1132090693
1349082427
2778537414
395149823
978908012
555928038
1086485478
1598644159
284441324
325451111
149760844
487736815
1599171037
843112550
1703499732
758543612
458645651
436411543
226662318
46769281
628830361
567497229
137573705
262817465
165534743
256569627
3090465985
30064326
16375531
28481147
16614663
3454771694
31081934
3326784780
3402610513
30364966
16712746
27970832
221412285
59325073
113527917
1188150680
129549030
1069545889
15207062
1598997302
129980509
89790402
7413172
2245064456
226099210
538399586
14315150
500884228
14695352
18589998
15265990
17454769
430530726
111704438
22092470
2722744208
31014746
2316799855
61075216
875771341
3151231048
2149698602
586781076
1180379185
16548023
287409069
56026055
196415460
2840773296
16163639
383468784
2281130636
1048714926
82733390
3100914027
3376911034
19051864
15027207
19994074
968871703
520791337
166270127
1505429964
382505521
2786797975
1267508250
2210358030
1262791520
823696292
23173615
714732786
616523858
217340627
1975955058
1960743859
978822876
1226091312
621230596
1258492219
2160917304
2796890274
1245120690
596190000
531524384
254189974
42694241
2295217322
1475446136
3159953220
1451773004
14091091
24919888
28184452
1917731
18237736
25334660
54136251
85632022
17456871
242214967
109385949
3245026450
234832356
2826693691
2364218582
2497252871
2667806726
19827119
17632756
299926319
321445166
19520983
18825961
18171035
20571353
134234000
34914032
22536055
776994
122411063
28987332
1317750026
39262155
22634945
53794072
485407459
92929106
49548702
30724773
64287192
21904629
106769801
201203300
66930495
23114265
90956199
111332790
44070214
61517596
370729020
47322894
20692332
28059115
80693152
19223156
819391675
16250400
24339716
15893379
6461032
1255385390
204832963
624953558
27806987
296723507
227358994
20687263
132175413
196418938
374138602
15471284
14367719
229894057
629097517
376072494
233430873
400126373
988240608
2503942770
202507337
45786304
253633640
454939382
588730194
251873156
2936141398
14498484
1603635662
66699013
247089649
1024286276
715568233
2848926523
3249460378
3246343380
19746944
888311845
274177426
233688648
112481670
3239027106
20476263
39161013
23741531
45040038
180505807
191713253
70883897
390429345
375759000
1636590253
23565536
32917485
19055236
47869696
89013431
27022632
338674715
269852626
157102563
14160121
483816267
398440169
29910549
16190898
22109593
32171318
43470903
19543777
23213122
41912400
250166431
14515734
117177584
22179997
23631859
45253359
2172415788
46051722
378223565
318082959
157140968
48399528
23005773
89523939
92367751
14934818
25589776
141052723
381783887
123639602
16271952
303048990
14222518
18201114
19148708
21219827
16579345
24502450
15934926
213184382
25917171
19602061
34357707
34097876
1344951
24263801
20177423
19074134
35479533
557379987
23464695
213774434
18625669
18974089
34430522
56783491
56481539
43018238
85724849
47288005
80655102
24843679
76997832
16228398
20592173
41298605
1480251510
30942861
188421312
28379194
55789534
46957344
403182554
21737908
262860125
27797775
499470284
235354349
26570717
20196258
492399548
34572451
23539610
236944441
1633173428
407737911
16234029
39653091
26892157
236699098
15087120
29756339
125463397
280582344
28310273
27195114
22633584
29091792
171682388
1413680478
175161093
363426060
572050322
629558842
132708764
3264085919
23081563
2259483001
44468285
14753721
38934554
34651974
308641042
2535229992
48240574
2923614332
2477235656
2564283469
50120997
26688109
32896904
554828456
114258634
2821162697
2558769558
603393454
31312972
334410834
314424880
2601172146
112578370
457914939
3140663904
413549320
24416830
3152877945
981233461
3004144569
1223054599
3174389703
2156814277
2848205876
3164270455
970799408
2697103987
3188890168
3062290317
3091059839
112351409
603397837
3166909313
3137176156
2500657380
398994601
3207503530
467746120
2854962206
264449534
401260773
39368169
386189099
574805473
2858188611
381708385
26585171
42976654
480039349
335540047
2397784297
2209892768
417227278
3121774540
382310230
2940974705
3068818538
17634847
47737282
252409940
73457606
111345612
35315771
56482267
1690134666
159146498
181385527
3131992827
464783399
272250951
40940905
845706414
544574200
3128881157
2994121008
2951539285
2725774872
1416289596
34310801
14295629
147630074
591133486
463205843
147401952
1979249047
18605706
93208569
3066974375
391338687
22202437
271161708
409015743
2349560177
2950674117
350333545
2434434464
2871254308
18867844
102851037
2832924871
2848308535
168716190
9629222
3063483570
2208580462
2985270846
43985867
14860319
1727527628
276100576
10878852
15933690
15679641
17595745
49716013
155639030
138540782
27028473
219924958
67607870
21461758
119541204
23501270
1380325627
226225852
108498637
2950697721
619101692
122499038
15694286
2161428902
2923691079
25495549
19138024
2879313010
2371237790
135556194
33581258
28144108
2214729760
17024292
3062312617
183628462
390982188
316807561
63230939
902106067
17842366
16895274
6292982
611959284
525821517
444148722
71668505
266575711
160950277
240591085
122028557
581494085
2653756334
1537478390
80085451
109600309
1210236668
319354884
1946960647
515744835
1958028860
312847903
214542058
237504386
1213363147
91492498
489158460
1653547807
31502152
44434508
305859646
634499903
713808385
144680675
196877666
355743468
2246685162
121213242
256986185
227121370
2462179592
82750898
15558567
205385325
527119125
45433584
633316094
15040500
112144869
16586846
127297106
233932971
357793620
2885707365
21645908
2196781974
18454415
11371752
18783717
24481831
4239551
737004090
52837698
11762572
365479827
1150188482
930003926
525005120
69605342
1268521076
85137152
3032707011
34248765
1286581891
202791022
840521004
2831722093
232701447
265400613
2565204998
580997146
2982011505
2326613030
364779405
2697892177
2920841266
894461544
2829325255
2886571772
3016950576
1394858538
2990670878
3014407547
274923276
2201951496
2739966846
2916201955
3008439143
3017448492
2650448955
1275110892
2953820256
251197029
95203812
2955642949
504179151
1406769306
3041969675
3041986565
3020767783
28264148
2854677007
1956706418
3010144046
2354580734
3041953371
78575350
158621733
2977825931
184648256
3019571930
539031953
115612537
3023322072
2933867515
2772362341
1263884059
1663929319
455416278
2935953481
3004815585
508308756
1095044768
165039978
2997863358
2996389960
230384811
252161825
1463538474
2228844234
2546576337
1668526932
2901964228
3015959540
3005347153
174952938
3041869287
1260262681
3002621854
213049467
2801709051
2787219786
3017545526
251914277
386086872
1397737746
3017614418
2203465776
3015736893
1014202879
1537832280
2798429015
2752531828
2582928950
2867039254
891416491
317606468
3039726701
17344200
931155811
1710445428
590462556
396687821
969300067
251261409
425528043
3023505549
3038191035
3007818881
3035982297
385241957
3019916934
2516290215
990481483
313604056
2589548125
403733723
1343302134
2355225980
3032142519
910592574
235163266
3025732325
152457403
2875828019
26895926
2435673908
2957350079
7278922
215666498
44698675
1532091678
83225622
74221144
2906287444
883507194
57364507
409272497
532944189
544527327
127846572
13709152
302423354
142344706
2808165874
979725386
979725650
979716114
979715592
979725458
979716288
979732963
979732921
712462231
625477652
450409715
24776235
2220644058
611289409
171682730
708360108
2250749262
2220640015
17023392
181717432
211810106
490036238
12728672
519196613
2435579814
927285830
1113036860
3028611519
2281598528
509461549
1901273544
255351091
58598187
273558323
7019062
154444406
451167944
2724579368
245415119
741899078
35543156
97120213
359628838
27022925
390860562
485854360
412948496
102593373
183614913
326060460
629583776
78458174
2906931874
35669478
18958999
24787210
22904192
900358171
3018450027
617452793
91668669
24906888
333168411
26514376
278778939
29573746
2537781000
2148273331
18677951
186513446
3011413293
965299622
14790966
2183718102
1070726726
14701272
143229837
37288553
144012213
261550683
37822147
17862182
68539972
97989853
102413993
59977859
764563980
3008031772
47860539
2999510641
565452287
319113012
26093913
317540632
78378281
27711339
170039453
431742890
2668716156
2820632576
2149125836
2740267030
406277986
2511516752
36021947
31042381
29789545
410184243
361325829
131003583
215500715
2873417577
139510274
183918800
1607264689
2474442301
177133134
2993332558
589275148
2934151219
366179542
2842882894
1323839881
2747706873
83918629
2983346836
40262562
2901648749
2377655627
114009456
2990919042
419142341
2269700142
26828234
16570573
7439692
46954727
2489126689
2157742771
277256095
27382597
110445334
371539929
1005603054
87284779
311072227
479809444
25087685
573519769
414602715
38035105
538021652
41110545
2923403664
2968012419
2937991433
2940937845
256645491
34627843
16270580
2945158179
2958842233
2950924571
1698168589
2472430196
2959573138
352625709
22710805
598011468
2754610069
2967406364
14282169
2834636366
165187518
809416832
478120116
2946726682
1489422505
2960280974
1289301763
27457788
78071252
37344334
20611194
15023872
1447201310
284635237
612975060
577264371
17641457
33432222
22733967
22986272
21135496
31213362
14592008
16469050
74668871
197367030
278682576
2901322612
84276089
20489214
75014376
29786589
356137338
143647636
14183663
13693042
2328947480
210876617
2230478545
2472316369
1307990305
974011206
30289093
335107974
50779888
114807372
198458235
13964502
22145732
15323979
16527415
40744725
21522338
373617611
148857281
29234804
106811968
2368113424
272679863
5548212
2505891926
133361615
97498167
349530307
2148391709
2913310603
2798492655
31834652
72677080
2834846395
228482453
1546426980
587833669
2921469507
2923507305
2921792987
553014497
957774157
34768176
110557285
593514506
2202858000
2452826665
76733225
1299799788
2857932815
2371216543
709583984
314825397
1305995330
2360197615
2667289392
28369174
764639010
236265221
20757621
81686450
212066025
2615552059
174704231
20919479
45069293
163582516
205578008
2907405130
1714352977
1447339650
397069116
2334512498
296690561
10880202
9334532
15433693
24019986
77037315
2222677650
282569265
33381387
2437975603
770130757
27294699
2916901826
166594473
351464950
15017311
560871609
1069278361
2913050899
2900361773
15923445
405987786
386268556
27368199
43947294
195964116
28096685
23911410
16685316
249037301
44196397
569555266
75120316
51824827
23359922
145718564
191710873
220843663
1019262518
589339001
2898152806
322216453
44623496
2826450970
2673525367
2673348978
2555509106
816173088
23199027
2387764490
129951156
45591955
73746479
91478624
8161232
17266725
52840432
2886018297
1155213578
2860108058
15987393
978596011
870775963
2610263815
257799442
384953260
551149727
96013710
73593143
749952350
25230813
2883715601
399819869
293338829
2884892944
1855788019
231805608
1441204580
134487648
2565640758
302732471
2875412626
2674455042
2868153322
149824851
382296252
271671422
812089273
98244454
21215853
29282820
59247894
95386370
179222056
120153772
96922874
32965970
56768257
16314021
38483313
1681324362
1264788474
2900668886
531086673
109067968
17394963
14807546
31540671
807095
1367531
2097571
28217720
1394399438
1243095997
2325035554
332788870
132769438
26565124
318312354
241088489
19435547
23613479
58466292
247017009
1158918746
501010881
373576506
2530819178
580097412
241382835
198730367
18345919
26353809
519439629
61108605
2202231127
30590466
2812410811
1542371244
376048746
1342580486
19933480
46186400
41707730
15225275
64574086
205915163
39364684
34111781
305337400
25503051
14754932
321058860
1093410667
22832716
16667262
20522531
168510952
1623730970
23482952
281353173
14515205
19923638
21401466
19212009
15933910
44415931
28635233
34947001
53816818
1884015511
384662022
18690342
596400127
58681382
43904362
27310334
1729764206
273182282
15477762
83990030
21714304
61692991
244161928
188576704
39084522
27167403
45644745
158128894
278708734
29123186
148325018
27511085
92577188
15311044
23022722
167088804
24921197
21502768
529140270
18641695
348524495
275400473
6385432
125818565
2588285910
20117790
1858166550
362187459
390840667
19680418
2527828914
2881178480
2890467038
2326996505
22972842
109081861
346742249
14399483
28384755
16824090
45438899
26777308
279295495
1072705148
32517167
19546942
2535620952
44569879
78225868
850451150
30865013
333686309
18144052
163670585
2809586142
2474538733
1666167524
1208153490
1921584324
2423885006
46955357
314919749
443607148
18098313
15818399
15851753
26105653
212308700
1397082944
135307545
229128207
33296070
227370413
1376929722
19453487
2302591748
191512174
123346111
35389116
1014229345
246351737
32143539
156012476
348559702
250418458
361499356
42992747
409468260
41135782
34642720
15079315
26483706
110606529
32411258
573056468
14869587
111734160
14914938
82420429
221898261
169137868
24752003
28851328
2855349381
1644170233
43221083
22686121
429570457
1569042127
2746142266
364709022
229248875
42773068
603622141
22238589
2573610704
783074588
2881462855
175123008
232418772
35519659
213454978
22985661
42668179
2868326533
153889582
1135570656
1442386370
255353575
80985547
2823129709
179720789
853483470
2459546962
2871652584
2222427170
311027638
259335928
194517933
600471769
1578607010
2759225770
265696487
93634334
78816092
2261862026
2709701876
30227135
22210601
344737427
43432845
258053937
858467286
320969254
2721365999
1011458390
48332693
344405662
702039408
714893168
528609029
2716754305
892115894
2830245424
2598519668
384646265
2584666398
356883636
527275294
235886072
1631602340
14433891
149915877
257903638
871381898
382079097
439590892
49533309
2590437115
713313105
2198361927
965342622
1052402664
1888434120
237634998
43042353
127245578
239085326
1058431974
15890094
27500565
463156286
563361735
57105046
158960207
172675215
614390332
2824810668
587827643
409497737
25073081
2780023503
2517323882
597803484
2615715368
1919197945
2696785586
1524897902
2817414166
2803077038
58287035
419900855
16341114
160978110
2789106326
228119812
39940842
202774675
214189270
2228888204
466609623
17560697
1332028460
458140853
231673111
182021213
2474760328
216469414
1697545225
14093212
321773300
149011430
64019328
276295194
130682467
380392082
36872971
559060785
65907029
2385870168
2838276307
347388688
1224229285
2396412661
16588111
52181087
89877474
26243874
100044258
26049651
589591049
527802551
71187306
770122
15564428
533408527
19353402
278605279
2338202351
26891868
339795386
300114634
30323807
524396430
61626870
174287424
20985003
135250810
379041354
1443578982
1448867052
401212191
415874308
1588316269
1944987026
48827616
2813455836
2147886416
1711134337
2502606342
2699097869
598049889
43569409
2447948726
22921836
254061813
2752200296
1157484206
2778251470
61720008
238747543
2369475364
158517423
17936793
32855511
164889920
1408796054
422353054
35213582
318877787
162597873
22076992
17903611
409863961
1244421032
346844256
266926153
146038577
26171258
601032566
498392827
25788158
774396499
896798941
2754761817
21957647
2346218100
2771772880
925704080
18242346
18320944
393029594
129038184
342165503
2660945347
312367791
1581289837
155620016
510865071
156113407
2771248943
214337782
111240138
4207961
18587457
20800328
16378093
4099171
16170115
491350825
18094552
48269483
28145061
15174079
69389879
24274948
16834046
35127952
407912092
230830875
1661285012
2217898980
47648142
1254058459
2339355739
2779113939
25916881
250447037
601227277
426119276
556223873
329800196
32327154
2453692134
1329818412
383334236
2163580576
20155573
976723639
628602501
191636253
632617957
369199378
97774001
1071714924
299136536
714894272
2762751553
2524484956
581045544
2754536644
1289319788
799780520
125279192
134277667
36282306
1719531914
761211846
779524033
19721392
451499260
594405399
28229616
259440809
1069627520
2500949057
306530283
1617277591
1935793260
30377628
1554103188
2760880998
1368372259
1713296490
798636306
2492577428
762337544
2536515314
2802905792
2808636648
244159896
319045583
116710152
21433995
35397181
74495567
103709891
620672722
543067668
2200664318
218851543
2494984159
356913267
199324622
298202925
586498672
107498722
58751839
1665917761
318920545
2546865216
2277911665
114703144
17693313
226239046
14106410
1593862250
15473553
5070301
15667744
6270422
112778281
312909595
312900548
282130196
370862912
23822236
65525881
14516920
2339966504
21333224
15328881
33687568
54365543
149018696
15620557
25180234
12701412
21053972
41866944
335458150
28178986
21865734
113560280
16202317
74913349
16974981
36467843
21668101
21719375
33978449
32004130
62290422
74231747
139823781
27479039
386656172
270695395
366322025
225633432
335555839
78974080
998430216
46715620
23626355
28472888
23498740
283149384
20438341
6487292
25056239
36743910
15692086
43952326
22790502
40263343
575698014
20711390
422692805
92767514
403044848
2148172565
106618405
84859490
183022206
519667132
19413661
19172200
23019003
111910314
312480764
254964245
2788428151
271795328
1000090002
456897775
1012281655
316230312
107293005
1555970131
330496397
2569748151
2784797480
98151178
130913742
49025234
2786117983
2760542890
208807909
2741141924
134280203
1475552209
2762252081
325214994
1357257272
2334093185
510310980
17662117
78758307
2315534260
302866539
495110565
160765657
36826621
32322958
2246860260
168589667
20990717
308762292
224304320
2433826392
486010059
2685936789
2302249890
401549234
2766557898
2740753842
610401840
2470652424
704158817
2763355802
2760614160
135976211
2763361585
2766916926
2767673179
769939940
1021161427
2756136341
2173444788
345160267
457980887
2333347975
378110248
35818363
33481716
348928027
617990261
43350805
24737622
1385361889
57205756
2750072710
231683281
229971811
73737960
24218947
756437071
27191196
23113646
592459920
187224507
568603681
40081920
358459443
58935117
416535305
380553276
107608753
2608561945
554594076
2378201352
2691937967
437962152
111423404
608862651
138454781
130278068
2286905538
2230539084
66922899
12504842
54986510
254763222
33323269
1062458486
277257650
2559554040
355558059
2504735692
1321503282
2743236326
73694009
932692921
2744833425
2550097903
87491941
58081940
325367591
2741092502
248443271
2355388051
374618956
809328584
1308153576
867040284
322356853
2741063270
21859869
1939444710
1245214166
112076182
2280275799
43832371
18660430
25712952
224369728
339179325
30071857
249180770
587927573
2434560679
2644279707
2705786966
159970085
223982097
349245280
149696365
954262051
17064471
273813925
155798742
382106303
196354002
142011622
14249813
442479800
237518515
555122884
622013289
99806041
1681911116
2246703331
2714791446
2260548315
799735248
1949377172
2634089159
2708505830
2738342421
431071870
1038859747
15744692
2267689016
2447281543
2725463401
15849805
20913964
1417018994
1535103686
614767394
424293920
1238127266
947115980
452511653
184941528
1250290232
16959622
218701676
272871803
91479145
388945610
1650009181
211994452
303496156
60643946
1098801007
2713074666
218476547
28665225
1970194482
968972275
37781392
2352062419
1587696386
63009240
285987022
520232737
26565946
2697214609
2693892990
1678775935
379284532
2626900463
1606359583
29309901
1336672284
1157498624
297531485
1337462810
2593915390
2727429418
2688392791
2291963622
1189455294
2690889824
40768816
2727931144
138182693
1852442748
2455402262
2691659083
14691465
15273001
78816575
79633819
407502850
415333493
350066710
414472563
55237566
414209427
167781199
2671727562
2670984656
967365594
1250480786
15829287
989921341
612217876
1087399519
2682689606
25575214
23911778
18931655
27604395
60121599
1172561161
209978359
2606049746
421289084
165475815
2204259697
2600638333
25667335
2198088375
1211075328
2646997206
1478258448
2230816340
2715353326
2716016045
2476541959
2655658627
949606423
2432239212
2417194740
359090745
305852846
311034896
59918729
2289922932
18281804
291352704
321031916
459464273
2436267090
2707870912
2633810833
2248985523
34661550
1376708796
27531320
3393521
1611290844
24415700
2531869631
217832898
16331010
2602994053
1552026966
106837495
1376735706
2610894606
1637629369
38893886
1616930598
18224432
256698359
1094141461
2606250739
2609146876
455995495
741959893
2666635996
1873238130
1726519614
1107100710
352792536
20750892
146099195
23859312
119524561
831785647
364560038
586764494
1028948702
1191252829
2307362119
192635623
1258006909
97382166
29832919
2343579509
318625697
34601935
19739466
506126465
2578432402
2656649441
340583438
210684204
168286878
2350890338
286897453
615403329
116947744
52891744
631457424
341190565
2589120974
844457041
20224449
2579550926
609262297
619611834
68179535
2645960344
608163686
2579429204
349028708
1416636794
378421975
16193304
174179486
1317792150
904673066
2448277994
30414693
2508415957
384657950
377683798
52939071
704081293
1894667821
212823289
30070173
18220175
62432717
104249727
295838580
24740625
44039298
30602016
555708399
407977463
25521487
23561980
268459510
26706487
24215407
25975334
72960530
1465949983
574358020
625030063
116049932
1576500157
219876262
395025582
1584132295
2234400073
933474714
2544338504
43982881
2529724086
2572104624
781196418
2572182769
2575684876
51024147
308403268
2568875012
2505387836
1909850108
215465776
460590021
413528954
628520399
2563440734
1376794848
353060311
39897996
564936056
2566320798
362555891
2481858400
386730049
2500286647
401643632
237467855
253817293
316756361
2342450115
2326621135
2566242490
1881215180
2563972470
276724248
204491797
15162193
50687788
15458197
23986856
9541782
17448575
89084561
20632796
30973
801382644
113791972
348288721
376923317
471447804
406083456
261537745
1100806735
135601369
357832317
37490815
2555876120
1669472479
2564223141
1445135898
79767677
31683636
1292775426
2532202568
15926106
58245493
80863036
1029373747
185314895
21447363
15846407
89260471
354464050
28208983
571380951
47635802
110603596
2199359704
2480420868
550524997
125083810
2534614233
2202075987
1421296789
2262132476
2535601506
2425139575
2536949131
39931520
2542216034
2293999879
2183332509
925606428
45405486
175159478
77614432
1877194280
18517573
20328809
2526565351
738269395
2529180265
2525160085
2531699990
426251258
776271672
70802755
23677832
55190424
110220771
78728006
180653053
174686309
22214611
247865189
36603896
26580482
113798465
17471979
572225652
124631720
579349304
163926617
21973219
20195191
254234817
331313724
244912073
591120435
68167216
520997702
40111153
32645612
16828850
1464752388
195074383
191754462
1611920736
208568172
2508479352
2473623990
48834856
114183801
2465125555
2562353871
246629106
1733065417
124372457
2453364284
2465549695
34427096
14511369
286898208
1401001981
409638105
1278428544
361566371
57481432
18348452
1323491538
254650294
1932260305
2505723186
167544842
2509667474
15028394
1606050265
2269620940
24474191
18539631
21035529
17467699
621318757
291888539
1205146927
27649492
25108518
31957766
128246602
74506358
88776580
102488708
26483183
42212356
107429819
622032924
21215371
72915722
1715051
18948541
15081182
153694176
33329113
2369300946
322831257
42897094
2495441742
871005780
14055301
245920273
2463414390
1376606329
109665905
18278964
2493533274
618506363
349203948
348207897
875819382
2484339498
2243989571
133383072
2535601054
304092704
47801607
1036065512
2398058094
371053880
26225464
28665877
84910563
320446883
2232713410
522733325
2272170632
109989661
42460181
449720060
44986305
1135796731
135767303
1498971806
413489365
299481084
43412900
409577442
571139089
426715027
2480476513
1912792812
2532144851
436396553
2440742250
1548978902
1240319378
1024836512
160081710
112289040
1183887576
134904706
235133788
1659283718
2264404423
378376926
59923665
2154736655
77334746
1104939594
50911305
350191422
936158090
2337305384
1613826841
288591182
2468477755
286006352
2435964133
2436489152
2275304348
1920694897
2529180429
48109419
2257557747
2469524707
2374328167
1278513931
1301243959
1485189415
573459961
32141500
1008951163
184866328
24146857
1369397929
625064168
431236807
2400536157
548842604
478485196
2520988787
396408308
37573478
2363333755
64042663
2211137310
2419412797
2467170247
1603587878
2468483840
14513154
248413325
172805387
2279939803
624257457
1925484972
624838734
51679041
61982224
1962841896
2362373678
413722784
1481570120
850331580
716483748
271139010
298804143
2429468207
1962136046
333504379
40130370
1616457620
98701725
1474253184
292602679
271745428
575533102
2329137279
591790719
2300116247
1189427058
17968901
565862296
553699979
2216236567
13788342
19031868
14180365
17677608
89095418
1323485857
820831542
392238077
975729746
1619803417
419690465
875034890
142448676
605622324
7624222
2151256697
205434744
532459697
2500692225
249601237
218094774
2459250188
567272302
1428286376
23900423
1365773827
452813750
38232559
86803999
2462326231
2504970467
1107459283
741988560
2187061903
376032375
255869083
110473412
2353791176
24788497
13654112
1672542474
1604786924
45266183
1511082708
1927499460
2363232007
95256447
1248151632
2495906939
2416345950
2432158908
403564361
62902955
404120534
66515918
174695118
761868996
2414979146
2281012430
568653139
194730430
319154548
183807568
528207687
252185757
2437457448
333040928
249306728
17843241
351360603
30111584
350574157
324680389
2200351706
401175076
2443368547
188184286
130280368
29792396
2424565694
819365210
303359295
446580528
137517551
2357013835
377631413
504206685
144928325
14566445
2439157470
16458787
532764569
2440512044
26159149
1332654572
46476526
1977785509
481735089
177644273
371487940
33149421
569638611
2269468338
326854704
1253253944
1456345352
1389982213
2216408951
501904770
86693165
277334512
2429884550
276191883
2466160635
195885402
63491927
423971500
1284195138
2337513793
212670684
413557091
772224126
373086937
874100826
389094655
28520974
54694753
425408161
253834825
14161768
22468724
552649684
2464020436
108710233
1687144344
95593045
633570097
619776876
220164939
326804514
2462240627
1465576837
15914126
567657481
66889478
300534641
493787954
1287536616
2204586885
1440832104
203709264
2404038445
2332710770
126028354
27097150
2187360578
297777581
8262232
5146511
457039466
17076385
2445562756
45862133
54458799
16591754
34058142
8877332
53147577
254898971
15830003
22188678
22790005
1223658728
506038952
193878351
19594405
25249798
17004618
428333
759251
15224867
14075928
158414847
5402612
742143
22685200
71876190
15383116
15647676
3459051
14499829
16713771
139847909
51587906
361342191
14463848
322117538
22228476
216299334
21228708
849960216
124818259
138909476
26784273
33898911
28758060
493178899
199451056
2348966180
57748844
29863415
14274459
243526139
2278250281
2284535924
2440795030
1027982372
221170084
2415415860
1564328077
37751462
509613367
265594670
2293493282
305034771
597979830
446298903
56820953
1021214684
1960010246
15376907
1305684487
1132994426
1184636352
203316886
2409873170
47287277
2388975596
129308879
614000451
2411944466
345838349
118906029
273191246
293249791
1870076562
7837042
2404993262
716881712
1109697576
328906037
2267157727
1669479612
386909959
550058551
21724355
2291820704
2253688129
19433978
1626795901
480489361
993014744
2335412954
883502503
2397353509
149913262
228596812
2420435375
2407936733
17637758
362739078
2396574786
838452048
1853462251
78644388
43246001
2317839594
174338995
455764741
552025874
1545966817
1271411754
1475207178
952112047
40151030
1323458749
14921961
150358321
41137008
2415214156
620306110
245195945
2388013466
1547174058
254581920
408597844
381272610
101803386
1011643040
256674693
953981755
2413157962
173711059
1589653729
15609285
174348584
29644034
2247442831
23183598
281634990
384258870
30028938
132774626
1575153708
126434587
2379330380
217522948
26292291
14337913
49764492
1216071200
1381576392
1625696342
2405341697
2405517029
48240481
2378321592
232430463
1003123148
741384890
1123986294
2346083198
1420808490
436912234
2323316444
2305482798
15483625
2303734027
2287370292
2229589609
2213521675
2317943988
2314391108
602567070
2377586497
56512822
354147468
1455938695
305828976
285957731
248471341
338726560
2302389194
149315166
614536075
189652312
129900508
130681675
142977623
490868308
1598818724
172096179
324523637
1400654982
73963767
95115126
31589996
1582853809
154275434
892219807
608718058
275410468
94039455
79699927
510494554
38532460
972454992
463359442
454274529
118133929
342644592
616562773
213743849
2324170621
450979107
22323406
1579714417
373545604
456948913
626822623
2254649780
134129854
1859358258
539713536
2366093556
1598880103
34741122
333491089
94486880
1243331065
2289675686
312331931
2365496114
2278345242
263789794
555428726
844508354
23224645
1649329358
619723468
624382489
175259200
1488346038
396577487
253687506
1426618561
97707568
1493678719
243445453
62948406
53153746
22039950
1341557443
998448360
60667856
82359475
385225409
53184837
369331659
162907152
51632285
335978418
86652786
2294694637
73230099
2323267941
308839166
845165018
299898333
2218437326
15978225
423899530
300371385
45843450
82015063
580971299
78469573
17689397
227793386
339701952
2352968750
613680695
2354142680
383543303
158838574
2355112753
430148950
71804710
238366313
324775451
14949939
2349745456
92639434
40931302
330748601
350334649
36361709
290137174
2341862937
536682990
329873951
24846357
50430738
35077745
2335948551
1594122542
548107791
1546912405
50769052
2338807956
325597693
920625331
729509334
478019767
299315444
61152128
53957079
204656992
221032420
60508386
99373090
236965955
29209009
270383088
627823731
629889259
221159530
565815022
2288300942
1017124939
2328912334
66731170
743652133
34155592
490897807
1649647952
2250253283
130059788
185486723
382365764
1648642836
1057355754
48193520
22324015
54479217
2322870758
442925351
202247844
955275644
591463348
2290962310
31025103
849813512
162219176
1167226422
35030863
2327925925
1319591983
21178611
43971053
2324444702
192066343
1409003545
1602588829
2320569307
550563931
784492399
35125635
314924200
53591188
580430295
101325517
375982242
96848679
396003013
2314944718
284542175
1426602631
2226898398
1206416629
46696286
1927077733
1283702202
279135526
1698089486
104043120
2308711515
233378946
1959474721
227028424
434673793
519639874
2222424913
292739205
338750240
1024310910
1104926966
1690547233
1398642642
2306102862
23888839
215756782
463994086
291362259
2183995002
40995120
1932883068
194380624
1586169510
2295316818
503262878
2263658526
2305254438
21347443
1372020134
116125172
469073114
1401305827
2293865059
2301648825
30465195
30425923
520990529
736582026
17023871
363868247
973071313
259914079
1327781868
1096884210
2276218531
2291910364
1614874981
284221101
719115626
2161485031
555538870
745929637
235961658
960805820
543587363
55182641
269456338
287980917
54377744
132763712
391018774
413322466
308631304
918082945
2296936958
43732428
1152831582
622393154
131687110
289987799
332605908
412609955
1436064884
497265113
446620701
337825856
24732925
110367041
156303401
26646976
876857677
1876762610
932818082
387275403
546199747
1040356351
1578771744
1632857468
455636991
2187150607
227324947
56786520
24487853
14769363
56492904
31018409
396890386
526489170
312325618
141839016
452721064
1973691050
414940326
1035753144
2265986319
124891366
14645160
465199708
23161445
1365726212
1220529499
215895732
20491165
1377850886
623584562
11856932
232252457
16195167
52637025
429503489
423191600
520140180
481533112
563861783
251299471
305598988
356529179
613617394
35116405
54000309
432578840
101879887
90519221
99312853
27921338
17638367
415567842
540491457
32682727
324400548
1409151840
473615275
412716003
926873648
201064426
165520574
176154786
116614832
40445757
731938800
122778883
384560313
1561866476
779400144
1452873140
32122637
331467423
355741893
187086258
46068754
1623332834
366557294
216220461
152177732
1371927481
1041466136
369764927
1299651000
724545276
62365994
151953970
284781136
379527740
311169385
255710068
376866827
71363828
2176024665
2244597536
372522746
259448997
868930044
1721711095
359224012
290835604
31652621
163739652
109805405
28739407
113487839
2260825386
860663376
2259739489
92243457
1063099130
1377762702
283634656
67787548
2241590926
186818012
2243268355
1547439529
332462780
566762590
1226563286
1622207959
393117157
1611541741
613700010
838553401
269658061
200763603
1292401236
1372440739
223268412
2209398408
152822132
590402510
366871320
447516122
1944587342
1619246743
1191904489
596998073
96550288
220563438
147305691
26303602
204616737
779171155
1579654446
20614355
612000213
604767561
1720791901
493721205
1705934342
25369058
27833831
82677934
968921012
2258447748
1637112866
1499325085
880947781
561694652
69398850
1043828298
542028892
983646547
165957600
32457066
615033497
1206476953
34694499
612909013
62168407
421109510
2224008997
21333110
378989606
25783834
1240278272
2252674796
1344528697
341015398
361004418
287776809
31222737
559984871
400446038
2232168436
2147707746
2148609640
1377166256
58646914
129519159
2224292063
2245518240
391678032
544287649
2247961290
72872915
371916037
27971861
2225966899
501050702
1000030922
996999624
2251294454
904579572
472596053
52773056
268106126
1385103656
156816034
85907575
1647690806
602840895
1911733519
33001344
1518323492
29937581
1506746809
25960678
306025835
14685601
95515846
527942610
1698040651
759072138
42481335
1312031976
20532165
1908347100
18314655
1836353569
603259445
2149746194
134493729
2243101748
1012333531
127335922
318095262
2246910523
42643293
1344889171
701220270
495689772
480698970
568612380
1040158668
816346369
1439065356
1832357995
1924990206
988920554
19727949
23987229
511394403
272149557
2234447161
285377869
166881888
18366416
20641934
245404164
772601706
447641185
64885076
21829541
227520992
22256645
30023503
889732015
43044110
43464948
2222410430
191358955
30040001
284844556
200602506
42804538
518855264
2237196936
17819844
326740970
1072460791
319704694
393543830
2157917532
60768319
49703419
74009613
353449660
161349186
2213044430
1957908176
1518370573
15474429
44253057
40539779
349584256
25649727
22747180
1366183826
2194096788
429422528
186928622
145694447
41240039
20374397
1544366870
218810394
1514996870
27050257
21598071
25605938
22455351
207923746
37026323
25979882
115891629
602326074
189671070
375266631
29166305
375478760
1433762786
611490731
72741690
604575061
60577184
636565052
967771981
156652937
1697997589
84958806
77487226
455538387
332611170
171677430
275807741
59084143
17269930
287871808
60965716
89003506
187497899
38542060
37250933
39875898
738879780
191737201
1102702328
26917860
335655191
270175098
216339329
46452468
21133007
77292604
2213002512
165415430
271549733
312255657
197034645
158540709
2219956934
176551819
2220893282
2221985388
2201262213
446455232
518278391
881291527
485169792
80344038
332061887
18576552
533887078
652033
266218941
40141700
258387332
56927109
26936559
86542717
185273251
24008967
110798856
19505296
340613443
623040697
564289059
1188391616
209175304
125861246
63796828
501389799
417401983
489911528
1034890998
1131892920
2201969185
19679461
893467212
352689883
323513769
368047028
191051758
21541542
2198508061
1888091372
1942796352
106583014
143580032
50388200
1335035690
2213133092
1852788667
2212910286
95159119
1273181461
37874319
1255972363
414977617
415220739
1596414974
486166382
935865932
2193635256
2213011783
47730342
184140584
43818395
69109277
37836253
189660705
1450386817
75916180
34418203
7025662
560466551
50799914
86874025
584203036
108556034
1904905956
19281612
2206620228
1077848947
54716605
1957856670
143276520
54862365
170771170
48244546
26688808
15298012
106537731
2157748357
208890461
851574427
994031978
451099999
958648310
29749059
446638045
327115129
1115836694
412024113
47826775
15681489
22083210
38999250
34888586
23757899
28818684
21478126
25696494
109488638
59613225
27292949
27454855
14644482
23979696
16341780
65681358
19625768
16436231
26756597
24937415
18468313
190372051
1518137228
992185358
1621792964
716097519
2188318713
52966210
275776822
138444708
156716305
2188607047
35206212
862299199
1355740080
147530488
1679436426
48317535
755373559
73157576
127341931
268026641
1490954330
411088853
36735182
473381847
29463338
1616201689
272933735
314197319
285999948
2199933475
14839600
1465265088
1328106954
1875355844
35614698
1732614013
843779250
2198860776
558536993
1735434012
780573740
1529576624
312931707
155922659
1160371146
268136561
840087439
1176843163
283156082
2191467342
2186427133
36161045
512715338
944312048
2159129197
1209833743
1682410736
1684279170
2173618243
42079412
225626776
563198250
609659301
330683267
1118246424
451606768
2187477252
254875962
515855429
180598324
558218211
277319853
2191135730
155970845
169671788
235349220
340296500
131000433
22940219
355278638
150934095
460555371
65553867
1523654846
1649050520
1273294405
77929248
1629003120
33113797
19671129
1059194370
71297990
46252298
21655507
538964280
1337877626
1877299652
36595080
1927237915
1173948686
1864261154
1794351140
1205878741
2171592796
1920595020
114297941
207071266
2174460542
34863166
1056641790
623978176
221578820
432090205
1544067992
187612673
559737377
1187438095
234857987
708815158
502428554
1499315024
986111130
1263596125
1749290497
2149751972
28500947
376319079
2180022667
80410556
1371000127
92914680
18783694
2171226325
2173842989
68256147
26824208
28059356
496566544
307469610
952999398
269595739
518855309
240001935
276539177
975113312
1249845872
933040778
322950757
388029325
144616069
489097584
979761871
848242813
599607360
2175033115
1915188506
344751537
20698266
181722930
191999701
1354981489
1535583961
118145640
501048926
45186617
748502508
361887813
801636187
259689855
258226286
2178289352
34840131
252635429
915381560
1483592917
1613257266
90038558
152999347
391630466
212002916
936987690
420073618
347656889
465169068
713407287
213039691
1060735417
1320837948
531657548
923885563
104988263
527193284
1355473764
574160384
99776918
864287916
48504259
232710205
1076295817
21143470
1243869583
347408677
582744858
325128378
68871146
1370809710
431821312
65683150
20937209
607332700
625080123
101933612
375708030
753338172
417439945
929714118
720804444
124966118
265573040
528734072
528952870
427786531
952795562
546238150
152386021
136428435
1536440456
317874468
93511930
540912682
409294741
1378425314
896512092
832130527
40949188
133677241
1608571190
265121494
413407102
419184414
1426598892
1722581857
183397925
49036441
320043865
704235906
426343523
588503781
96819134
324657244
1535562648
471276623
1390133288
256104390
20480531
346829809
88227509
23575752
479420383
332638587
1465639405
15133767
23833575
20985527
14453652
613732886
2151598130
242090120
33309149
17174309
27118891
20611853
16186949
134544230
63196333
56348715
59781099
149655776
25806979
589265038
911738077
66667785
66995579
772700060
79600913
615110051
35730672
34743251
203873539
34369290
387271429
448235253
105627903
194110186
106117188
1337309192
242887563
155032002
1585494516
207997942
758380051
296345454
40273644
28248522
93337937
22550759
8943
392826438
39287155
83037808
123431252
1092775200
264257750
253197582
266554239
17848664
750858361
541061691
102595595
69414440
17903749
18519661
33445069
267600342
443897184
102293507
462616333
14094741
323634172
17394008
207183564
124335068
68577152
436292177
33068058
1959432931
32613163
24426175
329746058
322803070
373975061
54349000
321106518
24584777
256881576
48624947
87217238
256289516
24341373
102254970
246117703
28870231
18216186
32950792
76295535
575492930
30827796
790080344
296560902
267260388
825558378
29643620
22107117
183953992
634880271
51901087
17163109
22842717
1163467934
250456877
27042513
251496825
28928022
18631010
27768807
27379684
1574108118
68810491
740839296
425429618
32530088
233266490
191678703
131609541
533832747
42919260
27182916
72414281
94947821
768602442
243058577
24807616
492598570
243284052
39331282
36117822
73402979
175780493
15693962
189151324
312326409
434532232
509899459
140835335
7049172
303482824
98267679
138860140
125854580
375481345
281490289
1711575925
464393893
116898771
24160821
57405172
193983305
52992830
52144125
24642352
18494593
258989079
17503462
302421018
231684826
169529428
114035419
236289793
289076761
19739121
106809681
109058318
501252233
323285938
601604416
374209360
1681948892
601320686
44976377
374212227
1453128750
169291609
3032881
128472974
1343486720
8509042
339873203
88749392
19562228
945440959
129845242
588073719
588983351
18156832
20012204
1345577827
127404230
20391646
270563407
115980612
89389066
96846955
5577902
12101862
28370738
131102007
36269953
250019392
23169998
140511338
98976164
881253499
233389055
26004282
16453823
15941689
33094734
19247844
66646829
62411098
88373050
369779127
53882428
23617610
36903552
18210908
207319896
109065990
26418445
70476251
24926416
19154824
1061285904
53362047
20032153
456901717
28823463
872327839
31251832
19515424
704188446
24862378
28516164
587117116
26807793
20545055
532337017
112797188
21630687
6519522
54447925
589614651
496826045
23412923
607936326
38550286
39005679
75544059
20561124
22997662
213282389
64464006
183901929
29074786
22951847
237602903
22440435
57190161
50595242
98423770
139855438
15809249
91390383
723644760
114685387
34055391
20656956
434489501
261736364
733211275
17742251
619436801
22395525
241264057
67995848
54292278
24053690
20715541
28291139
32263472
44915281
32841258
56515551
23833738
114630060
74310312
84451338
41167372
24579796
38957399
21700623
408317397
469632105
126206511
76439134
18086145
479373967
20010272
33653358
111083690
545491663
21709013
70335336
38055617
359332435
20871337
21618697
179826454
543787810
477229748
48798085
189664027
22159909
208322393
21022845
198701353
19043902
42074707
48169084
210254309
29489103
21044312
59359907
389864562
60119455
28367132
300540758
21800358
20711964
18269449
138757405
380411025
4276531
14519643
346561931
31569621
250508612
44297542
19113590
22191023
25586190
67378628
32827526
29028652
17845898
25015069
154605881
27297785
33176413
348614125
211652337
394752004
25649161
14966677
361329817
71951580
387934816
23163514
36793825
346453980
29323857
47026260
18785448
254708161
19838739
187691247
56020593
160746086
16655089
117210766
144049990
234478763
30429621
254146840
215537170
22745133
114052770
81521297
56881489
23980334
17215031
53293561
26185500
18166656
211006876
104996880
163346466
89047865
21832849
184974260
14852367
100124774
226471442
136046504
22510695
20190726
21823478
124341745
107653894
308324663
24074892
25850521
23559108
253708670
266989611
30291232
80827537
31608864
5520952
22303355
82691206
25391907
259409950
78811527
54585801
87317993
120932474
14560698
162196112
307646493
27769438
26312086
29294837
39957800
190699162
310545285
151739057
98756929
30419534
305410825
15227740
55153742
69702775
125757868
46904536
25416400
43655652
26483820
18824972
177352107
214327458
31341662
258563914
68786791
70109671
135326644
34458571
134838474
273776804
23808478
22598591
276835937
19175732
85715894
26189817
50031586
33324791
22846736
21379656
26899015
25486339
78358896
18168636
31033691
26090783
17121755
112909007
258061950
18195374
72501348
36712112
45008506
33862424
135271922
19106389
251919058
22870112
28353045
14813320
20348613
47495351
21184891
14395538
41019124
27547214
20014300
24790862
39440824
15591374
108164812
20609518
80389208
62591681
19397785
15693493
19058681
21601034
17803467
73273614
85732915
28209292
23725949
215171428
24286351
138600717
20190509
29724393
14874125
69375654
163379277
27614991
29090787
11348282
28833331
19565670
39330733
29419612
16742005
98455280
182969698
19201923
216579297
145702070
18734884
32239966
195961875
201669027
51798029
31257468
17790497
76604602
15924127
43228296
25910057
24752699
130734452
32743783
17019152
28273570
57216275
20164036
55752358
15717686
20966896
23832022
24964967
21705931
19211694
15588657
23394691
17715336
32150354
18610936
23151437
32959253
25365536
27463738
23844324
17030050
27930140
22277796
31008934
22454207
45777637
93481274
133880286
60755681
126061523
118380026
101841986
51001801
65842382
53717630
116967832
57130576
50984727
36428566
55166956
98799001
26493362
58528137
100101137
42120907
20680234
87474789
39374640
35327590
65468720
50892247
51679215
50915369
