14677919
170539294
51768328
3063906639
568825492
403160783
4035145161
355857483
18424289
816653
30313925
972651
356521068
4970411
2097571
16715398
15862891
14173315
2467791
22179997
14075928
14511951
3108351
5392522
5988062
19000227
5402612
39367703
589003950
15670515
2803191
15749983
18994444
3391354317
14293310
1652541
51241574
15012486
759251
807095
15164565
28785486
742143
288308178
220145170
11791512
216776631
197962366
161424825
724223456
517211358
53520163
362795434
606702814
3318531424
1591794392
20091740
23827692
406046945
20106852
29863027
18732790
1055961270
35484537
457655737
13787402
15110431
19402238
1046661
15108702
6017542
487833518
300439364
32372834
23962323
1435461
15234407
15492359
11348282
811377
71710454
858896371
128179820
3288855033
383809789
452735292
2944352175
223972897
82750988
2414875662
2836421
428333
3084724307
143475011
2838263800
2351055422
24573049
44073590
1035253028
751761427
1488359784
249842692
22411875
1598644159
18164420
18665800
954590804
74873621
48093013
19822136
3004118054
283561332
2901282226
243896421
600374582
39366717
346818865
22686243
16543760
14757618
2438969153
1059164671
372416433
57849776
43045986
324914739
2593666621
322249550
2712083830
51979219
164447901
2899800455
2176790516
400362661
86216604
2469658668
344189904
363820112
1688686550
343035125
20875402
388591216
602525490
599772088
280321502
481574384
590154044
2955708711
33360722
133119403
1000585597
546872027
213117951
519108924
788207659
304760059
449296838
25568699
513761813
400014780
375342696
293741506
1454737122
1431506617
349964323
2977424488
511257288
1597111963
87081757
253801468
14342710
334679097
246371061
169804483
305130484
1271291976
43148685
317776986
183474660
65137748
435441781
2824654557
422423447
312267938
885799700
1180616766
532684760
291469282
30575202
515704947
314878890
75916180
18007213
24886570
18863815
142009582
601813540
67995848
29401116
194366728
21174888
16212952
45777849
19777890
34914032
190946220
28136539
2561943878
22611082
21641130
136505371
904188595
1951639321
18625669
18381396
2426155465
49636886
119875281
294636267
37093178
19341413
14841501
2209127882
14402113
399695036
17221819
2382386612
16905329
21787625
122396746
327715460
45788610
460755380
27476141
