3390076541
3407275006
22080916
302710529
4195386214
107379222
2785194610
202351426
228838614
1546823898
15916118
47285504
279238668
35003814
712897952
36484419
298734224
14677919
4156315816
240697291
99269006
373416209
220996661
397252640
136986438
137960931
402637778
2992967540
45715838
30313925
325830217
148872468
3041750133
2232996836
442245676
1883341152
1311356167
2698848186
317358371
18193878
144568070
2734102271
2356286514
2696170160
868694784
762897271
112819820
410900895
2543049116
1589638687
519688893
1413202082
435777178
1194444584
527768327
1226185070
1608266539
93482926
488782001
2281287843
3369204916
4053359364
11866582
85605181
1449438966
370685377
334021021
1872716233
3881061321
383238243
2865452674
3241905725
2724913569
20462606
857646602
2176755338
182412643
3040505593
1131871567
67935168
2389589195
813546198
37721487
852483272
3988243414
3859518555
3716104875
3803738434
2216385438
3918233555
247514189
310966489
251147326
2996866685
273399788
314591606
73438486
224659331
233564090
1541416387
568641861
288743909
408056575
1676702383
2906649131
714165044
402798809
548874256
161839751
1299560323
1408228248
2521019880
1435667822
38832187
1631265937
1531652898
2607729104
1375088102
3007608649
3108245104
39563493
189699584
23304929
115682368
196581839
4047126262
1156820016
1324982814
515722353
26528926
4069802313
364767115
182983338
405605548
4082638876
2936893948
637318580
1436644908
846293203
19333349
267310093
750036258
20058248
432797595
47973638
207397107
313469807
359325473
2412412604
327651250
771827341
178341426
253288757
33984174
21689221
300185104
1646222671
1871784589
637139085
3198328301
225864979
1264466270
418750955
2637147086
4017461849
2890823703
52755452
23189508
42501345
230900968
45406521
87452646
87165980
205104066
2583088803
615362629
593503298
87216669
87461109
90676132
636070322
618480795
81116792
716381916
298725145
61624933
1891806212
127520844
3783747153
196618084
14073022
117366399
95721440
255381995
2437859668
3079307777
158038382
3917707696
2804193223
487434979
36996853
539094773
1150517468
25998526
618946999
853131024
1941176510
29208389
203963170
185542091
1560323995
347710340
3863973927
372976438
603262392
3264431410
221152718
2600921433
103309339
42896638
18591983
413629385
377494751
2837241807
47421876
448713986
524235256
1669847275
513385369
2981291687
184199829
3329938144
713993413
425989199
2751289319
17758382
294231392
14711407
413448338
2214070558
18841928
167709941
155203891
2445423822
66183432
19833623
219396916
129851827
192229962
20647439
168158403
442351371
125399119
2523277369
227700499
3241654414
3812440637
1911334417
3084670643
629839254
42740869
1706816420
2223592103
2346605652
1687321508
28308062
2949483123
1572601236
2267993627
308981378
2916305152
3812223147
204832963
411766817
106118793
1876975832
33177712
7587032
17753033
162044153
3096567663
87118217
37880817
2729117813
155367616
3093274090
6450622
143415291
3043393279
734689412
71658760
33193075
3448380376
136817977
46614132
470572341
2496183216
319826657
301458959
193303801
472994730
36909693
20579296
20518172
270814342
20588962
304679484
34316513
111557626
193136927
127903007
100480169
185826799
307953995
240663429
286067895
412490976
208490036
336463177
280430548
561976148
448196764
1346797838
182446060
1035174642
75102181
77234984
283706081
3307929149
3261497513
285641584
18981645
19335378
14190551
21857173
175502262
16596200
344919989
14193779
14450739
149512909
184580121
103554348
108342952
3392584293
81314012
176362619
3247497561
17896113
1670330360
3655495097
347959437
584189927
307451121
2874447143
43305193
3175114971
3356971840
462417238
2687682439
136004952
21443029
25310210
325525582
2376483789
61264757
20930267
3322743345
253028281
202659016
235663642
20258648
213025328
1050006840
118983077
36364025
86439519
286145311
53743415
40735308
310960217
3336873131
22473844
133434802
507919973
2893267583
48570843
139110365
168726085
71348952
256491502
125099468
29555251
347134043
2882331822
3436802777
188366314
939091
225202144
3232131441
84515168
385484556
80023682
2865493959
739136215
1620765234
2601590160
178534787
18863815
2420941269
3374878643
216018613
2646550207
2479927568
3188173234
178812809
2557037323
2196538663
222129280
2433146013
3416111909
580115733
50594260
453076175
44088537
111313342
489814772
21475941
63244640
1598322511
57936608
1073380320
252794487
64671557
95043987
263680569
192015536
21872856
3131482570
2186755171
61873348
600061917
47667843
44128714
612494857
187179219
110450252
1291091208
132123068
428492654
15439770
8974582
93587181
602008999
8973092
297963887
538321783
2459705096
409137571
391304657
414850909
3535152796
363674544
2914029618
21138978
2677118002
188036336
206063942
184885524
383987144
26471066
33480727
435225922
3541900936
537186173
1593295976
2787451110
18007671
281571276
117777690
209176493
64437192
2219897472
394030725
206427677
702437350
1546836727
1031333868
1222074728
491820135
1022972707
281105141
376143648
714684373
19903360
330906573
259832466
113709491
407837161
3376510948
2836574367
62513246
745717993
568055108
3356935330
16887175
253231242
2458590966
538230835
968697698
20466746
3434117217
1458615972
1424804737
221350037
89407993
3049531778
27443383
89666251
87385463
2488429370
227373071
744771530
429016564
256180339
890085139
273557471
3042477100
285306211
478634251
608069196
378851883
1541487240
3039071885
2864875289
3073942783
3331887779
3091154922
1090111003
2988033940
3129505971
703254708
855305725
2168926770
2457765851
1409952565
20979176
712939011
473022068
2740752520
837853225
978562261
3397640428
2273621173
536123012
23309461
312795068
23676846
486888055
213396682
267401621
101806860
204036743
204938842
716504924
398279520
237047335
417251405
433692940
19569290
369583954
3152661220
2324246719
100188103
452100948
1479288476
8170292
622123
140508287
513657428
303832318
3139059792
962396989
26575238
19338359
499085871
515309487
989691990
42596258
3016766411
2360018203
208676826
49051111
204515224
252141052
140769516
3299555379
378722201
3380797721
149482213
275024798
20680271
35862271
36606297
1100561316
93431989
337967008
3164067365
605383502
40299503
3313793385
3366841181
1193433145
345811633
19318400
2968819911
1381336754
2855901537
3081013470
398896811
835352647
203668934
517671133
363724251
98399760
843112550
492999725
221201827
733617661
520437795
315440884
5960102
16779547
429222254
2725825164
218912345
702025644
421538461
3047149808
134196350
3291454617
3296901849
187579374
160165298
26839133
3342022336
245071106
176605090
1375320554
1673260248
21765319
740304457
2649018302
245717095
19833863
1930239816
3337388759
2534683621
3225309820
462312323
770220439
2933082598
124470248
2815613005
41851674
3032917641
48706026
143465341
297117042
717700074
159128009
164618445
2916242880
30090289
21339414
350889700
21357916
1620279042
193203293
3151281543
109720853
401488459
41123605
1900660837
371213640
75507528
2857546319
37263355
2468009286
2284573084
130478055
1305995330
23522710
86948875
19810056
2204878805
356162725
55218051
154485832
19818494
25521661
2726675603
2610373820
296623811
197365064
102953215
1433899416
425831141
2811640614
873365946
313385583
2593092392
20792012
3252889845
859337328
43984593
68837355
24573827
108957853
179707847
65322013
151387740
15170194
48035118
23927595
23442626
221436402
147999461
34891363
155292685
10933912
146831955
486696751
2789464834
40867286
180472033
29982501
221342241
229369775
18897841
252732586
136966433
2915446403
2778122224
509315152
423981386
21743906
61260065
334023867
120236641
721040183
271514811
578036485
773751954
291433665
528493000
862483279
320134516
10810102
1833919200
2502535524
187111762
2597561317
58199261
2268171158
51427676
2988450238
1260600427
2970430078
3298637776
298733401
303372733
1243943036
1303412388
393637870
1488083977
434388473
281067778
91334232
2853664889
15084853
2896407763
2155713409
2195334870
26291251
165859140
224399928
1227724117
282527533
103357357
703136515
19612883
51293759
233111001
130459117
151427075
128614814
61290495
17895820
21345670
16665742
111028116
2878934316
3184676037
26544049
293778335
30845903
3303808239
1545829082
39773949
45556011
2751700811
316464915
2870653293
196761506
347743018
122729202
21033856
19177603
186569856
165850467
154474160
32522100
157946116
3253625242
1966853138
21151419
15134277
1119041263
475826738
323973289
15311104
980882036
379476398
3169332602
123014384
2456500381
250701810
127831273
3020263031
3206768031
3084950848
2781347391
1014152726
168090600
171287153
149760844
460078574
776690113
2778353663
346600301
13496142
386791423
3092129199
202519434
460538823
83827310
46403451
63083335
94578515
61717225
151387046
46875124
2876381998
718463598
1480750813
25108484
15651878
1600657075
1198992138
416639101
268757436
2439759580
1319261762
419441513
322158349
3122470001
944742007
2811389644
979499306
363114670
2816707649
2863745334
14157134
102325442
56480050
41147782
19291952
167711000
2675494706
3147967007
2519296745
2396522010
1567004053
2887009967
143779403
153810216
328634628
33300246
277427279
221148349
19372266
185902515
28538412
2243701645
120210819
67616448
87416722
3049146771
331672974
629501859
2589872190
31359651
2956938706
510129705
2153702508
1220861120
215952307
44553457
109841324
551282873
2373522846
2517950658
87472191
254098258
219671831
749952350
213623352
21796893
1123103828
2356253348
130138925
846040998
312230865
612989451
53457639
2966785089
1636425205
30936801
19530134
258923616
2192933825
119841306
306599748
268208893
549313748
1396662199
16708655
21200516
24777241
62828020
245837611
78588073
59093008
121193566
622113
441911983
1410915954
1735842847
2980433301
598409194
19424427
123515574
621533
79173926
2826110924
3019599947
3030452571
93026102
463630045
701778079
353022662
19719076
25341070
193074585
2978345031
2313227480
2411004076
27369679
1096488703
86740435
160952087
2395495987
23654341
56978179
1875698120
17615353
65045121
1877858640
1665731966
2172697775
270569708
394581283
1691445204
20504013
3119324787
3050921104
2477377672
2597658092
418714476
19421280
18949349
32439211
191869175
2466318763
2276015697
398583103
1364081917
517438523
202173662
1465973166
932092338
129547718
273183543
7376892
107033273
87172612
821190636
1476934513
2786666684
175694937
2886687969
529970328
1413746005
3053705465
92020072
2618177567
3082424014
2870078111
20015311
1352415036
255903064
230025585
239885144
39283583
3066003765
88621782
2292488509
2323990957
1410687980
60884775
77446370
2586268818
270988438
268306626
83096130
225540924
1099429040
1328954190
19702854
113126125
3053228545
264167271
20106288
47392835
27226611
322272424
225438233
262602714
141884018
67849951
3025594814
107700376
843831660
3053968216
2954775922
36673147
49462736
1543669128
325651341
19925839
389378608
29205807
436716543
1592600790
349592956
321929473
624112946
2425231
60627917
2499432866
223939798
1027193677
60375526
71268240
117668291
95906698
1379790829
419681357
2431772863
1451083940
732656210
128876236
106095696
933096445
998389111
199026264
630924119
1617461347
1249896876
65744985
2180198975
202779500
2741892789
2976132771
495005651
2256768180
259427014
3029035232
270615239
1685809830
140955302
720587340
3025450914
2960853935
21193364
239098915
2974735797
495329436
2894390315
422552806
175969463
40949177
305694283
61598419
21642976
606589628
76719176
20053718
351104310
247523834
165699676
1343016720
105085224
2645713380
461827669
3015124095
1681870278
50596741
3012168706
21771530
19618620
317423290
2961042959
255552984
22037727
483095175
2787659155
31575683
946111502
1490133535
1516914829
1045108405
73904357
3008415441
187952617
17310934
103923824
2534809790
326980441
481456660
2268792421
76351820
2954736863
41788498
15968897
355597388
2303817116
15332636
2917469890
363839534
2472402870
153612070
245549712
1444523353
80044376
2737772386
156602721
257895805
317173156
19293731
2204466550
2827042431
2969634472
296529079
216142199
284970178
237388580
1673566920
212731308
60886384
2944084533
2983196549
2424906575
245888244
2933541287
2980072042
236340599
220819048
224478689
571964518
202096324
2322462325
239823316
25417905
11348282
186154646
208162021
537696321
776032729
801211538
2960062013
2946439798
33854220
2771142189
463993810
601774069
531638793
2445258532
39079092
24571916
297311795
331574795
83446226
872191892
1299769218
275150090
2938200941
45025729
250572229
150675722
62911770
150677438
244555790
586818129
19526608
27263304
14810827
219625363
185131825
406962628
384951307
2961037941
1280785537
2723713757
242021905
2352996650
2440542793
632914972
2180995574
465973
243630696
2950884939
2440155756
1188174464
167704836
236980532
1186911060
38148795
1072144338
625661926
1335174385
370821260
2754893214
492991594
236063593
586671909
80329790
242028441
856991298
331153289
806641464
2330698603
2938852835
229062091
631674699
14387275
56452684
286148895
27870004
337886919
1115148079
304185486
2351626303
866504532
2874591965
435800771
48052513
2281819215
2808663432
854784456
247608396
145592722
175536901
2369869173
79312312
331204870
332878986
237912269
2547914707
211119735
1533810817
351210442
18725026
135095308
548565515
2296276475
242420170
264254426
51036553
625839820
2752643795
895817023
2318705855
704995191
2695181460
29458651
721264352
143786993
152263225
2707527638
2822687099
182895195
2873811567
251792619
450014401
214204613
26850858
203010865
296319355
500190099
2716086881
253736164
1735690945
130918844
246291897
236063822
316513146
171109572
276160248
119384544
16381558
1071187622
234128589
2799960092
19317261
33496261
262733691
1030711922
1428498146
77417989
22628924
284240734
544679772
1644035778
330383580
774319321
2210057350
2496121464
2797746938
2853191049
1878321696
543878073
245778725
266198912
338299807
2674054092
636983479
1039311062
46760864
2863635099
2737611066
16612229
2525590452
440970399
2734087417
483739639
1017847266
245792239
19939104
205462250
26507585
123309454
54841850
347909288
40837929
2874435814
623776181
515898092
1209423386
2497506213
216023166
136232151
2866910331
595428285
21696073
202198679
20699709
14569869
47583917
81868984
2281286143
1524582992
831763386
2732093584
22246665
458926800
1314177962
1915431727
2867328292
134608396
38201243
216264820
89544165
20599792
39234824
585863835
52360480
76652726
1692076490
20587191
1583261034
2657289133
349075382
38491852
178069140
2384975443
213997399
84125491
250090860
1446744547
265322366
1030535310
1856844787
1948294874
2711481336
38162820
2546507294
719882079
148307910
601410672
2273460606
247959066
515834883
1296022111
20671565
2242884936
2212841870
2164654172
235634188
48515966
118519401
742143
286089899
191562580
2778947589
301523650
208058457
1542533869
2541397107
1477813435
16973333
14475268
630319152
2759200481
27444295
2646889186
347759070
220411708
92613196
2379504500
168241619
185395458
280411147
356131882
1346410513
586861605
2801932111
41692369
63163290
22260085
2771698391
1665564216
22622572
135961865
44327282
33574824
2529514094
1080163818
188301015
18974089
21866939
77715015
270459817
236164830
58432995
199009284
136288132
2372185951
174737172
2325544825
19613452
19394186
17336372
29317447
44620271
20585993
1348788000
135613430
91350206
1110218791
260444542
200818089
34425662
32367361
20464600
212232149
2231740010
363282087
267962727
98983609
7076492
15439395
318023092
42694642
20543416
184724017
125133349
17062358
134608278
2373678726
18991263
118195960
258013579
2589846169
21146818
153486432
228746920
214479231
19341887
19477583
22174295
837341774
570338484
399046208
1071131136
1059766008
370652525
134018137
219340384
2342082705
467909116
2509119516
1683720572
214656189
17169320
292586251
16154755
342963701
605142718
22211318
243687979
166767883
461922813
50374439
378630498
276442281
1324366302
714615385
2587872485
1432977446
299780743
1498194906
1042982929
2637638565
50119389
23344821
219783334
494266498
425269475
46257156
38056311
58492850
2569528840
395261800
360630556
516570415
410558978
15484198
2451102110
2506247951
2270890616
2366254189
707077012
49793148
128216887
880430796
56766111
306892057
854746633
1148718895
312142914
484228761
2515297700
2602111596
1435480466
23083404
505915529
1189280744
1608224646
420237469
2691000131
1375068084
320730589
1610543942
2290170218
1611697122
1061491550
768390458
459202549
227383197
569858803
71252317
578082910
287591071
15529670
14291684
2676074207
27196940
1687080828
1225530560
1595906029
20479813
284628538
252183192
23825317
128203234
585793881
111323990
20065463
276554975
1537459760
1183194373
1030306818
1107326988
1601679247
2450733893
55288284
617366502
77445818
60932186
251690031
99260362
1068121346
2365822539
2585396407
131266706
23595091
245320407
209626339
478739429
212560938
10243642
36644059
231745426
82950454
202567757
72812995
19588385
385780678
2498045811
1249836458
191427343
225875316
800434033
550976646
217536107
2226030207
123087976
501825960
232927051
2525206496
1663170830
1659333642
601884773
489259751
1220855197
745920032
582965704
21569675
19837893
22607674
234719575
82634993
2548714770
144112800
56453799
252632061
471436748
143875496
330461609
20679650
34889027
17730840
429845318
1948901167
299530170
2478067663
592946538
2415178633
16839347
1151478704
17387495
194542337
151389555
76281499
1563906036
94166168
1916815644
101798589
1345393938
106038987
82312386
118816141
1433410734
16902662
137811467
489229249
1209336942
2186996695
217381085
57085805
584247040
1340370301
22693253
248957749
335841301
89050830
420318016
572093674
185765234
2147788904
231465383
2461904124
110365072
467848760
2435209886
182435100
190700377
215038792
2433614207
27124284
19780648
22602800
28978705
610379741
142771637
553770384
1966554482
1311139016
243755060
2228621604
2305779634
1721834046
113447429
382866449
47363263
22128494
736875894
18339648
202767933
19493090
213745334
246868803
417893390
724583718
35342611
425793028
70685388
216299334
2306842808
120720108
61781260
2331954158
1482603864
149296785
108597502
108884683
39192220
118739566
17896311
19999637
80258188
63691776
15253147
17336417
196235064
798277
72235760
30344445
1746976242
41081063
21599612
588645381
26759984
235168857
309880851
280434677
525718207
631041265
90430970
114554280
2332067006
404441389
19545200
2270807851
46343990
113406819
200577551
43328022
2341579427
19977949
263042148
280452543
413961753
434979581
350787218
589931510
20691476
224690390
1478400906
279513123
24508566
262554334
2188922724
36949497
22541236
73458875
20095720
106106241
43383705
220885006
2198470708
490039192
48661315
239723203
768341436
20204789
26569763
286069557
618195530
47945492
173998644
32916289
105486615
151379665
339769758
237933359
330262748
469301340
580967619
587402932
985703965
2176781462
169050333
295611036
353630822
83431715
1691496146
1947315842
125148375
473780212
1018305644
1134399042
289276252
1249558603
999412206
842026950
137648408
246986903
133236916
287816729
30953092
415058667
296750174
136668622
2221897504
612473
317823068
43883714
20481697
209532939
25499944
789162432
537887738
70992183
412263489
22542476
5988062
1573649600
92728338
243662948
20201726
1372532167
1325226716
36337670
943542662
1004101656
2279035289
20522881
145538207
565533411
1558774417
163631237
87454037
395516524
33055377
62551628
179173379
142315483
1731447822
3141101
38592915
21199372
87410476
18051149
342964940
148008516
147376059
500704345
1189889046
268400722
415155312
69304159
173195708
172030749
1384636117
64017213
29716398
114755833
197370475
271106411
92548956
94534625
188039706
175420754
36014276
28706024
338332423
362691687
21006085
243405235
155642429
1639892335
16085557
19110632
29470720
16365636
15066760
19230601
183387449
627491854
185344587
296483835
298168543
225418717
160926944
105096397
41329637
42274437
89700550
602576462
20632700
126881128
263907004
6096262
310250796
233533968
208528259
20687723
262212290
20640690
52939250
101858534
281596806
20928238
22010306
410685767
117090508
37896651
82050459
68778529
555527251
538031518
503681629
85452649
1376967492
24907913
78874095
16912160
20196266
1271699252
1876242031
198478125
20438255
1252106088
321426037
864251336
241077164
76779724
15814642
19918112
214153705
425938818
33018114
365953260
991417442
847123669
269930499
180463340
29739553
81556396
34238944
57321879
131227609
16824146
441854978
253142541
44399117
1911132420
67725191
636653839
111252903
344266660
8974532
214090901
158489580
348554345
1395498630
92727851
42980449
245786811
200057071
223165982
18060630
169288081
548549065
606204601
511693811
564726011
36943804
99960420
471287735
84624330
1879392792
49679710
925980672
188421312
22468653
293236610
760546868
614342648
247824957
514815054
125370749
16182210
1690953998
78637132
182807339
152696429
331671838
28607570
8973062
18764841
7589572
1267563224
29801903
310543072
167005214
15203904
237281470
265653022
46345843
334565594
19982092
113749355
26743580
19583545
113613920
300565765
67995848
18847632
143198015
19661294
87818409
24447643
44874400
527526077
1275701432
108568373
1582853809
19562228
265902729
143082364
1424167297
1086485478
626372660
68958911
278175819
155881800
90221278
66703046
5402612
813286
17020962
20508222
