1677283748
310463188
6446742
18948541
87818409
428333
807095
14677919
21111883
268414482
27457788
41229669
44874400
65992743
109285030
215952307
17020962
100480169
185826799
20579296
22128494
210208506
14230524
19228642
15253147
25365536
21447363
64031302
74402956
75846744
25133383
14583400
30867009
27109019
23617610
32959253
29611918
44101412
16998020
24737621
18676177
19986985
33018114
39871001
7376892
18887526
21356261
25726723
24291858
24929621
2883841
23396761
34097876
23148645
20019468
27778893
29840295
26885308
16264006
19397785
19554706
30271564
16409683
15846407
24447643
21242412
28877966
34885282
10810102
813286
19588653
18215199
15811749
18200194
17753033
19562228
15439395
14732121
19058681
19861580
18214226
