14677919
22519313
17881732
161425541
419839363
3054678495
22792833
15118521
6868612
1056838028
15662622
14260960
2655806933
240102267
9020172
14282793
86598888
96111570
3225489248
3114476074
13033742
179160660
374155718
18742884
18496432
572225652
17294128
49698442
3327848812
61018796
45496942
340907874
89318473
21327211
150664007
913207747
17950990
17178315
1862870966
17445959
2870763689
4136381
377172094
7249172
2142111
2314714832
402025521
163995642
31087411
716869094
365816913
2237968202
1447436395
3023147549
15705680
308814745
524561832
34855249
16633151
6141372
17432169
2698564538
89318389
17116749
2241439544
15675252
995191
1279756028
9973032
30923
2459609448
6086662
14486659
2706768170
93428043
1599870367
1409396179
429581538
2341657788
993953312
1063291
1730055241
8724262
256058699
43858022
14151310
395367768
2600452735
23408772
816841
46156776
18963545
8727332
802490035
32329084
764365
1950414145
15409828
255864200
1604292132
20271868
63032799
92828746
2462035117
22777215
14182635
19835998
10658042
16318551
2680139162
21312817
8180052
197167341
15212955
18627588
13831932
6140482
19351055
2396891
17851599
221530000
40587957
2380961067
16811920
695523
240694207
321721114
1676619379
96149546
5475432
2418006318
117590354
1526228120
1884529722
20319584
18918864
139669269
466012603
25399841
60033
545363950
106682853
30741154
2182141
27761959
933206185
27217050
890239188
573918122
27174184
7535362
270901752
194357577
1900720267
204832963
3037851
19597466
2435158807
646533
19116612
211721484
12986052
2347049341
17636894
12517542
2321445702
612009655
17444309
465068802
8561322
27200839
1340748798
2228407921
14761201
54357015
289087494
15592960
50280181
361879380
36490075
202886242
309801380
28710980
202687860
22297070
2176790760
776098190
867503322
1402111
516099870
113713261
1184647243
11331082
256093789
73685999
18638800
1321795316
13634122
284101260
197208081
648873
5502392
28033953
14839862
17901515
137780739
14105473
349737789
48188274
15029031
21155214
517021184
16026475
29255141
14280313
16686625
20467157
64014392
17667997
16927402
408210269
34457266
19010715
228138925
18536734
584984295
18745824
11322372
1143617568
420744410
815246
1182651168
15999465
22413809
14477161
29703485
15777123
1127991336
624206472
385569772
860316361
14749606
19367653
27035386
409263701
202571491
256360634
14120215
2353
14204449
773009000
24765829
14805765
1066793484
19708618
238299688
35786855
275686563
13811562
284933
29015597
34163
237918766
1013675209
995154116
786753162
638323
5871202
14601788
20607165
15669817
13212522
135201019
13889622
14561327
54205414
159394189
935234383
13612732
11855482
61133
16579310
134876648
853592048
15485441
14622570
637143
43308904
18865450
1051521
10965912
58802066
180696949
16451802
116541146
17480397
610648816
12
285019665
15736190
238314632
56505125
213767432
18818068
793830
17272091
10382082
59870751
14412930
391093101
8786592
365808049
306632733
18900952
564493814
23367786
10050002
11879022
76997832
233670739
21327057
178246193
119883130
724186104
18971006
87277759
543062941
4519121
4833
14351575
190391530
418597196
322621629
17151314
41468683
15056788
10224132
285271920
18890943
348664405
17648193
481598648
18068750
26269523
15772856
156146058
188336988
39680213
35834001
37350044
22462346
17901930
195612615
18488142
12534
15193531
14912040
75070612
236203543
417656649
23678132
39578842
322933840
19279990
301104264
474116891
17798700
14580438
310357887
124521621
14843763
472614540
158865339
20749759
19738648
16266648
42614508
16301968
136072207
40254832
8415132
236056765
253774948
7977742
119894843
31472914
16501771
16268886
235250467
17291009
7007952
244651490
55547379
41553
204136676
18738779
105944983
140559370
22595331
32321479
17377540
69402135
142391665
20793816
16669898
2142731
18177126
16662478
1056611
19658826
11758542
27272199
14515242
36247989
25424024
10671602
23645048
132289355
14734899
141583019
36234659
49229136
19371382
14229421
177460310
9313022
23712570
17212379
1344951
25704062
15051211
43959878
14560565
2384071
15522399
17289530
21955058
