88621782
3297508715
3039981586
2766768008
2421550119
3312450120
2866916845
2258322408
315512503
310302842
2708033720
2293490420
261158248
2970855054
3193468630
291668622
24764773
554000916
482457738
2202380756
17941752
3010841003
624036196
3008620010
14677919
2935453127
49794620
3023505058
3043688018
159235599
4138211777
705395447
373663122
521743953
349704256
2315654938
2444055547
65877129
2176882421
3054069084
376480722
2754828961
2659850515
3381224818
3054231836
2540852360
2739660739
4182126733
3901995148
2828568811
121270039
4100234357
2910219167
3192686610
3175021614
2392947909
2915641545
2896625957
952352449
7706132
2580043901
157257876
2920310998
2803335229
3613374622
2172209722
2778592582
2739223329
1226870736
3132606864
613148560
3528091394
2199200424
2775804053
2995607267
2195005681
3895967301
2150200928
2870376958
2486841155
3124219493
2810103041
3122235407
3100465025
2973202383
2497586063
2369293111
278162808
2269268087
2715582701
592179571
2742802725
3051492517
2335954407
2751530009
3397582773
2693417498
103547155
2870395647
2853425866
2969092955
47986965
2416161528
1458549559
3091698525
3336698031
3311194702
2920048708
3244646871
909739124
127183517
3214736175
2356632402
3225920624
3808236615
3160084352
3171471367
2327333827
3018623575
3293794476
3312492598
321345004
1161376298
3278362501
539863097
2561394523
2327807249
879589964
3410692023
3787482259
3792290725
16951627
155938904
3748597393
872139740
2235246676
3092573219
2398206650
23357735
18151649
40002655
2300550079
2593097760
2302366554
476642851
1467871814
2908740359
3408941919
2510446500
3118660265
2944199913
64643056
3044226066
2208984262
2160288413
2451211718
4030262104
1573560576
819181700
2303477106
740954192
2572844671
3233236457
1054776774
2607228229
2937210829
3395174717
3161207813
765025706
177845464
1605744104
746950860
2415729313
2698185847
143377881
4072778776
2385538538
2429337578
2914028836
719923333
2366141653
1471978237
1971117668
76603468
2248894694
2850977643
1534459273
2312073032
2759081185
2199397759
2709701876
1645239654
580216540
840190298
2565565917
30664207
28657802
1261946486
486381561
75742264
3044595825
3316526269
326665662
2732507882
3626356876
401775393
703249305
2613143381
169333561
2291428702
272175633
1639144656
250235606
2430564295
941680770
1962422936
211542377
145808696
632765615
2206271009
730735664
3609283212
422502307
263257931
3606050789
914085264
74500266
1056892657
1081341223
2480696912
260257006
3192695580
3417418215
1444000188
2191979424
1426037424
1243996297
3270775597
8447992
3796378715
3906291564
36958530
3898283655
249450659
3394686179
2836471440
3215753568
1883133366
111285228
21407116
3352911651
14906561
2657032887
1679927659
1570400780
2784160830
884762239
2553329144
2879115228
67762293
423480265
584748574
1729925556
938803316
1117380126
20764670
401819619
283224425
1701482360
15674461
1379901716
103956869
189849163
318113535
2335790268
960365744
927312697
2270300396
2567781402
65525881
47797211
42936819
134144946
3630785683
187932917
62518301
475292738
2984417266
85839993
15066760
173992307
3195772062
28116276
21024997
36184220
54377889
40297195
17471979
105358412
20802277
117662694
21850078
23179472
191750596
15260541
23016730
122771275
3073367427
293609835
3249439700
2208544603
47559801
3367151327
117917108
15216137
51573840
57495210
3280414987
19582310
2394332928
23469188
57037826
138344602
51404422
87374085
2409647762
2252272040
164553682
1583271708
392133479
24239209
20226464
1443922538
1673199830
247697949
274009682
927809227
83851668
16401294
16295907
60037975
24343077
78727719
2250070003
11879022
2544519841
12061912
173828549
12607582
21637917
85768662
2167109687
162821194
248212539
419565557
31066932
106760219
38129165
90918062
621297333
812185596
10059852
31197195
2136531
23185060
18994003
14116807
76381252
568399773
583208861
64076727
51022558
16076032
20479813
414935830
75589155
43375368
178826009
180243177
176594953
92885125
6000682
20431922
147093
