142696824
77056827
1339835893
73190286
14677919
807095
1024691
138780168
277775143
207985340
35773039
2303751216
3024835865
991748263
2452452098
2851146208
44224610
116086765
1616213748
25073877
22826877
18139026
27692165
3030752886
37989814
15970820
1268176351
2555544679
17912982
16228479
15109516
237845487
313091751
46775436
225634187
110189578
954679238
2895265716
2840766165
78333823
15187542
18765061
16336228
108318062
245916794
16393822
1005642696
74885699
3570491
3343061
18393773
546196833
227045443
2815674576
52078696
1707505897
19955777
891427999
980046830
567323936
2696302806
15091614
6688542
917633184
100572292
1310248862
76322882
64693923
61518146
223880738
16471432
138267115
1673147462
126906429
2459771455
95023423
16906137
285658645
460544873
208380906
2717694091
16045268
2332800709
2549047974
624500661
1643302016
895825380
90755137
1048472533
2645602164
875850866
16788948
2391067616
22553032
24931569
89310396
23128654
41164651
16339870
364616113
2677518722
14283618
1582853809
1598644159
17411077
55607413
1979140592
15092914
101802390
10443712
347931506
16936674
67631863
29984787
17600533
1891806212
17366486
14199378
40946856
243021411
33429636
351812447
13657922
184624557
15225275
18462157
46186400
1093090866
73200694
631980118
15727642
96242829
488751763
61675911
66892168
2375666539
31513907
23559952
761926628
562189099
232137075
2338027832
480063521
466649863
1377573920
21279256
14592723
15566901
14709355
21324258
13784642
14360757
1434251
19673075
18955776
197052535
285646923
22265019
568825492
52451698
13447862
595654482
766560
823621
291443072
174459760
32468665
1451996934
1486254757
20177010
1713161828
45579491
43373931
362329282
14062180
62224047
16817883
149180925
12133382
21799699
870580134
15220473
41429779
1437267764
14717311
25399731
80096621
802939002
332638587
84663891
138737516
405056781
1041346340
361879380
11348282
15143478
294227087
408902268
38522371
1330457336
601417525
397507908
18724720
19781646
151997291
34652055
15021345
71570040
53214968
1917731
330101036
542201905
7212562
946439096
469620370
284531752
145709147
429959545
106474749
726837926
370709139
39504519
175608345
15922214
1213709690
20065936
78950558
83883736
19725644
37710752
23503181
15164565
293850289
14353392
27091468
19816859
16220088
17596014
17544803
15898172
15169290
43219757
174886694
17867412
122765125
99907030
989928817
126002546
204832963
265440790
14738561
95713333
21499292
16303106
15846407
20015311
7152572
415117357
47611549
19601117
20609518
158414847
4519121
19697415
14438417
12413032
19800884
26565946
16129920
18980276
84249568
33276161
29516133
15224867
266390076
374316418
14345566
14094741
14075928
23544596
6173842
15693493
267981184
15785459
40553282
16187637
140286364
15492359
15723551
14726590
91409907
366180006
18743154
16024850
26251805
23331384
70461550
18693887
31151388
28256522
43222293
28028151
34502444
23939992
5741722
22554823
15905103
5392522
10615232
20987795
22228951
16463062
16535610
