28155981
258719649
14677919
45564482
65647594
1451773004
21439144
221774591
23511303
3404529983
21249332
90913665
27725199
49573859
305832508
87284779
20630627
1565090414
2368097775
19458230
568546778
834281252
53153263
157140968
236699098
767703192
49578907
2610480498
44212434
33093630
39511053
29044572
2907546009
1345702333
25399731
1023096199
963558768
180463340
21915474
813286
36777272
312171103
25365536
413487212
250205792
40548107
19405774
921840852
343278714
555125207
1857070171
2565515050
209004862
2682717261
429873157
392872181
1260905545
2752084163
278090672
1720006566
116247491
1546823898
87809737
111726649
35803747
1371909595
718684506
584062918
555007062
715124802
195027753
130639510
1048550886
1525378200
1475232643
441854978
399632173
1101469316
390339217
321517519
826916654
91195642
160817572
20241784
14230524
44749997
26090319
235399146
228881745
229530327
224395578
216652881
