91000846
2326486512
1564520736
85592017
17093617
23015888
543499578
251768864
294060754
23605863
294057069
412222023
3387917987
186174285
150438189
138428800
100897820
44079463
1370790769
80404730
2499894584
160277147
91464854
152791576
1083747960
2291816516
532597701
1938397153
433398330
1350870168
300848216
471342134
965658343
228435085
80939250
1208460486
153614703
13642642
317370343
1393514648
23375688
27260086
23617610
123352633
157140968
169686021
21447363
242753366
2147634944
918133458
16250198
519980070
1497148748
1547019464
16957295
282667159
1554180673
499914316
574002346
217516641
2490391786
1226171508
248915287
607471945
1485438206
3118385637
297642593
891760921
1077142358
14677919
14511951
254590305
2336977348
14075928
110162597
270708767
588453061
53915013
223574380
54920072
2253796208
1195018866
293939227
406332576
1447550575
41466484
398042307
858576727
76953792
15695651
102796832
888518587
139610350
811825302
128085913
1223244547
1686139915
547049036
328068642
2943780246
4059039357
3071131380
60420535
423071701
75040646
958162166
85209040
2721952390
36389378
20414273
48363454
44423335
475430157
3311903920
2577811
19691732
749909598
2342386610
401143049
14559184
161870487
80374332
154699499
207507805
26430263
25318266
79320096
20225770
11460882
42558448
1178011
73260722
128313714
862430010
22704001
222259910
462534698
80103369
2915886851
24898146
139022852
65733755
84884489
48516633
450933667
398140094
711365120
14102704
36336305
16262688
60395840
67132107
58816328
376874694
164122774
36980342
128263500
202246898
27538577
33569515
22156181
204447380
22558898
25622915
93759830
3101975076
54092452
17008726
17308891
22406410
148496087
25170188
17796018
2504935760
73206956
18291469
15844212
126146818
14353392
1488034860
15846527
30855079
54991635
292952607
1686691928
46006331
21915666
17219499
321470129
1963305672
38214583
33602210
26234771
36368704
27061433
20330670
345587727
18808456
170372749
545196172
592827884
954104671
26287539
115949268
17948018
477996469
267851438
389263882
20473435
33597593
450979062
25996428
581320884
59347191
186914702
400070724
2152042440
30274225
1295170897
26907919
334673163
1898866754
18429158
21924625
87551833
344963798
2424485059
2339388829
66459405
2227637136
742866284
2326132555
14704019
521487188
15741613
50863409
374673680
327601288
22774763
739178269
2379036696
2337295879
765591552
2407410127
239245556
942452816
467799683
322878159
183045270
1247568794
232260416
1849681435
327461706
16782418
71882984
2433605376
2366057071
2243257201
384945119
51303555
305737609
225524129
32132752
29960561
30041648
593041556
32496345
73924833
46219487
460169893
2492816153
2447343404
182579458
43171554
17478993
1208861689
2471464666
1898207226
592017046
338409307
378910525
1266085759
871941558
221744633
284342311
2460647430
117527603
235828125
757601858
407292213
2515820092
237766724
119984595
2545959813
2492986094
2178235849
37722131
702224168
2491941152
533447543
2509112934
1702831903
26765785
448227786
33224706
99011830
95335308
430770745
2363184254
561501709
114493315
259412364
324077408
2283841735
2546911856
434707315
211248568
467973834
2555629464
2211137768
2352288014
1944716396
18744796
260795399
20451246
316797365
2635984097
2483235902
2541887984
2557645122
31142682
21209629
455762405
221490546
728325320
93330440
15565033
208209299
82689770
20599951
22384882
452420985
38692072
372055494
47805969
384030775
243148617
75173661
1236479616
2334516895
2459360457
2699611092
185297787
273439444
107137980
1259646690
212460795
118182650
2730117212
1880237430
1735900225
1611407905
2401765423
234546059
2259620318
2726797826
2651939233
1158339836
21710043
2587857504
485256809
63762328
2815419150
19023195
169600814
1077731454
569116372
2493177229
722476862
26305998
303725194
2223366680
963727008
2832557448
2369479087
42332079
238716661
2796132760
36555248
750402660
357336093
32764212
542200979
24177851
280519467
862373988
241958038
438332169
2864490852
416027426
222115202
2860777343
34113357
2227794766
2360920921
2497611218
67554922
2895059483
15581139
15954031
285687664
34448757
485845894
2910052227
18996426
1526262397
204882190
20966017
2880270514
418060513
2826486302
2294679476
80162956
2273160587
2289746317
346302193
626612723
173305663
2360155921
461769012
71956955
2869308442
2952498521
243786994
242576486
14313816
2157352833
2968665807
276644143
423698787
329157641
2575303304
44804745
500783900
2792125719
2869536492
2830723671
771645204
2850481535
2884327748
1086789770
2869374567
135613974
61324307
25305267
3025927433
64496398
115249026
2326627999
483264195
2996233847
3058487313
3064087977
20672630
288417239
3075465093
1321396106
1117824553
1308207624
472172057
1460171893
330419829
3080849759
3100301031
3054112857
3045001943
2596429424
946193617
110302287
36973273
43904904
31513120
542130190
544248709
20791755
17196781
1120113482
1133021671
2365900435
1230642774
64759598
262996371
322174025
2642269611
3064481632
571178877
3224677690
98398264
3194923247
151732097
2542034664
454417244
2994672214
19082957
121623717
2686353036
564989787
260238093
3201132604
428518091
378068193
24190221
2798332734
1355848640
525690401
20954035
109253093
330300237
1942413402
3336799337
41514775
3350679621
28466977
14936174
19512565
549300014
1604940914
389848272
580703951
3290188968
91583043
45579175
283183389
373679949
369075673
16787170
61809848
2845409873
3307282661
3029137091
27296030
282186865
1708446830
3002892696
2372316120
3328053585
3530907016
3045299461
2804153090
3432934084
173212183
16423392
18005327
2911237078
3146949973
278646938
3433235572
166032675
268362946
122183179
17136778
1692720613
3149278917
3617137516
3125645704
95503313
198586115
3167686196
1411282591
3255007290
3502970173
262763081
4075802165
543078139
3190341170
1649222942
4068896722
233412289
3494947215
3295434614
4029781949
2771137157
3205923532
2817700675
4055445383
723490698
3295393009
2649494173
44407479
440596917
2192099668
3830409678
4093851148
3953090112
3178478676
348252882
4088231119
2973569168
3311774287
67140324
1523665849
43570256
17047975
703225627
607205960
122661822
3314493147
94154679
3406882399
2807519564
1070104604
3617447184
3590013372
3293083333
3835149793
45988300
1692805160
1596821780
834938282
3828855978
3242184021
3072080833
2875225673
2983032459
1723822800
3622033035
4029532300
4150041614
55586264
2988241219
529350902
920961072
267838617
492849880
21111883
34507480
26565946
90420314
268414482
371230659
971295846
54547328
95220368
2732113735
435578907
1161130980
274258645
1025165521
1613250128
1511149212
3148910159
19340151
87831995
401233176
273417431
202254727
1965112796
9917652
18057459
12006352
21484072
2962964368
2296544839
69735287
3347028123
2601966858
1855541533
448054566
104184352
19360695
2369452657
34654972
19070382
2790240870
93644434
394875638
239052322
219809130
3290707144
27091468
2213128201
978851197
1398685472
3028634729
183477012
187986575
74148555
89587925
80177132
21715378
935295133
14996251
20776837
129356386
24840770
426029765
80132498
411006419
282554062
358361971
14234887
169330263
15779428
110162883
66404201
199749954
87925664
2864368888
227405402
381371164
43377546
2829736925
3584123848
1117957238
1039980984
2833631352
3653553497
2321240208
255544625
1292362992
2918015942
358003567
1601081580
792626372
1373368608
496518061
498292566
1433053748
19718687
543088386
2440252190
865919816
1130356441
30973
32959253
236699098
14920785
10228272
95023423
759251
16303106
27886437
79293791
38127255
20322929
142267670
3420626493
24966423
19028953
17915334
116362700
255388236
17799205
25365536
18785654
78685721
416814339
2813832062
201467410
84353161
265062844
27195114
14807337
27990508
19519252
14787713
401689496
180420752
1394399438
1543651968
122529395
16626155
70063009
100102997
56211089
285311939
35556230
106027152
2382519000
334399614
2511210643
21722952
41400802
238271898
138799532
2249732509
43360417
25416501
376260477
96207431
345613232
275257910
14996466
2979366983
102096769
1278478874
280287372
158727050
26632523
316108605
42884398
71431949
2385798474
586682850
26864446
40935656
389871047
1497068881
202267830
166718532
428333
14689197
459602372
23151437
21445545
23434446
234782444
53295087
25521487
2557521
55615436
556345017
122467925
19664647
21291593
16149114
24186861
32140200
146401381
236567992
15468275
28418204
37941284
29511514
770352762
65402526
1263927278
3504488847
24885558
66330326
15897147
3084541407
20780902
111628028
1112604732
21753919
3609688996
444378105
87205530
1861051
29319317
61590297
1948946276
21687138
221438702
2156029915
3497646503
15091978
270386477
15291641
27830610
3015271772
16436551
493446293
235217149
18129528
513977728
192996357
2337936405
197177555
921759169
34781488
86328927
21769127
28350430
20710809
24626969
15131310
33656292
834316544
88367755
86314079
238275015
15856129
2394589471
17919972
72740377
20567939
813286
180503626
36445142
26257166
73491087
202790178
16083576
18391051
52293877
627419447
16358930
345607016
3131168127
729335064
227376364
16201775
15846407
19618527
704411168
3238734957
214990913
177764812
975083947
15755669
2853329925
400172670
185325512
322846547
559988495
794708714
580171735
2861629134
7521832
1112235212
3293194255
519287000
17697220
2699092074
353517361
633329469
111175972
15505367
706225854
29491308
211938976
2559465709
396152877
17146677
755163170
215034021
35463646
18450950
15922599
148476464
849646584
118948695
384503911
611823842
13567782
15467725
528547106
16423150
28636739
36174634
24156901
23818429
143816465
16753151
437648463
64201992
176212873
26833440
555214575
14678419
14779526
133072646
46226579
768591908
18082946
233357737
15675318
1254735782
3000477503
411064564
84600772
16555803
90445665
335977878
487258373
2914744012
80318546
17312175
730637336
15130813
1372743643
33692990
241141897
2338758174
1732657046
19611233
35289448
1289456012
13411472
133024397
60983046
16721886
19805042
147845476
20785093
18999989
155573611
46136236
24126361
106529788
2984523144
286367215
15635413
13527672
30950136
128572389
16035216
1775731
2171616305
322036995
16376711
486924035
14522828
2384096556
34323617
374266530
191121862
43418167
69625014
15485441
986622529
16741354
494530602
15673837
16530573
14208611
27696993
22068282
18228075
20486228
27626005
19928703
25953115
15682352
49943475
116484400
634225800
22775882
19124313
14336082
24880547
115696504
7493702
134933240
284888668
22721166
252230987
2423225477
494399173
30345812
61181335
11174882
214205946
178836335
1242139094
1630826035
90448043
2968797299
169362478
278675496
20813318
188033965
59561358
607738265
19730331
306633017
322285980
2557592940
61561912
16193518
245483855
55064939
15161791
91120149
178060403
305724765
32029615
186310032
16429833
15342600
261887180
578419963
1197437652
2409536276
472221117
707138181
2563851055
2214568597
1675745166
2293690609
1858803385
2543619127
74531637
29938754
276313110
462136330
70725288
31418982
2465122939
583350493
2151823039
23116429
84749132
18917524
105251355
19186486
2494493852
191184120
119068084
1513794672
166036069
883347548
312981599
72732822
40252945
8790702
26055230
364283590
48435465
221837829
56401184
19399298
17901093
35664799
933499382
634755079
162433066
44781885
303913634
404141782
762358045
182945266
50404894
266984278
65653607
64561026
148491467
1609420164
104624337
14529464
2767571
14557330
16312126
557896814
270959015
1464926466
85844679
1304649282
1726548187
66429227
17488520
272162016
111960530
847642303
42036835
260930117
191183900
98940998
266207761
480698410
480686499
98551312
201789507
106759066
225111753
480725605
16331259
24780105
18223465
17904776
69210468
909624853
74167684
262243319
15205798
66377898
331758436
564000560
701085032
9926932
456881026
427462434
26329195
2273396874
103130238
317254354
14288359
915675469
342123356
19668513
35757093
17044681
102467444
89972288
63148670
90312782
30278532
52115601
308588105
206034748
30041300
19358830
413367184
1222977187
34771142
272221391
14358172
104026668
76196456
2178893599
486884222
39176268
238658448
42117366
280844928
48399528
25560065
22843068
93955502
22176214
57943798
16128683
225914120
1618644102
613497601
285422457
1292521651
66573775
121310094
123080291
59948021
43801413
35766732
31423761
41442779
20060610
22941828
583100592
101645381
41600423
173842744
110351287
333085759
243796135
141958303
344348446
16634962
237601705
1363183148
15261028
2321784038
269801841
135259333
430214398
52189981
22638197
74393692
271548059
111071616
613750534
375897220
1022171664
46655321
249395206
259371777
163620173
225541036
212004384
195411597
77262432
238309057
41492065
14778783
453454997
449994785
111958942
165487996
1604126996
117449849
14675054
704453
357041671
276269524
857463642
245841151
1633060392
37745516
15621076
113035776
379302517
56485092
347431901
274203309
450439378
43392392
14225360
117851094
27000733
222476971
68235668
110161704
619576892
503520255
835608152
1928148024
119445077
87791551
152250411
29515721
472218165
1154663018
93514261
1930839188
121218209
981646651
198614361
430332452
429908555
715037964
434608855
21047308
65158564
112462992
966773851
16472153
42513771
300995046
25185050
311262510
58003762
17190362
380472045
571035051
592074063
156710953
387791883
14192609
103434327
19317460
394726163
16654952
291935324
305719661
334216401
14495726
74085994
7178352
14221917
9237072
15896072
7940892
20680059
16563214
7432862
16122216
774187063
1000262514
22084427
53178109
