1582853809
14677919
389576703
1585932799
282193031
21301903
23314192
16358416
13475802
26125943
203008363
15751301
62581080
23480093
167095835
16804181
16807882
18715024
1061465174
5436192
30402662
7745472
1402890878
3092511957
174116522
21518612
10760422
1406711923
1415454499
78400475
28955739
11666332
138885425
19544520
1634629316
19476868
1407675642
98035778
13461662
20396481
26538676
2926031336
24989711
2337172957
2897822582
66537035
16472748
24742040
18026676
17513682
951824700
38526545
16193325
1599327121
10685542
19787000
1099960304
1702611
15455167
611823
10671602
16669898
63362222
250328662
274626857
307427212
477898117
366309158
360094380
2240388324
7303922
11928542
16754081
18927441
36204399
325092901
454340464
1090141
18502086
264859672
7542702
18774059
33423
2480079168
106419866
14191676
1373038772
45607170
532406707
15395001
21699827
25126502
11997592
73160614
6773622
151280112
27029537
18751963
499934631
304124910
106887791
4050671
49483397
24773177
15569891
18622869
6476742
847735346
16421419
41222853
41875694
59157393
13356642
19631395
7125992
2042231
221954571
175861170
15913
7434902
20726007
18840445
8259712
15319993
15432058
372483103
16586811
784912
5746452
17052055
14163738
306864579
3496641
144723097
950583258
18385186
145353450
12096202
281705101
2087371
584198802
15405383
35066483
33191389
61475880
250294471
11666142
126819958
5413042
7537402
409791133
19476669
319067935
287815045
14366976
14889964
372909553
783214
14575846
342299718
12801162
13504092
14940354
20351289
133109086
16288238
23835143
19714682
8670672
256652938
15022339
6370862
14625444
24104387
137532532
15418186
123290809
19571104
33219902
67808049
18489585
5879952
20031730
44928343
1586501
18922581
2195241
55269033
