128986977
2653292550
338985020
868112707
64643056
1994321
335455570
380648579
20664363
635299387
75237089
15332486
207442453
3229185765
2576142276
39488770
586361294
754613281
37589601
47865636
53136407
102719975
17158140
19980499
17329538
14836197
288333760
14857290
1337785291
2976522568
15821039
15947602
16153562
11695472
14055301
14755492
38146999
27830610
20596281
194643654
201914018
18206129
213770009
6843672
105328660
44128516
15915182
16935750
55313371
24886570
48681370
11344912
103865125
118701244
1417829894
131442654
41821428
275564493
144944472
34046228
138387944
139118162
58173133
54290504
75855204
98932084
118024094
15044593
70903729
44345790
28760151
260251320
75989138
167759169
1361965898
223110908
1664721896
14162012
83598887
15143478
19017255
123533962
310299026
23058116
238479807
17362777
512620228
399707341
102984600
751400048
19190337
26015589
8596022
278691695
259403751
14677919
19203852
67611162
57948579
2526794479
16323656
20427494
786958314
2892809359
2560695510
1624707968
3097503906
1153045459
3171712086
143409075
2556450324
3194342171
147338738
575702002
1100927498
1903593750
1966507722
296978190
1900770338
757372008
1409687894
38670441
16948477
17163609
96613617
28800934
1898086008
494057994
106948477
2808980918
2808935744
2805356066
2809184100
1722526795
71016845
857002556
109275593
110384744
121044171
87118217
92945681
99918503
176295495
139876086
92724677
62479416
925094390
1588390411
103849564
46791411
415436105
160957625
1250154102
731853602
851753935
1442290429
486455415
85323004
33489438
68625068
113352671
5763262
6708952
40744725
5252591
257021111
2195887807
9676722
2392156386
121772655
192579441
11589192
63073975
53256946
50944856
49909770
56039856
41593150
136575815
497600704
46659098
571878474
16465385
885958015
15960655
126027490
3301178441
2575496137
40616820
103603559
140047339
53790896
35927341
19760270
268676434
97611573
371730289
120965579
429724798
3037969260
340233142
28105692
543880648
4110282072
192942692
2319211268
945440959
37629039
17871591
2375182790
48600036
222516693
111871312
45795197
5520952
115626287
222
2550018541
3143155220
177673457
118787224
2558684335
2931154869
2966488612
13137022
3245339241
2362717849
331659804
14253109
4970411
19224439
304909941
1219824320
15828408
1170359442
14708747
63796828
16727805
2652536876
12599552
11362622
18152897
2543953670
202810061
31100650
43562201
19689682
74972887
185102589
183295405
8622162
57882881
726344886
53440701
132001724
189769313
102427742
268177041
717710654
477580107
222808866
479920148
15594928
3295588728
15347534
4017693792
76117579
16422002
3138727082
353768648
17765013
470771608
296029076
14941706
2171486761
238588504
182497461
389974129
2336636964
597301440
285475285
137017726
1652526218
947192262
110025421
102382667
207997374
79708561
950165300
366947884
66306024
317034396
142722336
92726549
57879889
103770785
66334209
75854417
417678931
358814014
57214438
216578996
164925309
184910040
606555362
2968755672
82827102
123287206
354327725
374654335
381674024
19599716
397797941
2896513279
115763683
398092540
33388399
21248250
3658242142
52411506
601344072
1622898439
153966123
2559891481
2678554854
349979855
3050762957
270081209
17369110
9624742
14224719
17940246
34568673
2613904818
61458407
2381667174
75977801
2463681456
1856414335
57947109
176355348
2214285223
1092230905
274716694
2228759396
11069462
17625857
58354465
15286289
415298013
23832360
3602237232
141208596
16408759
22090282
1114599594
246094764
97125064
99590184
385031027
21566520
17926317
243908160
81863479
1703007992
59074440
41169953
274141957
50559344
2482549621
223744833
17890279
1531496234
279144084
404526275
943389062
141869566
2784033183
1109959681
3586923313
97455116
309425789
13066242
887424746
3689764877
500155741
292515375
168282354
44408295
162110581
267399199
22512172
14666811
499014749
17825500
3003639901
892149080
14066472
21172531
3030922321
7648872
1021467673
609279241
357930218
17232815
458647237
9462812
15232432
76966092
481376138
3120396510
19407053
33696409
15995266
21991908
1617314359
94297742
889099657
2862966903
617602362
17412858
15298751
16688845
25136114
18068926
119802433
60014176
13762142
2247355933
2961734642
191029020
23728821
1356943026
123944182
38913594
2422632122
3592936817
159878598
24353544
3644849593
224523645
364050722
52100906
56677053
133684438
426443667
95381949
2440279712
3151805206
2767159070
3656278266
2965953657
19962813
3291691
205789121
576436187
1769191
14710129
47348249
49279876
427900496
2933032013
3356052532
21070585
223780834
3302483862
3006989562
315421768
69539409
77427690
15325768
26792275
8736882
15160685
2827342884
1536791610
2493948216
76561387
84593906
17093617
15860743
108478091
217447333
55058779
17827236
272232359
17939055
3179147815
38624666
25481344
7212562
16898427
253340062
18332190
14589119
56377143
45621423
260907612
821045162
5920532
22536055
124476322
21401523
2990736697
14726394
3161803394
63109065
298899556
365454476
29277052
7461152
38840421
894057794
50001997
2809113025
1445604314
317632729
133490927
60959947
986285401
975132385
18113905
861765444
2963884203
15345153
32326245
5812922
869314620
162304163
177886974
85657578
189917061
139189823
50973651
47685065
100174414
18373968
143776014
47543773
2907739345
1227253801
3016185331
14130366
773947698
50984470
5727392
90700082
197370198
22332967
265139381
15640917
192171500
2795963903
22833469
60924286
16612855
30839699
22167996
14375294
103323813
26775859
173167448
2553468265
442130522
134875349
2470621441
268741883
192831205
29292473
117395642
3121654823
2842672985
314650086
2376873840
812511667
15299357
864431
200832893
37600239
63390627
859285064
76427043
36184220
18244358
137616033
1550967517
10498942
18030681
2848679251
18583631
15483879
30405893
101524268
2318606822
296332478
61001779
35731120
38071363
707119819
717313
260909325
64059738
1485235561
22756947
9429652
568818502
15234407
3249453374
15208246
17842366
13492552
33792634
11518842
35864376
16319797
413758960
17648146
3329977294
15812463
304590949
243381107
15739966
184136149
23088711
3161526062
451711346
97217966
2244603702
2205115542
2765974980
1221300014
42480399
459949985
586981757
2933183774
156043377
43196708
16602164
1665528529
23236722
189136423
5702
10735392
1562375078
1227698863
47571031
2365207398
14810942
306498361
19253334
608369053
838673862
78821072
359572266
17110946
1093090866
278776049
243023355
221182660
79915337
92293110
1547342904
1536236778
112236047
4641021
594356012
93825359
86254626
18016048
2836161235
2510757007
2878533622
622437626
49413866
2340978469
2791245386
1047027174
14705685
2327886686
376155979
335989008
2257558088
17488526
14072047
18205527
52378823
6828692
34207239
421196648
5838092
167234557
1244961552
18697326
1132876218
6878332
1425577597
18275825
59213812
289033247
43875727
192141894
376106733
61126132
1675541455
110701087
2809245697
2809164276
2808950060
2808997472
2809049605
1851545900
1447973666
2687852605
2279135690
135782269
613357772
180748385
24879944
2916470293
14580912
44839509
17797666
107225267
336218991
21457289
2908933885
1657730988
19373062
513067381
573918122
2244340904
275686563
17482727
102940479
20801371
96945488
1976317832
14792516
96087281
1138959692
2235560467
41364508
2529971
49383389
80664593
188769064
1181591988
14485678
14130408
94133565
12579252
19198198
80589255
117662694
65059785
27064840
15058596
2560399028
47487925
334955469
18963870
27152588
5503542
76912580
80373097
3092836012
268923861
6510972
1671371017
3191688347
372475592
6253282
1117573164
391191444
1492538024
253414390
534563976
262413057
85001062
117106591
1526559308
135533310
2951175926
333982951
68399705
53555106
575188047
230140702
84554399
113278275
84276772
51098359
63386679
65599679
2469605695
57158276
404846953
780290
20090979
1264102831
1669854782
85221650
144108372
3352981
19575003
210901896
15481072
16346493
15107535
5393922
39437948
14075441
16954778
133806972
17157367
90445805
114986808
16665197
364557059
8980232
101725601
103327237
361885520
141333525
2438173117
2854041654
53147274
18193577
736919767
2429044887
8802552
14440478
16836936
61131167
11272022
17353496
196471560
353736445
36914040
3135607441
125188351
899992525
1019202950
37285712
3188252456
556647411
2911175521
963764484
122626161
123774113
132859239
284989979
31348594
115341081
107318424
1327209818
1323582031
17719090
372548499
231209732
9150652
2177710981
1487352156
114640276
14161374
2173820437
2834564463
56318573
121407739
15954704
22205952
43855487
479911564
81083096
30366928
225012752
34208984
51406202
150820027
15956519
1336920841
386442211
155954125
918267240
42350663
41048052
40003120
60247413
2190026348
458451038
21014078
374526155
56685329
41898533
2181212285
328990309
2701699687
6082492
42955173
54373762
19425169
240254617
326912209
850107536
352053266
2687124019
490442018
2465914436
51376979
367263377
14173315
34743251
54645160
117439544
2359926157
15754281
17629860
16343974
2884771
51241574
14138785
6017542
31540671
15012486
1367531
428333
24919888
46475424
2250438608
48159875
519262288
287994254
1321740703
37570179
657863
13
49793
14749070
20749410
2993121850
2876448779
540767034
289989061
16638041
419327867
456438466
30835369
17937485
223807771
2417734628
13879732
19989714
86479411
59790468
23083866
1244137812
920488039
73621306
350788703
2590827924
2491484208
39214789
14918367
1467228402
36613629
14241791
481867656
2208759546
2867264997
3139047660
104259146
15040988
351051143
43516940
19258840
2897988570
15441074
10990492
418214466
263696156
2730750902
2151139585
398200139
38971803
197176775
15800081
68497896
33801019
183230911
94163409
56631494
18681139
258283931
118757160
37168231
128155589
2867234799
50723721
2867297741
196155714
2927609680
108936259
1251083774
347035710
3169209138
2253665018
1576890685
124145508
2150369510
2272754240
1471553238
22511572
15316564
1540871215
2348117623
795470076
2783677134
88748878
43317369
89451259
93650334
59705943
94300109
21412971
305592494
317005231
49530613
18629482
16816193
400189636
429135945
97631035
38472599
2889174685
422869535
258032124
18323509
204297410
2561341
1480809193
9419222
22052664
571202103
7144422
21551205
213339721
2480928458
2734466983
2875031589
40227205
2800441922
2188400161
6844292
376825877
483607754
102700680
2826178343
87532773
605602813
108286674
155180640
1526228120
1121028973
2487960978
285515081
21159382
28082599
2244994945
203008181
13012062
81311966
14214962
51717952
17308938
14471155
195444818
2398413343
500669196
13901092
498984309
499002244
518395969
196461869
1024163557
133954572
51918584
2491300453
17999246
191559783
52775043
35028422
594887216
2855255702
1196254680
2414494148
63917029
809273
102488708
36082429
2670321
1008658832
15692087
817386
28172926
8841372
18936284
151759481
975891991
806811156
1676078360
17070707
2777103822
219213506
14580438
18460854
40471451
185808487
45478891
15442689
169584722
13348
18814041
1322691
14333690
227423290
15730804
28207516
15621327
2425151
14618805
2459371
29735775
16248619
15008449
6022072
14902202
14260608
745273
14278978
3382
14154386
1394399438
30170185
26369932
24741685
19312845
17000457
15007149
1339835893
816860276
130327554
17425484
110249178
1584500023
403598464
1258071210
2564711222
8167022
747153
31672049
60629845
66780587
488349425
26191233
30912137
168826960
304521922
2863165046
135145368
32834433
288924980
18638888
14554287
26493482
305730903
344923471
14072398
369646186
28835645
3452911
18484769
19041500
111723493
251816878
1269972008
45399148
275702283
550874698
49133531
2319436824
2274331982
2218849076
297977461
246493616
29865301
132548758
13982132
10078
648
16581604
991451
691353
41602160
18170896
902696341
18070405
632343
610873
591185779
885
14514804
19744978
1364930179
9676152
318063815
20402945
5746452
451586190
564686965
652193
8962882
16902120
2347049341
226348151
14225267
13058772
44196397
6385432
22330739
20348377
106837463
783214
2409472572
10032922
1911483907
20621579
212920481
1635310159
298552136
42043572
16483343
269250729
373410448
32843303
17717614
40400019
77732185
1324334436
1072993274
350128848
116677732
287156977
381949397
1346439824
1447949844
60937837
24705126
138822469
1910442534
50943008
33464913
25966181
83529586
293063175
151432737
233973953
147089278
162348221
350120259
2297489203
79178279
851217698
106513394
71201743
47055387
23061619
30417501
141633175
711694309
1317076194
405427035
1085918052
14338755
1713417312
36711678
125400714
2209143198
37710752
3071584794
23956621
19921435
2945940359
121984182
989845394
2251588934
34895007
128255571
7934222
2968072740
372575989
57372239
47678623
43568964
2735591
55520719
40667240
23217821
17919972
1260221306
256495314
15639696
1655530226
968507508
259925559
87484569
479036064
27602673
19103481
2882087742
198535618
350818018
56312411
216566780
80302604
298625735
31016234
2372599718
10756682
21470239
80327598
2888882327
555031989
87233065
3102013922
302558298
1951837074
754848258
14895284
1533781267
26018726
2177258262
2546824838
902419718
24907913
939981487
517687722
1577931985
38593690
314320335
2451907404
2888362549
259725229
19490555
144576222
49740960
1378862658
18605494
114209331
716484364
871315608
3101702041
79619674
1413548791
51839323
66572848
91440493
17449590
18463930
16061930
11263102
12370372
46440718
14216583
2816908093
135877090
3065996068
47498117
1009308300
339301072
266348024
49995009
17374599
2903869175
3038433842
15336340
20846464
17270693
14813
5439642
8139122
817540
294862170
9632312
57265653
219387813
48161485
94159423
14935521
25039604
1104711
12044592
16820641
9264352
39383125
7542902
803694
14578294
765548
14344469
15379361
144592995
34677653
14590971
267283568
419639256
11595422
14174897
2334614191
315215736
2356469839
2645098651
80422885
14130207
15948430
354847710
13334762
14181317
2927712042
380784511
536903293
511740616
507415544
2284237477
3064163188
2420722870
2613926054
2585157398
2603996912
280626965
40815484
2926441442
29457292
367576191
216215589
53594170
2384071
21502432
34197952
2730791
32361431
84351228
58560480
15473958
2178012643
281800967
19397785
609543
20609518
2950037689
16689804
2926118924
39960913
114501289
1668338150
740905255
1156168585
1269383796
1269440827
2295812502
43499515
111299678
2811974784
39511166
408520849
3088635046
16013849
10781952
177663215
23462787
10084002
1287555762
126226388
201130645
17712257
224379103
105590714
39538245
18198832
21773691
10005212
30915849
11348282
19402238
8963722
72739089
14066062
624413
62000272
1512618348
112658299
2903318052
185459267
4242501
41293930
15684633
408847389
23285178
2269407732
30825449
39697214
114449777
2515729038
15377808
14839109
18318677
2942356560
71701378
81155551
95172857
40327874
80337887
2510047849
36214213
2681399766
823905
17350542
14706299
87170183
14539324
14536524
2292482222
18688523
18055613
15231287
16929600
156618227
28164923
16334857
1754641
16184358
28140646
621523
2888583159
17865711
1265715001
3004103200
809428867
12705022
14277276
27814665
168857946
2311825699
948648084
1359267174
5867132
2194389944
17668820
2840032449
1735241
89876913
455095403
74433034
14335957
904997437
2713703797
775296019
568304412
759826807
2376019682
108384285
631289812
102100542
68668492
44932521
22467617
18080585
2494225975
137780376
132051240
237401623
323138380
3075231807
989
234413416
2503480063
2473798652
1618402586
629087972
56917063
236486282
27274288
2990410424
16267003
14060372
63162487
57998991
374659079
347944114
767936412
34236761
33612317
113419517
195703895
53556894
122928781
87174678
239267224
19895282
109241992
57188977
114785416
54829997
124258971
97865628
111615736
155151279
76294950
122995784
15093629
8161232
14562685
58243368
122656426
2554222386
152202167
38742134
3023254083
17850785
78941611
52339151
50467846
15588657
24671836
31647250
102116172
19706851
2312262702
788524
156651229
1877831
2381578122
2097571
39043540
20562637
50090898
51263711
14377870
177829660
20751449
17136315
2390085150
17710740
22763833
6509832
29958928
19897138
38647512
208417986
875396568
145584124
2167369261
1562518867
1342646282
1551361069
167169119
393033324
348664508
201784797
2501149141
397155615
91120943
20167623
996142404
218063449
14511951
72138449
1211825024
313520458
230685311
2257886941
241799482
15338256
171009315
14293310
65659343
2147712428
363362774
1217297198
2583505704
275497277
132385468
742143
145125358
5402612
101311381
1652541
88856792
1330457336
101695592
30313925
571012719
1065552438
56048333
224765197
1377806568
14279577
69687111
14390109
18929773
270771330
48289662
18220249
15460048
15808647
14434070
9507322
11856442
25562270
15066271
19661363
49600081
42703075
6070762
819800
30261067
18164662
73147282
112243365
2890961
14372486
15560223
19712106
621583
7905122
91478624
67358777
18949452
5988062
32359921
87818409
33838201
14761795
972651
27860681
375474419
34713362
14885549
325014410
270850863
19584740
77515943
239970216
2704548373
15154258
227706227
17097223
4898091
60642052
14326090
15110357
161801527
22873424
543598566
14109159
10194682
17899109
16896485
250495841
5120691
19722699
14647570
17673635
147493686
2467791
232796762
15110431
17471979
135421739
32372834
141080858
1435461
14722161
223233874
20032100
36843988
18080969
15076390
17503180
2368485463
2540731950
166665752
93957809
1111336411
273197054
2534310320
2541363451
2602959463
807095
1056850669
15308469
759251
1576689973
204105307
16066655
57928601
2862353732
33385956
2893971
16598272
2253142422
267939430
348659640
2785480981
8457092
2686834802
20536157
34042766
130570965
501801749
288500051
25213966
39568996
20646711
14700316
14499829
69231187
33933259
2222673457
14159148
123089629
50232667
2596143056
2574232910
2597413135
2574072036
2803191
382267114
15670515
1636590253
74286565
50393960
42226885
1344951
20571756
759566131
293310504
14242214
75510508
32427096
67948571
109184306
26176814
1043711059
193030139
16223896
2191079366
814507374
47257691
14943338
28139873
231033118
25053299
186107522
441636351
40500101
2178509628
17710699
108471290
316869223
338716673
403332412
19658826
39585367
18036441
17631078
130104041
16134540
81339834
2183816041
739973935
10268122
68977380
18839785
388203388
67881112
1178608123
2306286288
75509967
15317235
1073676020
305439092
8724862
15492359
816653
17813899
7712452
1274690550
3108351
1867843520
16341689
255420692
145607857
14800270
277434037
57928790
245687754
813286
219617448
471741741
56304605
241188703
19929890
355989081
39743812
36327407
2292566126
44588485
159820560
240649814
134758540
37034483
20296320
418554800
14462907
102639458
1136871331
1382603599
1341077287
724299552
592878010
98888153
254187517
