50325797
48802204
2198381868
137542528
244655353
714249878
16789970
15764644
32372834
1536791610
325830217
1339835893
1330457336
138860140
15007149
15936257
1081982948
35743863
28472437
1061385474
42333356
16817883
4207961
14677919
19318314
5988062
105179883
105317535
788524
16245822
18193994
233940849
14511951
19658826
5402612
87818409
109461719
2097571
2467791
16071471
51241574
16129920
16303106
428333
5392522
14813320
46960473
373617611
807095
28675723
517152757
19397785
301034022
234815333
55372193
17573212
3532103175
35411126
21116178
2561518208
171585969
21982720
20031219
11348282
37972041
966539138
913744615
22256645
88444336
22477697
87071749
213282389
28852952
82647069
14850840
75544059
17486629
225962422
146099195
14592008
124087958
20597436
79797834
158414847
19697415
19725644
20038221
14647570
19402238
17471979
14199378
43963249
30313925
14159148
813286
40071815
16673982
108979233
500704345
5577902
348559702
15588657
20609518
190646660
46455548
96215615
1226326508
1700522179
2242812474
125594152
176999384
