14677919
15110357
488785314
256005153
20562637
7996082
169166151
16334857
56440164
50393960
100299987
15247916
110541296
181217505
130122646
5120691
186576074
104254565
213745334
33884545
27500565
525264466
54259597
20545055
73402979
19154824
15809249
18060584
5577902
82420429
233898853
82463315
58863080
2572732793
43146039
2890732527
314636730
44615672
18784113
292256260
67116086
267390486
636274157
291169944
214313741
32547205
172698760
183749799
23487588
34713362
67358777
32359921
91478624
14800270
742143
1178700896
106769240
31459537
54179670
759251
807095
51241574
1652541
3108351
1877831
282674892
81619487
20029966
614328727
1717121893
24794644
53114618
27638312
58489412
159228593
191522730
106107585
186151416
141303167
190724662
517967656
524718132
381257778
173655587
2196029082
