14677919
407624682
807095
2321292469
59547205
3298666885
2710716666
19038934
315006625
41233130
1405724870
2828164172
296933622
36076426
224405821
148850220
20304202
2493267666
2920210260
14541101
17925487
274032083
500704345
565848656
365059121
239484443
358323947
402728739
802490035
1870049413
415318459
14165101
258930059
1372246357
431509205
2181532012
45659360
2169040310
1074169130
85489267
265179248
1099838839
611701745
312029599
205821999
233492211
43726615
286392637
104838522
374300708
1126547131
66874887
23497747
21938868
411895298
730769406
835224614
54904679
482248505
314730137
817590439
14260960
105091163
42992860
162368832
424243727
224583426
87246634
53189543
253657061
63272186
435278033
270172284
479625194
212054026
577549150
29830937
357409091
76332033
197326208
611783
54907500
136019920
18985501
168003156
421975063
31522489
563965394
583810972
197501338
59159892
190265660
362629945
430795072
292465736
388579365
46704588
20601500
143648809
157989078
89736284
87454049
57992341
23148597
96783769
185370236
76045025
61261057
34812001
88046862
137686763
259959379
79236778
17411532
270585745
27014304
172295551
96174053
40463873
407766714
23408792
58165286
180000404
19241360
371489285
335452344
8168562
75684101
33946909
25546047
14501400
332385553
252794509
32478395
108378709
37216132
15589286
22175924
238197220
41908312
33288232
15621464
59347145
239846892
74518506
161786723
200320205
64842276
