1243851643
56948272
20551303
760689595
69052133
144779709
17758502
33090431
414527508
21821924
2574125971
15059534
594666501
104512281
87233065
1002014071
17240190
767129143
199402214
2864804290
325830217
49114382
52381876
16292948
26861998
3354108867
1400953842
42658749
251164136
2512734727
3095493190
300893304
403632664
35885940
123274701
2530947115
1095701755
124237063
16125042
204739806
249128377
1536791610
222401324
450471367
3250962744
20002401
41182107
13491312
310427634
1222257180
15234407
285515081
586841695
3400492048
2340522103
249417638
61292961
2809983325
230492604
2916305152
385646125
225227931
2749719434
321507436
30732125
72919646
987421008
83637011
554159337
232766081
43477986
319871657
285605902
3131488437
552881151
80872406
104971694
476123286
1390258904
2502971602
2591855233
752858946
175235161
577843678
997762190
2522426360
2154866167
970349934
3058306829
161245590
86970802
3233104352
509977678
308282250
2721556154
1612497786
1134039397
554129883
194821444
1325714569
248976357
199979326
1951651686
1510269745
2816810804
3065495845
440068232
15599543
982432466
183191692
20869615
586692383
365808608
146145761
450629782
197850268
83155555
80612061
112910381
107616579
203297312
1116484074
283781923
187793505
92260518
471686965
129251136
1352457944
54174535
155347238
100316357
27294660
34281505
70645793
205420447
558250869
212913073
195456528
22638797
182760698
23375629
142084845
334663215
254560607
71353925
18729367
25572818
14245636
204411832
470574559
24362966
421291386
119071459
3437065907
197013267
181838403
279863087
413795435
352355028
2888179511
1615223641
45592987
193027242
539793467
147718817
1468100047
382613501
53046252
2401256168
112016563
2692811582
15632545
569141877
307554110
117309514
588246069
1659612535
335476543
219659344
2333311382
8937162
252591655
17242834
120038437
179899015
465756384
137159973
21949810
153179305
51668415
16665197
420091208
81332124
30495257
39318599
125199590
114040965
15450986
90456909
74007906
21731081
537867283
217008809
14550388
24334767
288465453
47346858
95265217
61747648
115573578
400962072
12381352
19317212
101846220
179211113
19592258
20000536
55573320
355356428
1381529383
1870306076
66632797
14813320
97535301
131267656
84231097
222014336
112098964
8147212
969637711
2367347317
15859268
480723210
274671179
36498054
15803225
1870169934
1973605789
268420138
268238894
2169848449
74135156
89866983
255812156
1130517631
17427578
315819967
40738160
185408277
361323031
100154465
17126283
268445263
119652548
17572133
15936257
281750595
2406041034
17573212
20776642
20609518
1655735101
76738760
266118485
282597908
281496093
16124639
306263386
746714858
206685552
930451682
928606927
2848266693
3017866407
1030712407
3331367716
3577635614
1550548316
487234470
3002836895
3065653331
1529593393
3078298768
1606947607
19676754
85583025
1291504867
1601119730
1638453150
3234680353
2582740147
3528456565
527511922
159113107
2202677429
1638661795
3292962883
39337015
65073057
3098773562
2478095203
20404278
719332746
423079168
253098868
628331928
612273286
444858260
389788299
484195179
128647520
337326583
2336411256
2394852230
491016553
1951555153
463019162
331065269
323254491
14416701
313384746
3477562512
337239038
139022894
172326010
2919754567
152916197
210859828
88882367
904530986
1018845278
569853412
97808489
57147624
1349474724
75727205
1327230830
48853359
1009625684
85028147
531066965
557482235
53048501
1405715586
2784851176
86760015
2712735472
56988914
48002345
2752290435
30077844
335994495
505230876
185982125
210124279
14983283
446126058
608453800
591273155
311847211
483489848
309448037
258439499
255167893
240041225
595968007
281813366
390707466
317465651
1266976189
2223703657
255045822
296696076
24157123
889641042
2468159977
596346398
557453654
78111755
40998728
18670954
2979835936
1682738216
30489596
272786923
87287036
2315778091
15574947
21538264
22307271
240437348
2432047153
149442248
541288113
378741029
471331510
55145621
3018831515
128481752
2760134096
30223958
14254920
15456280
4072186580
1191290814
268469708
16907632
4098724223
481061270
186008653
188351475
421079563
2281146799
570722133
191073184
163393985
169133345
133647238
114265952
3996920320
582585252
2358636235
378004296
1566929143
2410334575
1568178482
1062989857
597735775
2169514789
891442778
110867516
118325288
806747628
17499795
67167733
26898057
24591227
2806170116
39660814
56041958
2813223643
43831667
28630977
35548782
570548932
726819836
365909856
605274894
2339205464
99832058
2165926050
2590980700
1400270886
2701225100
2596645128
2685654792
2655428335
231181785
226240953
1485173246
2247635652
87877970
45543376
39481002
54002286
54450320
56174811
3520534334
3299235188
1865780545
3747568710
19545607
18554380
14558927
2921658693
374465592
520422747
266573068
2722842872
155340776
3193084148
474238134
376133164
478968515
572659172
173170847
143006406
461897882
20551578
475902814
102317602
1210512294
91916667
91064762
1576216874
1542524642
346179168
232127931
19675614
10842642
1431995454
2666722836
183289988
266624840
611241987
485719717
229400468
223890219
2951153910
2954395334
17511265
25016451
164752115
202814660
2214779413
57857711
1230591655
79249193
18925010
365429996
69524395
22570171
29031112
882697176
2252374531
840186650
195548933
21802425
2335857001
57317199
40931199
36776383
42449769
1090954574
480400835
460572810
19129187
413216614
67304340
18081477
83040396
3171107058
59858855
3220926578
96060592
14327755
76557724
14881509
401989355
410077556
141831296
101520966
55477268
946393662
192424141
990683893
610567637
1003473428
611275903
1658745768
19976133
346793627
198142343
309883364
2283681606
2456496284
39019553
226531053
176212078
582131948
746327498
207419334
20438219
422500531
427590719
50390804
148678690
58617819
1698147480
405792981
1315358552
1023728557
1339452565
963766208
1344216686
1130162562
140974671
216821681
218534100
31484912
35087249
1668370314
1907796500
357751922
183595054
22727556
47341375
30426847
254648502
555092923
2254299608
387332001
177628251
45934233
153097903
14136337
29780249
212744132
58158346
191422128
360794711
2189720467
1622306113
50934779
1213610970
141673140
35757591
106284107
26435749
37862272
53996332
48937311
519667990
2655520243
2570362616
2355253854
3227353256
3181265395
401528709
1887869653
2174464898
88075781
2308962044
136160206
2868206543
82566670
38680243
382063874
2282480047
2475760969
2565834794
1545338485
381159516
908109553
1142817823
1357269890
564813651
32698839
19842236
17989991
3146754522
247405498
3165842442
15819054
602560431
488693149
263600855
854807468
541131205
192653844
527041602
271798423
3069263063
161089251
47775986
1702245140
40574665
2183245560
15643087
87787531
3372314662
3424240197
1198094096
1578014329
2183495187
2904112001
2242999900
1539473215
2775108136
2830007599
16010056
17904688
391189354
350549915
373033126
405923438
316047980
18528354
635818907
259205381
16724640
487133094
266535079
20947890
329216715
1097198989
676523
381277806
20822648
845484926
424331158
1367545747
556184938
1174167684
1107443437
109260848
84844774
295348881
215648735
151966693
19792103
238103239
3332985255
210351958
451213974
57803312
1144786310
26950265
76385323
89749618
2295147860
87231814
111539610
1213878445
153249879
116689055
466033062
197296293
600349047
563828113
577837254
520952846
34642608
29673552
22228759
46628152
42176742
39903532
22955847
261276250
413317269
20551608
19463782
18674819
281686880
274260965
223333602
17033375
16027289
15381275
212026284
28215308
30817572
3312489344
3232381313
2592692748
448441648
263513572
3588658995
1315686146
2229118261
217793418
29355790
273962609
31103661
38029044
551892904
873121375
399449500
63160493
465812604
124819271
2692236266
22022853
3252897783
1353122156
600919235
3665337744
137427030
2825078221
514805455
2372424556
162340108
158666195
828240444
2436121158
496259079
629232074
470124167
2821049201
237381753
142383719
47005854
29540453
42442059
3039408207
3032755029
258987890
556489483
973130659
855364496
82702745
110783262
1639346527
1727125735
1475732708
39696992
17687460
3380313003
479240208
2212127887
293480264
2508403129
314496118
84022237
2720553739
892749534
184439553
2352741636
252039998
1864751281
560289670
416472161
747602533
92730184
625869899
175092816
3331605003
2617762496
314032855
55884591
210902174
235165467
3123410983
2379987213
2785090971
1298761086
14225040
859944733
614805888
382978492
120156455
25445734
14238762
565967040
2928074470
156724912
353148363
415908098
509825545
555605310
87574727
355455984
17589188
290545818
316170208
3239311223
2598049728
2352698479
2439091243
160405173
79976934
194238884
27216321
2457483385
1584110396
241566846
17062474
54237769
3084753802
390089647
2426240538
430414407
1501791164
17588647
43761310
1683963068
404221639
331473316
81801212
2941261353
775201513
246767939
541948429
442489494
281072742
229430145
1241449891
2422733222
1528512092
337024045
64968586
41030482
1222499791
1090806176
488485344
593256821
606204220
30074499
78627663
2995080637
1861834310
238777672
799072508
17245111
74998745
14326109
149571916
248138195
2541083077
8210502
25043124
45217765
20924947
270388238
3084295894
2506737864
1467462960
14055382
221105045
113152501
2584196029
431260851
254871816
221264365
65378864
800887986
3423427936
19825409
32808605
47176398
20153481
755310144
25297191
516995067
1382472864
244948160
333305589
2248171718
16158424
1397939869
1439679714
1045570346
3401156872
1403645359
397655887
30947214
526542159
211228805
54966091
1633632828
460744683
787915436
629639407
262242792
1159633602
42480235
707165827
369842300
358279737
7737022
103768119
234706566
353353854
448153647
756926328
705372385
236352090
41937221
3060944283
3195736740
2776472635
2695866474
268734659
132906994
231571946
371783385
106374546
210910083
244619982
352369535
179857429
84220239
1953260604
2340568345
1917548899
17573412
1335212378
1364039604
1518117133
117118929
345482642
288900541
955558916
2955733153
378126727
258921468
201299391
191284686
18075553
2293284173
2258519335
14158360
13669002
1621493665
2217634811
35871647
22607604
806317843
554906461
494814362
498555248
3074737651
158879696
128662571
104572220
64202848
63485618
1254603182
520879468
358333599
356604930
481030404
295831060
88937439
594243776
2188794115
2347849507
2458579968
2460687817
60215405
20297142
2776131303
2668238767
351021015
332671489
134699135
135939303
3330574094
2954200508
3038458358
2992493954
2909295550
990788839
812580559
747944994
876777884
796590380
237230408
211826654
275768498
165966185
121587992
57270494
14443223
30312187
54485320
17673110
475573850
487469895
431484092
373289706
393533225
3138100105
1918087063
1255821486
1951817790
133516192
441721408
562088699
39255773
451448114
3433557611
2257145947
3235463690
1564394012
588994532
1952294228
305122918
34081111
243568384
446340817
23089963
2693900342
2612955729
505553419
171751454
358165632
74716378
2584355066
460035130
157619792
156821948
16501758
2413019378
2402767536
901783987
262740835
549569759
206912533
2573457751
131398400
48592498
16935631
794333148
356441115
73298797
2995128662
761790829
342027677
271177358
531517647
308420780
21523074
322815805
463346348
184831102
14584374
577894500
1022841776
208131024
432809496
238406734
16729142
1855462040
2374521530
984534530
388523845
336414402
57049566
85026949
48514704
19460730
3032322076
20723338
375838047
53168470
1114476518
78292745
27223334
789457496
33036949
579786859
350676645
2406639596
569206470
54887987
175301736
48567048
2864174087
477869302
61986217
45155656
1301391320
619551803
458597687
477992010
1623509544
21074372
151250681
311326981
2821706726
524482836
1074752953
74907771
17925643
610982355
18926254
1597040263
450512931
124479300
84646787
2407419524
1210008678
46131167
66277245
52033758
1711800290
2809467456
71621195
45645356
504484287
567463289
2331376884
1191238844
559058406
203073354
132491814
1367793534
62780552
260829430
45158968
3146039013
1395863648
550585358
30583657
2346301802
20125815
234877305
97120874
52084151
2350669117
2728783640
38479849
1637816618
2522145522
2225293008
271979891
31480168
326622389
381305189
312052521
2817095520
2739293302
79097216
2578938554
261173336
20783670
16260611
2249918041
320967884
212415703
51804766
2298394248
41605778
198721763
1049544930
378072822
10239052
715020643
137402259
2317870603
542147554
18584639
131467174
5531542
278718784
26277508
867319362
465575274
1551519630
2616412188
180007774
322098870
164256157
139234794
64809657
18948328
2373029762
1674263124
501452558
326014971
296441293
18456586
337389029
17407250
1216357220
40281334
68981653
424141332
268511630
298286513
166137806
2991713502
2956584992
2354155250
64317299
1684748060
889974050
14808402
33423846
1198738070
3232263185
290067916
144396356
27915024
573686372
423155007
1322069418
43916712
1028631
2972674588
45784159
52290858
782089272
2353540664
1622863063
1239748784
94878964
2230284601
626998785
2370734041
100729584
863367182
524865637
637081530
600311508
627346764
602147783
76379313
14207981
17788774
2685221859
2784387195
7512842
224628548
16385516
90771610
1329646520
16259895
136232622
301813991
151397783
135700678
3042303848
121227697
53501303
469565253
1139077532
212993330
272343878
164675988
12219602
2191655659
168851290
890305212
501184009
482042857
17354468
856378734
1171449234
3147356353
2205479617
1581546518
1380893342
466798640
319884682
942596257
587892511
2872916809
2983468230
2919522253
135632313
385173183
1938283878
422747503
991063610
277514597
1159981614
212749731
522623839
303333423
2955947728
760090220
3220041769
884421973
3134021457
2393257826
215803548
2546330804
2242179703
207395605
97936850
39911812
27838783
16081607
190521203
352411998
2873529402
370166608
7166852
1938032797
59839749
21902897
20342633
948557984
99550019
46868668
16404321
1738524913
262433782
2614352004
351532009
1624925750
386153640
419965546
61653664
2734197260
360413861
42477750
3090966724
1214606052
477566854
107193160
525584018
302017266
1232450052
331700794
2268681180
226549141
96112801
97206394
23222258
254090952
93692688
403991089
2767727436
1289189917
2369451817
439852400
401044670
82945231
23186291
2578194981
2408344992
1414236524
304075251
164581586
1265666305
537574480
48602764
104224938
17828863
2398615394
2786525109
2151636614
359477266
181280711
228645678
122108576
394022430
380386139
216466526
84706911
2212087889
2265021114
1676376319
535588975
274141647
152973394
18641911
2345695821
464140130
737360888
2302238227
1365248875
3022834322
1466046488
163752730
52238741
14722981
1192216699
2240125993
399634891
32354946
1064457391
2565387319
48443443
2796299220
1195740032
2610078876
236666508
232973255
232850664
216761296
2575124232
1354685185
1489519315
1549906188
1596241800
82285935
336592522
54141127
1701544507
121853843
36060595
15105658
1162974686
2253625011
173149204
48699398
30546880
15980259
15103393
3017364632
361768783
209000984
16047616
1485472728
233889502
3176992611
2881695195
241820195
234470696
225295860
32946084
488902760
438433488
1012322587
227516881
22162680
76087121
2685989358
123602326
845668484
189243650
140316529
119380492
177677612
25707727
279887514
1560637315
92825406
21630490
599261805
264667419
114810653
149468337
907444646
192287271
127259249
592020240
22850250
1534864338
42609944
43887260
915407958
1873838840
324798361
9479992
60616215
138150238
624222103
115677521
59855382
13850552
2567902598
72242507
177916959
750355897
212702656
3068493833
539236440
2815432430
627392305
565654532
294703207
2999681054
2422348249
90008212
33995862
162881188
17751820
2149840669
499208839
101841898
122209185
80301176
30681072
573981899
2978617555
2447522374
178809676
297034264
2295569797
1128775915
129392313
58148088
168141629
140003753
197634755
1115483419
518804667
392227264
24973303
24915381
17211124
2899406207
607400401
174912332
340041470
1261161912
1165775258
93378819
45670286
3140224683
409684878
841901120
1255061268
226811400
2522687215
446956246
29445797
532043686
204315099
340402860
46719937
27349568
106884900
41776598
2733171648
526194450
456024373
758366251
179770809
42113064
1527726698
128603525
38856871
3307911585
1240353944
2945816795
552449629
380325420
211864210
132206177
93388418
74898923
3181013484
506893845
286684490
3053462157
1327577178
616772088
619631377
321535637
106082222
1038345871
421124388
715804520
2939575258
2600678526
2278532798
503256319
248038237
126238636
1344156476
235026585
44605561
140081727
15679938
163148194
25800008
21493664
2816187493
351199715
412532137
121555276
3066598042
2155667209
20082349
282227605
423626646
11229662
46777797
2246776722
840548916
725527327
3063115317
35991362
1063917193
97503267
102197767
37847190
19065808
840807841
55262442
54946515
802240392
383372826
3131475615
794143729
1265118679
373438253
126217216
48700998
1966771278
922861225
172157414
137401329
6797152
1582120135
1518469572
333157653
281956276
59141999
277629180
2798660286
201725508
51615806
2563799118
2361754251
182070315
38540822
394788599
107511674
207203287
206717229
106059182
425277445
1539852224
550155826
413676310
401708606
2356559251
1258310438
744785250
8483742
260288486
223848596
81621050
2838914400
2339164932
2909833213
23755643
14051367
176299018
103872918
97190750
309974085
2382477943
1869294607
1279597039
1150059468
1146476646
41801416
463436941
142162255
108217464
101448108
30440412
576667268
26049940
25282163
244629001
297134344
44291013
343457612
272672245
8088282
47121030
1334952985
727985077
2373083882
186957634
460960282
56998710
39562336
405748106
273801936
329455971
15044819
1380085249
2530240656
624851694
363133246
285538792
367057975
413527031
118802428
102963815
44155599
42994508
371827282
365115254
308350907
294448798
143521939
33625913
421945109
1242631819
352515950
96701486
16251596
365100152
113967797
199923599
624967268
612442248
30559714
1375611992
1253525636
112417470
2533050782
1127652506
296896338
16054095
396305478
535990084
204732562
19686879
362793181
140404561
125849584
83749471
79246168
28999515
182044412
164178559
161658913
14751983
20639071
19866695
15666406
292144954
88054959
252558701
573465001
1030656452
1237571743
21611036
1525410889
226091473
165432808
146923172
27266828
538044191
1422493020
2378095423
123469931
132263568
32691670
17856440
284057732
1638605299
1631137064
2356941156
1364583476
518824539
457814130
599367598
780946262
347585829
18434866
1172135502
78062150
164815831
123731892
44017985
16851144
118118205
271092918
855097322
1019207526
1276318262
83488898
61188508
165164764
833481043
28898921
396429360
292942627
259927889
69535304
115247471
315892612
549628290
926531402
20900138
339030705
81911841
236378440
61762784
438222097
1338452869
57565627
48729617
1292597904
23083488
342739410
199405599
95882567
298702870
329920571
9506862
19137180
335312287
485731426
443119852
389806003
239458390
83425850
212999868
1259893848
45564677
815376212
604809418
247472223
80670014
167973482
111459512
27586268
20821813
537355380
56958427
1267088755
274166291
22854668
94102513
223097309
23424529
484109859
342491243
20669543
243808773
152704753
107574125
1033989932
210846415
244181513
18999743
952614264
1199824585
18146003
14333672
519946574
563752438
9778712
1151931362
22778291
749518273
485000549
74600058
32314852
40801115
540846446
31493430
368318572
239453319
34998713
24637987
23131791
8752372
480518595
353840250
101858937
460935359
214830425
18955199
131234997
43388696
27140905
291849137
563045143
991020296
282153223
21559883
457833828
473995923
1041324930
415038804
18542584
42514507
620032636
2827211
75918423
214288434
747855324
35303735
36371489
311743687
558829359
258220014
350400687
614121863
31068462
557415050
214914865
465520602
17369051
17682214
74160398
985510338
38215965
138533498
27122720
259368206
985443812
235315941
17947552
467475127
152582276
41174262
622902220
112209272
574974954
472414085
79020761
77675684
131210242
28395512
127912207
236985991
400458950
476216238
77460423
38173973
309415734
326922431
25833422
178095350
38485863
368649768
20270279
421060203
402645357
358127438
558127865
734987635
151506799
171070025
311338352
20523524
469445572
384465848
384521758
412640082
471656982
473569167
485840937
442299072
732642889
813758144
813817387
813841218
535828860
73092899
337493119
68875999
293006794
107131505
232611873
497495168
534912672
561435572
351872636
918021780
950235235
59057362
626601685
360335389
158740753
45576341
958319119
219325103
19238597
292517299
969410060
1002854833
473522900
173291226
43481761
451883928
583914338
77274923
288764529
270001040
764377650
44945950
68964940
491951036
432365580
37742009
417177581
487843733
356847035
394607828
321780937
793070850
37801489
28806921
18913022
94666032
973165669
456960538
347394806
194683873
383986725
772027904
599570626
243811596
241034862
170722361
261443726
79159252
369294010
243343372
435250190
209714160
39761772
28172492
802519242
619208310
331234518
324851433
854896033
309521674
76331134
515389885
317809930
584658795
17979595
633518429
63712598
318873235
811156152
180573073
43643295
306052866
593118322
618458163
211471272
297735568
878884080
299573588
31727937
282787884
18148913
31810123
761410536
373155140
149810493
60950108
141412442
71244547
368278273
132554409
435125566
254920946
189729793
191572788
632039175
357845378
804665161
621976274
305064557
162006072
71997730
612553426
592669607
383201658
96153509
18110447
564833128
243607434
388727443
370852502
18704942
276044136
572148628
539504656
17656053
531673767
418684949
22626487
436829061
24207215
42376788
20857243
753900530
383893552
315271681
33148070
16203277
478000546
219597779
22147328
348475071
387141039
375000780
763839000
17581377
273444861
628438257
106160358
576366247
21177093
802984387
129608659
260746655
557814390
211961757
576499396
500446253
18460246
44294594
362651444
598172806
125773111
59276937
404831455
196268849
32316760
219372335
318951760
239374959
61969829
202363803
552342881
414786039
19286137
33902257
491859197
186217314
339619278
111371656
309996789
237028918
18670712
350109714
270017724
199324245
17267124
350967687
362584398
772173078
93926813
213270621
558144729
303944481
21670055
35151740
579063106
288606061
23882575
538353014
22371144
165216592
331936406
331722914
589013154
15893738
42913869
257909296
727025222
325551119
379077917
279708235
22550656
141258316
51236775
342948504
264079274
165540020
35595253
20131234
292927589
19549651
17783469
597104182
415565900
25735268
198286019
23278149
719908824
108782025
193458094
704942414
572904077
35551355
88944063
136917600
15571759
310018024
16379583
45792665
554147941
79238760
263077041
473276096
622352594
100661010
21063200
191245515
538713448
429331460
370749498
161268346
554128452
89266499
107502588
250275890
235694624
45894200
255832971
16461109
471372890
374151875
331668175
321878974
198030790
25731832
39277935
32943967
314729967
29114908
33889918
478363285
62603252
259175598
385022309
318362557
238387038
26816096
200403299
357624311
170157711
263407416
359411249
580693050
209218816
374184800
374694984
347900133
137746479
18568387
267473791
282673615
326849852
22118500
494129936
39733846
522324378
33143109
381252876
529398155
197848306
581302776
318848625
86222455
539557202
26518235
289110640
44352326
27407426
376878227
100061114
18008384
424300166
557146222
411770875
48200533
248844811
196143971
122771089
270609657
57732083
179035546
345287308
270703630
321141225
267896011
269582088
538323126
64367301
524254000
481679481
491235978
541995704
384651464
16407513
150055237
272986801
561873782
22553695
57314661
31550998
524775197
59972733
386404644
253095714
72067562
148103908
126352193
442926327
397796573
97730775
29809804
143208939
17926167
162902593
415587996
259581901
377958835
130722453
357605917
206685083
518163731
18220346
543566192
433907009
258127328
133314038
49558210
77389448
538689906
396722446
429493459
515349122
48001294
294287416
295296412
21919973
21714304
505449542
476070851
425339482
473991078
410370160
183299881
48821786
52374301
210100911
173122580
22217875
36912746
412676989
227930489
35682498
19275349
298628962
248819644
180972975
230816917
17299863
45593442
235198654
49066140
20254729
93197648
19445183
266178079
41861093
189515218
479929470
76384798
105731038
22286978
18911502
54694751
119479884
179656777
18790175
305598508
18434352
319825614
195882159
17390134
261096755
377792656
441960594
105155118
234914524
480149290
476446009
161214457
347515784
45438220
484966656
111632632
314205994
124519035
122362601
226131485
50782199
307539599
22557651
323892028
17871405
40700760
344157735
335741698
121578584
19784043
23821235
179912614
143590900
49114723
20179009
82614768
140302840
82961525
418791122
274053741
462441844
47540602
36769407
419880670
145935182
186165537
134599060
403423630
312793465
324932513
60097151
49405038
77538724
104196057
306405968
75600602
45964388
67696043
243385468
249721079
19706644
39462692
38477456
396513913
17885818
415918902
201479639
20466807
30124396
383564965
426624033
97531956
64847521
92813824
114449008
188166216
160429690
216177623
184534970
23929222
41407529
223132445
329907100
81492307
309807040
30413144
118208583
354700476
39935614
21693499
31546409
353108173
287904420
38060989
168352790
51866575
22523227
58986549
136655656
162147753
63535994
37178581
211250823
269896437
58069326
312948607
324404740
216130843
21855404
26422301
33240851
154194062
164440020
278229268
218404649
40123755
216761108
330194253
384339271
382633525
122762771
142359076
355318108
59594810
126483531
195005118
314984569
188622807
103033147
132197642
149422707
122398808
109085499
382826406
372894651
175794324
51223591
221011632
363771823
59851270
344720357
247474040
17833019
188370588
322690707
24845195
235313543
338307621
23629364
325583017
37401734
204525862
267875294
239792997
261696239
40071391
355641574
73741871
20436235
143306183
371993944
362440853
40452387
87036637
72288534
368782551
55788113
161437164
283026002
18745256
54841345
35194010
360554797
358166026
238477929
180371715
286721350
315570218
322246565
59322354
270296701
352783995
214771684
17665723
320322355
119138521
58557627
330777581
245324184
314918301
163753895
330584881
257639077
261709124
186791824
236531841
122164346
34808061
53055079
23630550
30670198
106747553
57727709
90861254
68117062
26091734
22018837
76394205
109386875
125435394
154516209
162172320
57594251
128394849
336360794
53934400
75398377
336754419
221340034
334305565
24109058
243783244
23099376
281349461
34221832
149453020
323648321
227186254
238028993
131021790
19298156
18692471
105371267
96025690
76780887
161610876
226399301
246508478
206576472
174672648
243273429
185248181
210428405
247044756
232603412
20969259
246526211
79799893
56708014
24373104
50062534
21790009
254515494
120494557
18689989
312970829
233254138
252560772
27394000
267068445
238313665
211952720
57668892
246747792
92020337
19537958
124235071
249276159
107809629
84467185
44289504
58644323
24169565
40218214
25731201
84619095
131523363
310619553
138497412
231901803
24121325
121839232
87284177
107828803
81046829
255579572
133872067
204428894
60475211
89348979
245133733
89032358
142312225
38863479
201610019
18964972
68816031
113356753
248851287
19366380
210666689
159099962
150502354
96096911
31431482
102795715
208122157
55274936
211667985
173793252
240818409
211495225
204542069
233726904
195726563
37238128
151971904
20823647
164001103
120826423
106448103
60430503
193782408
19065128
94164077
27672899
47032138
52145644
119710421
85603645
50291123
192394120
108299324
224509999
26670983
169701996
253934265
72877762
249903977
80508926
27758797
58845462
108634296
56803071
53632342
89447442
79830711
87284721
130661460
138515543
232449317
186817133
191717460
240721478
134505123
133617319
31307744
18916882
29260729
255582193
24260060
251670508
240810791
29867282
33264064
25707034
20427515
174647869
19850326
37322131
235340505
116453541
83155440
233670168
48144269
233879121
29187025
88957225
216788652
72459062
41816018
207812893
24190866
29274025
154231801
140858699
130566591
103732556
46300066
102238992
89239054
241264285
