22650211
35018050
34630995
2255460432
273542042
4179972346
25203361
26553086
139823781
243835805
759948366
277546050
618300542
25092574
115093438
284602545
21258337
166852432
36528126
20108560
32004130
3236218779
2467791
51241574
759251
14173315
130997057
26257166
300392950
14920785
17074714
1198406491
26053643
2883841
15279429
19397785
16228398
30313925
20978103
44039298
30364057
23151437
18948541
15485441
15012486
28785486
807095
16664681
742143
15754281
14293310
229219088
10228272
14824849
14677919
14511951
21217034
14075928
19253385
16952739
16303106
158414847
31641658
23603092
23085284
8859092
23494080
20605217
5695632
23614207
3316205206
238319766
16538186
258868912
172887151
44527648
139848744
112915037
121626258
226269907
250831586
2967072720
2717254872
608718058
239637813
3083051954
171197513
3248928739
3431844093
3363099796
3250085665
3694796592
3368226502
276328808
142210166
19777398
3246989138
53775273
21442298
23544268
1587146820
3275352889
3247200464
3158128076
2288688344
1576384387
2569820844
46835005
55117855
25341996
18018384
14840869
18086960
20727819
67418441
23990483
36947388
18812301
21904217
20015311
203162990
23560015
14497313
18667907
15291335
20255162
200163448
34418203
7025662
17243213
267850381
96915603
50537131
507762718
256120206
280491046
586136477
209388383
2438944843
34047021
314346618
2731419695
272780952
2588957148
2292411283
547271625
127975950
176566242
21111883
1557315432
182892767
352145373
95023423
48832474
33385619
2708476175
437154911
2578816658
2553192907
2723053087
327681825
365411036
312427406
362331386
44053019
237637607
282637991
220804054
493294212
22692199
351616830
717791148
282372236
195030769
322743355
313107787
297623892
114966196
49070781
21999375
1556551590
29391021
2299414470
52207856
2629623544
2624432830
2734701814
2577197282
948408193
2442711308
195635966
1167237902
2718845866
344830317
191663909
34967191
343028383
343782090
305239778
85591348
29578613
93935921
28638191
740645960
356707195
45084918
7210172
78184379
35625041
84763870
44966340
24228666
164229992
182536580
1061185975
34507480
70054190
21778272
351259443
309469832
52791522
15497883
44538013
31711523
30813505
21255978
262359713
29964675
28562317
246481013
53238154
19571299
28204769
357441773
20485370
27335022
322826346
496774903
547962280
74864333
109376090
278662460
631478663
16113773
612664118
1960665782
930654523
133880286
49045252
496224148
2321532673
144924285
298115569
358855692
131609541
18644989
40080395
28429722
443291809
53443210
19598181
455499134
32135595
20753507
35874969
55740264
428333
21414413
6427882
38536306
41259253
41229669
500042487
19411107
142157505
15264614
181561712
62290422
125481462
209708391
105119490
84279963
158314798
70154449
35104660
250261931
49702066
75409263
392447301
997992157
253158870
112733629
1119641227
1134917526
327689443
1058121043
103023247
555400121
238902227
62031136
112021774
98673406
57333607
112308083
307749676
41469782
43110047
27881711
52092754
19536314
30017695
36830094
19189455
102829434
26813101
95955871
43269420
43283406
238475531
236956880
1013557603
1086485478
90334660
16222584
69751644
27278861
273283549
158848407
128393253
53737367
26861998
69151690
68819587
70807231
68792362
72946493
300844271
18812572
68813436
28211427
68818413
68795677
72694909
72970581
72644483
413487212
12513472
21148293
14094741
336116660
112508240
21506437
259379883
19554706
17017636
22657153
398092540
16312576
71876190
48410093
50374439
52551600
15693493
146290693
54682125
25589776
19058681
90420314
72599384
2203925695
1573394840
71381313
56405314
27014239
1377972024
554818467
319043960
77888423
71063316
184910040
124003770
18228898
24963961
19330043
28706024
22832029
41265813
14780915
46499264
1967273276
49032080
28067008
93908298
19057300
42909648
20186666
242038713
532370452
35552231
25844015
259553578
32186233
583006646
427926615
44224400
112605001
114898941
254254909
196778659
525083028
38251645
408151651
346031685
306446395
377039040
33756947
81128674
429409306
23922282
177249094
153307373
68816598
17919972
21447363
261463267
47480333
24837150
97088185
32175280
822226004
703436646
56790952
85452649
15846407
43778014
84366331
92879369
420763057
35865630
37515801
1308334518
97061453
260910957
