99428558
121558178
130649891
1526228120
2244994945
2857397298
87532773
6253282
376825877
6844292
2549012761
343523675
16958875
2249227634
21216071
1690311726
2616980359
629573379
1098360060
121158213
1098320611
581221150
409551566
16591288
15231287
384600885
18222696
15281391
15076390
10977192
10194682
14051115
20536157
12615582
2735591
17461978
17906428
17162488
2670321
28186908
19397785
11348282
1068831
22685200
14620190
13982132
28172926
17033995
97516929
1717291
21509975
1410575929
19192943
5746402
14180249
4641021
84351228
32359921
323468251
26775859
167234557
33696409
44408295
74286565
17813899
18812572
20348377
80069355
18007289
29982353
2251012789
23095461
37718217
382685028
2205286530
2178990810
16810559
34036028
14710129
160585014
16614442
16948908
254218516
243165626
89043072
164400667
292758442
515491937
2803576592
19898168
2149231188
1244602586
1129760101
1552686908
125091169
245792710
205712201
2812472208
3233446856
66370198
70358588
106499099
1947929173
93940549
15184929
1882911750
545618159
2187854426
2294403002
63796828
2561029142
211110199
423628995
633757427
302129301
1877831
16112354
602303880
66780587
9184682
7179142
454340464
523317676
613113248
523332812
1327886654
1336776781
307427212
29873662
3097513575
4157736555
19224439
16827173
356417041
1339794553
86582499
27226503
381289719
76966145
40586273
843706801
1710345565
16589206
36442519
32674236
296026280
93295809
146095589
56562803
5402612
33792634
444471631
136219101
80864710
61292961
15072071
103065157
39268731
2389530872
190799682
2795987011
2617304330
3190647343
3017891243
1715207018
1062759055
267783761
337062604
1405363537
362953163
563455650
10876852
474530348
1305940272
106723508
353817988
541042800
29497746
260741931
292515375
915909036
213874114
38196305
83466368
18938646
27860681
25098482
23756134
1280591796
14431752
172334984
567419450
314308062
2384071
38685459
14101428
43161871
249550279
2931714210
567665280
2903311695
140331083
2781650036
17571532
3226990138
95029366
2311820418
247171958
34063386
18858395
28165046
105189580
111306912
224912517
2961953411
102767631
4215921
167195896
3141247490
3111292801
9676152
299364430
1118451
459988178
3196773181
1286590622
15754281
15426758
9737032
7905122
11856442
14539324
25562270
6486602
19661363
3819701
621583
42703075
73147282
112243365
14885549
819800
717313
30261067
817386
2893971
2890961
60642052
14372486
1344951
2244340904
275686563
327484803
1589140652
2400320881
980550565
17220934
573918122
46744791
165007533
266733759
138706071
26792275
25049177
114782468
151155898
49736166
8841372
16746076
17622474
20742461
16581604
16955517
235322186
20449296
972651
989
21323268
606571099
1364930179
237417499
1674070190
15827269
74130577
174256096
112441291
106878438
93957809
27073265
17460268
18481050
208155240
5746452
22255654
47539748
19506790
5763262
14921083
12
6385432
180505807
338084918
58560480
8161232
34719119
138182116
339750414
18206161
378223565
17889970
233704756
22631898
595822244
58550415
200879177
17503180
1394399438
21982720
1534167900
811350
2295434528
19058681
13058772
19079396
20538658
43976252
19720395
31099876
16630600
254136706
18949452
67358777
278691695
19407053
20562637
65448361
44060322
1310354202
113963
37710752
2329066872
19725644
2916305152
1000591
183749519
1605
3226561
3291691
356070637
8054792
14251712
2166239983
619062364
2749988258
1947854468
117011537
2989431735
1092795044
386616537
94799938
1226407237
19962813
461709336
7087112
452431635
707471022
361289499
1024541761
2256723560
2792692048
2799482113
2800199377
3022724582
2883275355
2841806651
2777372786
2349677066
2719363270
3104175973
2485085857
3141199916
2840319232
37945091
2826768073
2891872810
2831974987
2851567557
2891288157
2920703780
2800706852
2893645300
245708028
120217131
2888283466
2890747941
2902211919
2917186808
2913359544
491188132
2342604252
469350872
2894499647
2913173964
2925409258
3073260921
126020491
2369469746
2793449897
2883088607
1356305712
602877723
1120000182
71158750
2635514628
1098915294
3099498155
2218416402
3000670729
78562115
227943399
28781609
1434164370
2883394528
2548341234
2783947130
2559322332
2375170519
596478518
808550016
268375467
619241936
2563098721
1114932710
2507853745
2348460625
3083005239
2247967872
462852962
15760637
3231933975
1536791610
16225240
234857514
1666038950
162611402
2195935147
3296256952
78067299
113925201
229404676
154530080
977072106
2993079445
2803642033
813286
1055671
17374576
3378920889
3384393058
3384297507
3384333461
2220574757
2899326505
3318339024
381264102
2508348145
110171914
14279577
74139459
2347049341
1754641
742143
175883705
807095
14514804
59486068
44335525
407054921
18639734
2149222255
30313925
50393960
20402945
1652541
5988062
115486067
59157393
403014777
28164923
182876615
60024268
205694329
27707080
51241574
369915041
16973115
154864075
332617373
437805566
5242
384232311
2212148934
331877987
2851169067
457093719
973717502
168296282
1360853904
274841449
2302620180
381146330
268468374
7517052
18571332
44734228
51912109
16228398
232219287
600378539
1322691
77888423
8453452
207630487
49637104
1152279248
146128105
28381563
582390700
2445459474
14923571
14800270
15130891
201891203
455366870
15210031
264671180
338330795
22240612
1630896181
2566535282
934399189
2228891959
3108351
6017542
1582853809
167449793
179279363
385985842
249133656
1338492199
369539186
230227805
272974278
231198240
246921377
508157277
246916986
266492976
360748450
251021327
270199529
269674454
198823085
122143792
8963
180338115
773944
619990648
266001088
273110853
1023832334
1051843747
326967738
543300316
309554295
1607687832
48829800
30627754
135798140
115754870
87818409
14677919
15164565
5695632
18567018
586671909
13049362
1636590253
34743251
219846823
13298072
64643056
44196397
94682674
1137701
816653
5668942
419710142
46063
168857946
185808487
24775410
27814665
14225267
914061
33846451
2457081517
113130846
7017692
16242081
5943622
64844802
2529971
529798141
586
745273
14541402
10078
14278978
190292949
112880396
657863
3840
24227424
32778531
1141627460
105353526
414268101
93529573
92451364
7520262
136842204
250758475
16295834
19651092
17790265
2149877280
41516710
25827743
375980238
271138078
52166809
455824771
21232827
49663664
203652149
14297693
19399038
164814211
36499730
16243984
229143589
15588025
775319148
262144590
514835972
102527566
22330739
31546412
170428232
133483902
237591901
96682182
102819479
17549691
23390520
72907355
61342056
19111917
62562916
15971805
394642779
66975479
14216123
18856867
59393368
42589787
316485110
1381510116
102700680
81065068
14886375
15110357
16896485
621523
5120691
624413
25053299
91478624
4898091
110974198
296924721
459277523
632923508
1222018640
25709609
20971676
105267145
1433652877
577441185
34208984
21272440
34681960
370808273
34613951
57675435
252751061
227682918
69620713
104237736
35002876
34713362
