14677919
15693493
14075928
80700514
55117855
1184187264
139162440
39706174
30364057
14824849
559681243
87782348
13087382
374716994
15485441
238153225
957528097
176824903
807095
641383
2132791
34613288
7387032
21193380
5741722
5392522
15144411
5402612
47748222
18213483
14856348
20109973
14035242
14016912
8948472
9499692
157247887
132232731
21107160
41399122
2467791
20694211
105801298
18996746
19742143
21095905
9300262
46403451
249565951
171171584
158414847
12395922
19193333
115485051
440123906
8953122
127574333
16303106
78060947
316389142
14939981
309283501
47979846
