14677919
51241574
2467791
16955991
15164565
35773039
47359057
2165802462
1830967873
40336792
2824741441
20890666
20536157
494092378
336227141
1018795410
467014071
250385449
2601348246
70001932
250485360
2357080411
299653309
2412912841
990286460
2492526241
2486245652
548788906
2900968061
2900944035
2405078786
3340328974
762519018
1857546829
277165761
2496879433
527387861
3378027105
3579606322
1353696488
3314875890
2903014868
1565724332
11740902
1582341876
307851422
121546530
30570632
8287602
3296214932
17919972
5920532
453969450
3002304803
1007217499
34176543
391621145
28535982
10937622
375340663
99745205
352093320
2389576687
22155975
352947624
399614856
2813436138
33300262
18944153
37430171
79293791
1452578798
2275342510
2378204467
89447929
442593862
1000262514
602429243
31239408
60469337
84334121
1352100432
186718830
17781955
720577891
807095
14172201
1325475392
2413176055
2433929281
51140674
35664966
20793816
43904362
396924894
194137682
50393960
19064797
8161232
44196397
18825961
12
572225652
27946547
1344951
972651
23674342
21982720
12044602
19725644
17632756
485999399
529140270
19777398
850107536
354847710
110770469
16089776
40020113
2290407780
119888511
14581097
22416088
68290065
314195816
18218858
25557074
19923293
17143411
7831092
296021504
389643429
1023096199
70740649
166739404
15846407
59949396
544665608
19879313
299966016
393584515
458128376
174049298
1719805076
21447363
76997832
6480682
19058681
23561980
1075503824
26053643
133880286
115485051
8943
443215941
256573865
27457788
20609518
384132779
516198086
103649749
275135674
19520983
355307031
964212584
14872237
255657736
234521957
41023170
6017542
285446743
205805021
1714599452
305260840
39412101
1355781990
1470303361
906337382
414914702
418253658
309721858
15485441
224398312
89789249
790136510
19562228
32453930
17174309
27195114
169686021
26565946
28665877
155659213
284089166
26257166
2557521
