19792725
139162440
47209624
14677919
2337220459
2314885596
14816854
21362008
136220221
19879313
241382835
31312972
30799188
6480682
45499837
129694070
49748298
163971168
20972371
47027755
1093090866
171346034
14888467
286303032
19017659
25521487
1339835893
169686021
36193803
16319594
24742737
29442313
3508060755
18278257
26151404
18012372
83998973
57162282
143597858
189511205
364371190
58904655
23991872
76156485
210605315
15175095
18005076
22051140
35936474
807095
16017475
2693496433
14356067
346681040
50756605
22221551
2945540118
1000262514
1408457989
14294848
620142261
50393960
2480079168
204832963
146491026
66666549
364488011
1086485478
37759047
428333
15492359
16561884
32140588
372483103
12096202
17889970
14305399
18840445
198275607
3401813272
34488408
97491693
22291311
27649623
50323173
110504531
52034714
106592799
15321506
12398782
63122247
85836289
14761739
43881701
119133131
30013010
101008987
1264632619
48488561
2891580069
32490033
194636465
191725848
362099962
34674906
21897334
89018859
32765534
417344785
39215566
47999386
148890258
16288751
27047139
23007331
113751528
254936907
23378774
