14677919
180514918
1568995136
369583954
19612617
116994659
23719684
1616951270
19091173
164070785
6160792
15030766
526843552
1589747622
335760943
1532487553
3420181873
24258355
15484056
2488077338
489569315
3038622576
1382282484
53732896
143163210
177313347
634255790
31322844
759251
2305330178
14081194
217955389
26061173
174440978
563003552
2957202886
1356011827
443215941
139162440
55117855
3152224059
64462522
12624592
114546595
25521487
18874870
989891552
339263426
78629096
225939019
1915143750
3037221262
2984152117
32469304
2486873654
158414847
14417563
2584509601
2578019832
93492319
27042513
47285504
580097412
19879313
6480682
31312972
502135911
16900536
241382835
20479813
204832963
16303106
547027629
316389142
149180925
2319108198
2209742392
384678464
454736754
304591228
2956276775
256236913
334147483
24223641
1292376426
155581583
618108040
2869571805
1331862115
590788381
2251841414
1420958052
411255218
848113609
2846298514
155696712
2743113943
1371594830
759379038
2802176194
2335195314
1944953910
96130095
18125335
19725644
39689218
38271276
1876198002
400590405
2300302814
14090948
14647570
18393773
88159043
59289391
460009313
20822043
28370530
1918871244
1075003274
37710752
279390084
156166957
244120148
16490790
620142261
18208354
31630054
33318449
253809805
313091751
111207197
16525738
16413817
280630809
29479208
210226021
14148873
244405339
76147989
15677264
16589206
1947301
16955991
15164565
189376144
16935292
23818581
627949093
19688927
23125914
255814437
417831950
104634453
41741418
9256422
38658413
41866944
26129571
51837775
17599264
24112803
183867836
105285304
42462248
23121537
27940773
69812532
21341094
52404889
28618036
41075254
45820838
