25300308
72345123
4115931735
292904456
1300853070
248911423
501294512
29770862
24256901
23151437
210921551
3731172615
346353711
2717254872
2330975353
104299103
77938023
67358777
34338898
80937511
26598593
2327359038
500042487
500704345
1536791610
2378832912
747430898
40851965
539004555
178117805
17681513
862425908
1705202990
3131375848
21722391
2857129626
32718488
189123980
85064925
150374883
172167342
17240069
2419427275
33397058
15925185
265457382
121839258
26149716
28204769
586
19058681
121576231
20536157
466757843
465978180
465908990
213397637
80676273
109559925
381289719
186154646
19663264
463429083
30271564
23314049
29344169
349446467
2914489144
388335688
16261707
35701040
125356532
16296057
13416712
16999240
2978057428
338484640
1381035560
163755960
200163448
259522800
370352314
1321077600
161801527
1281405877
21454322
353884793
629892954
143192279
17169320
18228898
7744592
107107001
238319766
344955115
20012204
34993020
59524045
15492359
17825445
8161232
280329422
3021611
40937524
98715369
24636272
27911944
7712452
12615582
28706024
184910040
100220864
79603094
116260753
43289545
88073128
460485003
189248614
718762573
17998609
129346101
72644483
2585123630
23556859
1373018959
469947302
18806753
2826687324
49736166
51643837
325830217
185535650
59598716
79951155
489941699
30716172
284649974
25592034
65264184
1362885127
45694311
31001575
30023371
481549305
1180678314
24202701
630598940
74962903
294213664
40139016
20702052
20117923
140699869
85401970
158266963
30004537
93736851
15006351
38042166
17228366
35798784
36532507
74712538
27760317
98765275
174593833
179670866
57729791
18772361
41885153
257234051
43383705
12449542
161945592
116562141
24355095
2319593845
33581258
113897988
17471979
15066760
16365636
16211434
319442997
1539394819
338084918
28208983
24886570
58528137
631478663
97739866
47998818
32002507
468583731
31869934
16228398
2429157529
525264466
316389142
7658762
158414847
50077192
50374439
16303106
26053643
91390383
26633186
30364057
24852465
115485051
17919972
15846407
48100887
23690344
270005881
21447363
1093090866
112508240
2425719966
50393960
123416490
14800270
40302336
35094637
813286
20479813
19697415
27758112
187428929
113560280
30313925
59949396
16190898
2439081054
215711725
21326100
213103227
92636901
14820997
198164569
26757599
51241574
428333
