22699770
31928507
16000318
18768225
52557448
115691093
70100659
105572764
16568227
16517711
14677919
20622594
91377850
67691067
16965975
154120223
173571848
56705709
763313815
24807616
2327359038
2327672161
31002374
627644535
3646911
50978126
728549635
88672791
136661241
67418441
85895619
937294358
574168493
491709809
30614676
111114287
1924364738
75038342
160817572
20177423
136361303
47414242
278541182
72568426
348379865
326359913
16935734
21079277
19386949
16528461
16807000
226405727
19264381
47005268
515590397
143633590
426559013
216030975
84185133
18918939
20002004
81783051
133651713
1200383454
109515460
18220380
39312986
471897553
93928272
130931187
241269577
105801267
23940768
253214148
191167631
1423992792
2190648486
19022035
175751967
15687399
201888883
194670769
281067933
215607793
15748390
57051476
66643640
17844854
14199378
7152572
53184098
28539888
293459627
50257759
111631534
271982008
206698353
19864285
601049541
21414364
350411337
508573682
239613168
18542382
897353796
19911310
387562192
1161409933
83088776
20439102
21289030
147989108
239313282
21744554
300355838
19971012
29317434
72520597
16576356
12804422
89211580
137645230
38440548
1494242690
15057943
1440641
5225991
25311070
19066345
18807671
17057271
257104729
168830812
1962874040
401303524
179543707
245957167
505877208
1008345998
