15485441
46192518
94129050
810424
190686728
2197619727
21903700
17072739
19355454
16548243
14677919
21021891
15846407
1711030874
45564482
29479859
26257166
3193511689
616262089
3142401966
1314430076
138163749
288290125
235288742
20663500
79962986
2475167636
420374614
1139568643
2202346443
3064694563
3280806276
5536782
2601495001
1255170943
177192265
19444883
66591836
216289357
52032722
458301345
245956466
54296198
348415215
148711787
23573083
79192770
2939965153
402846459
342667611
85307509
405030469
737083400
303348842
470307418
500194345
464857850
394874235
228027756
370317654
16409683
441309926
394581283
141618604
248633508
278235826
278519480
578311226
8159472
461112276
242327812
39717954
292504250
400050391
850853030
141581140
228968757
283594464
85270883
214850612
249787622
610136945
868660088
203004510
588657191
160211694
102193874
182572386
118522723
226168710
247496847
152435424
138101269
233233485
21782794
16212685
262359713
19397785
99806132
300392950
38164846
