1330457336
14677919
15164565
35773039
53269717
28221296
26395766
245013593
22110934
1516409251
34210143
2977669374
2549047974
758383008
365781869
34216888
217199354
2809629397
22146282
247387552
33627581
477401891
44953313
1640212699
1855893210
609406839
95147798
21306664
346611655
454580111
2305786447
58352839
391834260
3234292643
32765534
490117736
302209247
28153561
27152997
95431448
89158522
1549213069
42040091
192825525
561879771
119758732
89534245
2153322806
113236871
39184406
317170443
3239739653
28078802
40918816
26270913
68412310
39706174
1209997460
214698755
102843040
32002507
82740834
31451408
38705353
405205681
180593005
29284726
581381740
274131441
53932701
124525847
126666206
37989554
33610050
377027721
128102424
3020277803
16225240
31126587
829673054
279321785
16314005
190366672
182107650
48691601
36184220
39275966
16228398
15066760
16365636
28535982
10937622
260907612
7212562
5920532
6449282
235441535
40516497
17469289
858716964
1086485478
353990363
18062886
18139461
205707779
15339975
34701524
473148930
186320027
1151681670
28176033
550521377
1270013863
2283706789
2955596087
2918265135
16017475
26676320
123276343
136135759
2871243465
360185259
254110373
97036677
54706363
14061640
361492848
27988621
135249573
480538809
17268437
188485201
240378928
52442341
95260821
121118692
555928038
35017255
83961950
250966199
50323173
747681012
139263686
338769610
133478732
43775786
116883884
584031440
342307321
18943141
1500269460
18691328
36434071
23501022
53120768
259375460
19735580
88763317
90959399
36139166
14420767
307478701
349297814
19426551
34104616
193368357
534976479
145248436
58677764
13213122
1702159148
219703427
1195683247
18023868
277717081
77764733
2435552080
778829989
192576891
48157037
1483855976
103065157
20609518
500704345
61277941
272250951
581971753
63133026
238005487
371524089
25843238
59001491
407450137
451585157
113402951
626628258
16403943
16672159
61830970
55307193
97161519
236647243
117809928
202315397
17479344
45842989
60600106
38116590
39799180
105147367
263713090
235683143
98400176
87198553
28175712
93997039
38376330
45027357
56381219
17000333
21762851
17590505
19968995
502295059
143604115
16816198
50076513
113189276
72063852
361287108
58588174
20601469
196229984
90687608
223321697
25055273
22386286
28481835
78350811
73774936
79806078
35011750
59475498
80178128
110822758
201894110
62966902
22829525
29068597
89033940
117266874
10121422
54791458
47650483
51241574
16228479
119106683
16233170
19201818
16334139
19665244
21419504
19185333
251892709
26070005
104561488
51263592
5402612
807095
759251
1652541
19968190
44166798
50004938
60617941
56886358
104501991
22072684
21612784
428333
2557521
