816653
13784532
28785486
15012486
14511951
2097571
1652541
428333
4970411
15492359
14985228
16664681
45564482
15164565
5402612
51241574
275686563
35773039
2467791
1344951
31448660
14677919
37999041
14839646
89260064
14277276
2319108198
115710058
149180925
30013010
57741304
113130846
64844802
1605
20348377
10078
27814665
36184220
117662694
17471979
11348282
34743251
44196397
5943622
3169963433
46457075
481366689
2802864300
14802044
250823128
26033708
132915237
163203533
44507891
19608297
15727317
17912982
204214247
2314042194
8865742
2745692126
2924211636
587811802
12513132
61398906
42796727
22159122
22323319
426260556
34701524
91208190
28870086
18063523
176595253
51263592
55307193
36362259
616254595
16017475
14589511
2546518086
19103481
17293601
205415788
20291394
85135948
120709326
78506305
98566934
21842142
2724592582
5644962
10819662
14170736
77026018
23631339
1435691
19921435
23500618
17489099
20265255
14211474
1043210894
2517117270
8824902
304167566
555198400
35048332
124285433
132617866
82507743
89792919
46207641
14353392
779830
28327049
460546145
135316691
28583197
117783479
14529929
15282580
807095
23112236
21918310
20150502
13784322
15905103
13787402
14062180
5392522
13783772
55570400
1176994477
742143
3108351
14293310
759251
