3220685023
3303271965
3302213086
14677919
50393960
7744592
14511951
807095
759251
18665800
5988062
612473
5402612
17623957
9779032
17057271
15987295
17636405
19639085
19412366
15446126
15057943
8223872
1440641
20622594
22061737
35749264
17909625
22009731
14199378
12101862
24016767
1774391
16365636
24929621
19058681
48410093
10228272
15693493
15485441
130649891
18713254
90420314
39601084
59624844
107930490
19212009
28384755
19074134
46186400
15279429
11522502
153474021
20177423
158128894
136361303
16193578
14399483
326359913
377920202
1399141964
2939027924
2939046804
2939009240
1696298910
906756384
336670429
1034496061
255117773
213539531
2432070745
481156800
295650204
53556894
104141949
577459091
188669444
19110632
136932734
43729253
249022032
165796189
589921934
1019455962
61155779
1041453240
185159449
41890754
71626760
32849980
81048495
1052586019
64510593
36184220
29493065
17471979
14369314
19195914
10933662
14140913
15066760
69229721
125944392
54610518
56650317
127483019
