2967119053
87818409
2914169049
35773039
5976992
14062180
14677919
5392522
32140200
16012783
16569176
15468275
28418204
15723732
29511514
22059385
15234461
31514136
15380529
2986066884
1852410666
2887554767
3214642571
28785486
14173315
15754281
14345566
2611014887
21410757
3241034409
3171117090
223638621
16149262
1067357814
3711605475
233296721
3036469979
3119529911
1350032611
3799149912
19691332
15252137
124949619
1624977745
282713139
74285874
603537927
400154146
2835886194
316389142
1301044706
1577440062
284053107
193978434
484417651
52803520
166062372
261451222
19777078
3319921950
3503803457
1252122278
579149793
32124250
226330428
18953989
2258218458
95220493
40316954
93933730
62882207
3217691525
36830094
78974080
1589744360
342150329
545501973
1394399438
2904466138
243867356
3506181196
23018333
22736137
3410365018
2229918840
202157056
2707280466
15349002
262351301
22983147
11350892
172840984
3201598408
114199039
48835677
64496398
107199276
2970856725
33694840
133907426
23442360
2710409952
2350513440
40105401
7532872
2925162764
25453312
15591225
241176008
407003104
2280838598
2440606436
165678616
40262799
20536157
15617631
3024596660
10228272
15033883
20836295
25508986
2233154425
217261205
2359311132
232183410
3061715070
2846143687
220928091
38619478
40000620
2246205954
2302421661
63623549
28634045
2963830033
2289894584
3318192802
2561597334
43374169
85488867
223937234
744118286
128393253
119224456
21223161
1506950419
2279641194
150784080
36362866
76987599
32717570
1596541134
513430492
783763632
1514153851
3439391284
86230406
74791999
288939502
3408041823
144621639
11346792
28349128
2818131093
68905287
2214991352
23690189
701072395
98446420
3069003273
20005684
17628446
430313116
20536103
23484629
7586362
24886025
46696817
15270559
109677490
14172201
259198586
84249568
3139023824
461513506
2324885606
253579670
50140857
24623392
47797835
1348226054
3093747088
2279092320
965592506
23149700
402795955
527723305
14857948
840011599
265518095
213402174
44292587
31122496
49341158
517164056
286432560
2551266554
263628949
238847911
296313827
2329236396
385187734
2377961221
87621897
1320141588
790022070
2600432198
2905927437
2934027059
15898569
216522891
75105843
955532676
2365765033
1302110917
176236495
1693499504
16011560
30317113
821785831
121234981
1029482852
2728231038
226076067
401311820
1195279112
2210710508
168262212
24100116
459601671
239591418
2837482750
1300402423
236002398
2512494217
188525525
349291934
119819464
220482647
23553070
464030789
16137656
114810258
17309010
41122138
71316995
24009286
20092888
20608149
26065374
263953621
117871850
242483742
43695030
29743182
20707516
17564187
19323769
113772027
80891281
61593012
16987689
28134128
57396395
36157628
15367674
19894095
25392508
21499976
95992866
19948340
22201444
333923305
21916097
46937722
35558372
20792804
131183171
21270437
42233731
34287530
15309278
169135464
21054622
21459389
35359529
20188452
24593555
163219408
21667057
20266397
16459787
61214589
21719637
21225174
126062547
13365232
50051999
15676313
19459649
7436592
15605619
760836810
2750513041
19399033
44212536
106487501
2660261125
304160875
22217610
319186580
78213923
16187357
23980673
1601119730
28336595
115109915
356656257
20272593
93325565
2285853494
131948686
18336787
413461271
2728210856
160358536
91151249
411021654
318571154
256350073
117197752
178037892
550097026
467633646
1089915734
2171417172
944101076
49050047
391524267
1112746909
15138818
873111349
59572184
57941869
24359937
20666503
41065677
475265052
145178668
407684158
2183152584
564000560
48434407
20974444
2368773169
2361516942
1516776073
618536699
25473698
126012350
1250710064
106231991
2247640669
2377072776
1965185557
326827919
29568759
1593446552
45075302
600546845
1133129990
1330245092
225072440
158790926
1250006162
105272955
50449246
1516479518
211256356
65385312
115599286
18974743
1109184313
132222491
1685739516
247632850
105143558
489879335
1106251982
2276982278
28778627
1087132734
1733223890
48834856
5912732
555307309
20414217
266208793
14968854
2390464453
98986981
358763419
18521687
403499893
570290656
919676575
324090764
454612907
284602545
323487376
224722164
633821252
307185347
600302564
14447173
1209786900
56232543
320889964
1463354893
26595145
23257699
59805083
39777730
56141542
25997124
471024328
302763536
714541010
350471684
178814384
209383326
1415860076
64391670
2266329198
2264725460
133864577
1428434406
909284586
1052272448
147990993
30300066
38345355
1223179933
17919972
24886570
58528137
357113635
40262562
1441429206
37334168
572008155
766251186
24753462
313133078
15578929
237845487
740895416
1276898760
286163867
331329418
20644851
7872292
619566654
17627234
739289766
1363153292
1447681614
260312885
16447755
42609957
314613453
87403396
72660240
16394643
353395211
34319944
155629096
1249632366
522561850
45381821
506726205
605477141
330954223
392116193
555546155
1031894647
1356303252
156657184
411571990
114295322
33284128
512500898
1004306197
16462209
16248319
25281063
16127669
19478383
71555146
542956778
14400622
271078173
7080552
329415419
1656367639
1571055746
535011501
217906833
578321883
1020261518
42867610
72123781
20813935
28534252
300374811
1598564550
70728069
14983928
210423504
137733776
93459085
22315090
981940363
1368575406
1536789553
121772668
101962460
162691514
355906128
87744489
33345091
766375062
20897273
246494005
51220493
23032990
307304105
996154574
78305985
1376002592
61639250
541794348
292229728
1144182920
815902142
596879511
310240310
135954677
335857321
376718820
321324352
268609008
60514810
18602971
27045167
17005418
416885646
262041062
255396891
1132447022
15981505
486212158
351978832
389840943
7385452
157975935
55586264
16930304
479771387
306405409
1276405585
65576255
1275662162
293567636
14112296
106837463
772574102
459854857
1347909548
138499145
32166535
320995827
161871249
57487222
512894113
328635820
31413401
262876380
63224987
77581732
602163109
14516591
15147370
15169290
93430402
44106429
26631245
17396566
15603642
18091353
1372349114
32793294
178117116
89960822
139510761
21623101
13797462
21131960
21700472
15898172
39325335
119518701
14947790
873347424
21458923
150817665
95431448
631478663
269561076
245097731
69910286
328695608
21749035
346811560
34470537
17188950
399458477
404264459
84933350
288450719
484914298
28683302
71887830
522668214
1174489519
14360757
19301765
303246156
582943849
40488131
1230368588
434987814
166791746
15745329
101539292
410778280
340559842
28862575
455484672
181671424
31062801
177580692
12874852
40690995
172314205
170759604
545387864
80068767
210994601
157749427
343488750
599762946
195016054
273616864
27007725
39268521
772693676
194619736
307398695
316042041
152523668
24179708
65372591
155379406
163535738
15522938
17850012
443032696
32543448
18804192
370280650
592300000
457354402
567439797
218530417
407697368
484077854
33532787
619704867
83473148
472640467
411758522
550248176
1427181
539060641
14192558
521555722
461013813
15364820
23690344
14920785
484455867
137818683
23323847
357944325
216444984
18210039
63969142
299095877
330952307
269966713
993334519
569100061
363753832
365331816
33152204
703206283
180505807
859921861
15274836
26668603
365118768
868407366
281158191
36925035
176374707
573617078
15885783
153540289
605045160
277168496
268859368
475319623
232914203
417869921
232342189
177609169
15433162
195527740
86003654
32995941
514677023
145316698
263322549
624469586
462208759
65645985
529478555
288593319
6424562
437512477
617614142
128015210
32190246
18087911
30433977
400348333
59962764
21360545
457338834
30735143
717366224
18690237
294161353
46946560
343669481
266373518
361683247
280746185
40286926
469689334
28332902
31248960
173669648
78132087
31505850
21375629
73996181
368055694
468968786
101003511
484027414
235195769
27249542
544741078
50774064
28430651
225010383
491809973
499302852
574922711
72157692
21166399
18849510
263991529
382066743
29625407
432145899
422216482
54072736
14124542
39382526
472585931
296328756
15801623
17549132
263459644
237538506
331132813
96639697
112040233
116640503
166316761
15288089
470810726
169077322
458915764
399637177
67118551
280883211
20122088
120036324
17093617
78108171
56139424
156388406
270463014
33545454
15542781
20848931
139930250
7885972
19602869
184910040
96915603
126000232
268439864
107436986
71174380
227837742
116710152
89084561
241747585
409486555
425240676
259392555
544517731
307384718
823905
539648463
229688900
154569072
23334132
328925045
30904199
323649359
20074976
270441750
267390486
39290661
62988756
89701092
22578825
171327703
69191303
11586702
220570963
183109474
275118460
20977910
179549261
250761640
374664539
237381741
16560827
36852970
42614178
29130296
19566653
256287126
128915919
306281824
17931097
66517388
262661349
77892977
106907706
370811744
29433025
155728998
86007399
31400527
14192589
16138699
150241962
62554155
24724778
24636191
93396189
15100960
346018044
25090088
162252203
91377850
22624208
43635444
429456806
22112773
15120121
395357493
38663849
813286
15104751
30973
119904274
15766969
393864772
444256512
375288793
428077718
134233103
291372361
36605932
30594482
22685830
400639850
15827923
32693404
142585230
9549222
369215126
269121456
140835082
12587862
105623556
48935222
424338422
17051560
403628251
16713134
45988837
159695505
437969628
278105111
19539314
33246276
245136804
408155278
436803721
225298709
367748594
16158101
17006399
114455572
38320158
54291291
14464835
210938747
427608343
332828622
405147238
421868601
334712100
396322241
421822702
113422633
19068720
192028200
378310120
333977602
157763349
389730058
16410171
293102560
16699591
85469660
352072843
13012632
15907720
316635349
12480582
78789634
15134782
22882119
27684414
351136703
237977387
18784262
22650211
49647367
26585095
294155645
294149214
241260517
334841921
195796423
113369350
17836152
261242889
237487554
14123751
316607724
28845066
393753013
310391675
249604124
287276628
294857756
179301488
227096222
15116472
37100957
383340135
344787307
241623807
371073761
370906188
38283979
76820557
53167863
95798703
28801508
332434180
12299852
19287216
54695409
152655124
174331463
140939384
248365555
18030192
19812077
329968371
145296249
61789333
37199155
14431400
89741201
365478117
286934815
181778544
14375554
174919515
157537483
24051867
334036874
34169185
81246030
26070264
256246191
351101356
29872471
22262096
227956611
344327452
16016135
339411914
21868216
319824986
42217478
40241122
16332704
16303106
41120064
24437480
343030346
236419265
106560890
53723183
16603472
153634773
34732867
211251699
45263927
14821706
19877600
116708003
22964815
24055334
37511883
190138054
224761403
41871799
316585288
153495818
207741450
135178878
71022075
14191395
243301222
20007155
196178288
294102977
92077614
145083191
316263415
25141551
88434941
96848697
260228312
48950392
15498962
266988122
21356531
20625822
141036084
294670286
311261035
89122015
18462293
11084652
268109115
307179428
306101958
285510803
289679992
18342955
298665934
285362434
195433961
270308674
15936202
285608416
37240508
284116967
242001530
291432124
287202025
36055916
272147130
164977799
213410586
272005759
24859536
14184876
252364529
105728658
106120097
18009781
36528126
104816865
142457027
235786130
143474290
251935915
274051415
268048460
15673476
61528536
187668349
153676071
279794849
17929326
60811274
21218665
255330775
55050269
270027072
183244041
269878764
18689581
24769790
259388187
20220015
21941394
258660312
227167173
44331771
174784230
217179885
230925648
159484945
144845575
235322573
182873573
257079884
22863920
25589776
21442298
232567162
220815022
258934137
124524462
185544539
134439605
124596688
54901469
213608813
164366124
41367605
135507122
48161438
37246065
60451228
14884180
37421542
30271564
220218384
34693245
210590052
23349288
236692337
19297186
239608599
59017872
231169266
144568919
19877244
199291612
230878459
14063426
15878040
14740219
1922861
20793816
21625639
22569271
19816859
21736840
24445538
20850389
17890520
110018118
156254463
181162841
97886498
217415193
17543375
186472574
66458240
133971406
47349625
20734338
74988238
88019782
204947688
144648001
200641059
18928054
196678456
18122984
84762052
141323736
143375045
198876744
155648357
33139393
105049016
14244495
163124636
165472401
758678
109003664
145287346
21760574
171107179
43110410
51202999
165301631
15376678
26491514
37406223
154715001
158919840
136674219
43612132
14602771
15932997
14483163
44164199
51441623
9115372
24915273
143989898
103544149
132286763
113991482
84527825
63649354
132191020
146317395
38972058
28345619
79524878
48957533
144430750
132604588
96674529
129431238
79380151
23105065
21474832
126646825
21918493
38344425
86586328
84960699
72557852
57151871
16936977
32993444
17766365
14463494
116476799
67837366
76516446
40515261
23522443
29176739
77279194
2601581
14886197
124916893
100096257
12610412
22423078
89891671
19866437
108126463
30014437
18256977
14902415
34777050
15694196
62953032
16056406
41291327
33743551
28008141
35799257
53151574
89069143
14879895
108118135
52823782
39263296
37385288
102842648
41456904
19504089
41899956
25616964
18948707
33352640
26839993
57691360
105042319
105271590
16609581
107807350
23592491
110611631
107218304
25429577
20659095
36730472
107250865
108393018
59427596
17663756
105952877
20806376
21297374
27279694
68507502
55999357
76807736
15652094
83869690
65372895
16871339
30034217
102136313
19070425
101483725
31072134
15817754
28676868
94664460
26404103
61849834
88816486
17218806
14651202
46225052
19033393
31705210
16595626
57547046
62124883
92077965
24704324
21374964
19300393
57383303
90647009
43360157
31055073
14516110
59304258
87579466
52263940
49216759
18975088
34093364
64219428
16116112
16228699
39124778
37154496
38978363
16465359
46954582
17375852
18781498
72367029
72553803
18446322
38451345
71679377
71595501
38016553
59362411
20067944
15958265
22464265
39654635
59621062
17154459
39545733
18739623
44905994
20961788
23857276
17970876
16540406
15098005
47348000
26268941
60181744
33113508
20832784
65917883
48407291
66693627
60373094
29153022
37786250
67111015
22109314
19002040
62398094
64354960
18649683
21049148
63570420
53197342
45629875
56796228
10029732
21536734
55638255
31515755
23144450
9579142
14270329
39342049
64275174
31150772
25092574
39508083
37294378
14147159
25244748
40468279
61223752
42193253
54315643
17248079
27873847
37068450
34978055
28876272
10948822
16590240
37443063
15652986
61797208
54705650
26601324
42933016
43084792
26294247
51668648
42876717
32799467
51971333
46728418
24176795
15939672
25856905
15933325
53899092
54253417
28018672
19770339
14902657
16610758
24073116
20781968
16437829
19787521
42915070
54058283
61183343
19624059
47419485
37988496
62513924
24192511
11578942
21512221
33605378
22182794
38428984
41368400
19934514
24744872
39653836
55386380
16439585
17383428
14513759
21487434
920861
41270096
20275128
18927074
57625776
26530860
22488479
32587909
57677984
56242426
53427397
25140900
41899673
40273298
52498333
25628916
42789789
27072733
24316912
23969894
16832044
15959806
23214011
54372674
21164974
14534060
26992578
23052659
17327882
33194669
48326068
52144480
20369767
54273509
31615386
29576401
23857769
17640558
14789291
22516489
47105932
55635430
45893537
20293931
15079457
27539830
32750591
19230569
34611457
36677403
32445548
11355912
26704716
21566137
52644208
20606007
38352552
38686963
35201301
27818469
37501455
25995621
29125472
32350574
29126589
15970124
43614628
47495449
38114580
24148560
41312787
29203792
53295499
24212096
24209476
17100618
14987805
25356309
15247417
21373407
25383372
19463723
18197319
19465763
17034582
14900079
53131761
24722914
53131590
46204459
7350962
42423402
19220217
38175941
25545884
50663436
27683625
45597851
6183782
27442188
23038023
25812956
52094583
23354502
24829706
28180183
43403170
44204111
38706413
38385654
22060003
29178755
23372297
18879124
39286819
19920382
18787132
25292418
50329850
43532354
34039123
27588520
19930698
22593807
27998839
18725903
28911522
51106777
25690886
34189554
17076421
43790779
15526863
42545462
30360772
37999722
15697317
15260398
14401446
20697078
17008780
42154937
19533571
44590172
17310934
17370208
24437018
6266282
23148399
27161746
38743735
42011057
18789842
17715029
37902766
40412111
24941997
32681541
34611653
17835189
42300167
15305798
44331200
43184242
17948345
41587606
17026797
20020028
16531828
33415576
21111447
17660116
15136208
17802893
18171994
20093818
37971072
28592986
23639343
9720292
14348594
35756437
50691811
14728168
45516853
16316613
19514365
24553792
24771221
18490733
17550389
23033825
40572743
14249041
18058188
23421006
23870788
14702746
14496640
26683578
19909625
30047789
22086017
49764253
25359759
22575417
15801295
16276457
18822990
20462506
42813812
29102891
15168871
21507883
35838237
14497704
41979915
22406910
40507739
15667268
43691208
42419616
48809641
19669324
22549363
46267849
47528326
39176351
46097533
24640969
46975300
15648612
45906313
48597723
15285305
19724111
21597038
26388811
18056000
8283082
17880018
10546442
29411955
15311344
19444365
15324184
15496178
30648028
18462064
22514174
33501842
41684467
20958802
18892667
18561676
18503945
42206957
44596860
15290228
40652856
19820083
45732318
29333172
21753023
17194296
44268991
49071588
21257006
35305683
7197892
18965664
14344125
16034314
14871107
14868280
24724698
25274451
19400496
24117200
42308590
24848705
15252671
1505841
36558139
14991933
25101138
39939697
25507730
17436561
21480988
15767302
8771022
20956118
16292769
43260912
35041597
20376889
44031331
22843643
14862896
40971936
43569712
36533175
17596014
45258886
21353243
38896352
38210462
24647158
39725313
33715044
47257207
23323704
19411305
30026482
15765857
30960312
16794766
45770468
36613232
42680623
46788138
14562275
15358613
14519457
25108518
18614995
18999163
18091880
17653553
40764317
14075928
807095
19351594
45624577
32134722
16648414
22656178
35606043
44834228
18882757
22153600
44832408
20776696
32155203
33066917
39004144
19608015
23473431
37102232
27518302
16273885
24391084
19721380
18397131
34958311
43802730
44544408
44247485
37566752
31549201
2367051
42558402
26106753
28488253
31838755
15947300
16904257
36733812
26419427
16915778
16290836
16299351
17290821
26194528
17918704
15447034
17441802
26598801
20049853
25592796
14089718
17159947
15817821
18899536
28114659
26079074
26605503
44301456
12123612
27826608
33328599
23886133
18347040
28463532
21916278
21067401
35241536
40366006
16494321
35782568
43082053
43741931
35355211
25560470
43653322
38571552
11327302
42754302
26606042
20996839
14336030
16378768
18404468
40992399
38060483
25458378
25767670
29610084
43011409
11915432
17271555
16429977
6284972
42722515
25395170
18498684
24300075
30899096
27783752
22927583
42905063
42962572
16485505
40028311
26929715
17292306
1478441
17459968
42011432
42128261
41020854
39339917
21326200
31715541
42035796
24210825
40937316
13768932
18554456
29472839
20624278
27087438
40943170
20785386
5739542
7111
1049111
4381621
5508592
798795
3089911
15732848
15236300
15598966
15593002
15662109
13690022
9097052
14227647
14195972
14682693
15180103
15221952
15232675
15255851
15306650
15264849
13873742
15638631
762157
798620
798774
798814
2771061
3265941
6630542
2233591
12901492
15338393
15784480
9096392
14337010
14601106
15303214
15230574
16262717
16343600
16541772
16553880
16719603
16794562
16654243
16435529
16747766
799974
799987
11444532
17121534
15613076
16162977
17154156
17058859
14822162
14391047
17212871
17409853
15339010
18013138
14948016
18423234
15374157
10817
18892196
19410177
17296906
18919382
18786237
17780395
15969905
17026987
20040799
18147394
15563076
18775075
20310930
21490073
21730371
19851805
14521522
10362012
16163000
16648099
18139659
17409224
18821975
20746079
21443293
13364142
22641790
19890092
14820267
20005551
14768776
17621319
22838070
18379672
14822658
14315519
19945978
20414308
19842338
21403218
19198025
19892163
7696592
23022951
18017219
19275656
20767647
17826138
19073156
19246973
15278164
14803589
19032295
6718872
6677342
21249530
17536514
17821396
14674819
19057213
19991963
19470538
3983431
5761242
18244585
19196591
19046279
19726444
18087633
18223975
11429602
16416226
17564499
20675370
18694749
4744351
18941526
17211197
22110597
22320914
15860317
5907002
21372170
20196002
20278502
22042061
43473
13823412
15125268
23652926
14126788
24404309
19144153
26266181
25581667
21118531
24361469
22367797
16450104
17610349
24691121
18080034
18226812
25155373
23890719
24279131
23335833
22390986
15446078
25951109
18179629
22180617
20100397
22602112
11153632
25095722
24164497
22255189
21714744
24443113
20365518
20111528
22836108
25102781
17792863
14847237
10238562
15293562
17911155
18085026
19350742
17279014
23694497
26098951
17686584
21528435
24426259
20952739
21240990
20915912
18104392
21685215
24085280
27030848
29862576
31315249
23881752
18405034
21363875
27580815
16315753
19129102
28939363
27105890
29451437
29436649
28296995
18957072
18749919
28091399
27876085
28941361
34389135
33375234
23246039
24403198
23730210
20811715
20291667
18917522
25823587
33800369
36074620
16537556
29661799
21436165
35535990
19882506
35290406
30615791
22402381
21838829
17530904
34694898
33271948
20003267
15171241
32966205
30191147
21607015
19877707
27985900
15935760
18572921
18749836
22933236
17133015
16213046
16373580
17291240
25449680
30806375
27421604
20813217
18823962
28026571
26639175
17426275
19275858
22614516
17300594
16508469
22999070
17829046
27856946
18919273
27221070
22294242
17946356
27053986
28990962
6158732
23673495
24802266
18599970
28916640
17429811
26303104
26345239
19783930
24373402
28756797
19105844
16261382
26450045
28704145
28561208
25767176
25913116
19276184
27975581
19357155
26703398
27978701
25619652
20158235
19789675
22142462
24154420
17859027
24349679
27314627
27425176
25947358
19756785
17249431
22813991
19753988
20941451
19091497
14404322
23183710
24611210
21120028
22913658
14792027
25027241
22234646
23152600
25818923
19600550
24998031
23878579
21829677
21129735
25883038
25469000
23343201
23978701
16341254
18632495
21684040
22947779
19270623
23844160
19282796
18529515
35547703
27851882
24049148
23888807
23361675
21796607
21791161
20990623
20954793
20544150
19503343
20385696
17220400
17006004
14557423
16287599
8498692
15013049
13785352
27909980
15131310
286703
22079448
17558127
15454495
14650618
17272108
20403360
25674331
23683439
14428947
18825732
21263723
17086784
20463525
15271970
31219852
18560904
16337770
22184095
21224356
20592762
19927627
24112966
20632528
16137054
39740893
21908532
21001534
34996846
16845433
29343046
33549478
20608910
33514869
22676390
16190898
23016395
32671070
16129920
428333
15485441
19397785
21176056
24223492
14149146
14701059
14699524
20929515
6046802
6011972
6173842
22905503
15846407
22592787
14140101
