14677919
15679641
165699676
5392522
15754281
612473
26663329
788524
24886570
18863815
39378322
17919972
184910040
87818409
742143
2467791
3108351
2097571
5402612
1652541
14293310
428333
759251
57841792
19725644
51241574
15862891
37710752
1281405877
8963722
21581503
1316271104
2440909913
28165910
15110431
39522692
17842366
16895274
46319532
151232686
19658826
16438248
1446130388
23962323
19402238
19722699
14647570
58545637
24083901
1451773004
35905121
3245135844
285332860
866124072
501774653
2871571867
159588456
153784150
552582271
325830217
287259190
43166813
83795099
3315182226
472830024
631581678
250791516
268434223
74594552
45122598
627673190
24919888
20609518
773069256
18164420
37291805
21436960
40426996
572225652
3317038083
14755492
62513246
333431313
3153147475
2364602107
119593082
40413666
3028225141
2929930801
138220302
558797310
94470323
611124886
3392697897
197191934
1445077393
1198646564
1283748854
13218102
25507076
3096642344
82687751
3251863919
1959556592
1877831
2968303511
2497761274
57886044
152987149
2330223926
2847348561
49111486
759695298
183387449
24680023
2864603841
1451083940
487833518
1435461
32372834
16817883
17292623
16465385
245086980
2533104750
1879831
65647594
14946736
25508085
54680946
50016578
1339835893
2774245490
2744965082
7861312
625022363
93465778
2823700592
564814516
2926315260
16303106
19802879
24183598
22662744
132193573
161760542
15431856
1183041
35877766
337886919
453030125
208442526
17314160
146569971
426909329
86977818
16619832
180200031
13298072
34743251
259392555
14575107
807095
21645304
166739404
1330457336
30313925
14499829
33933259
14159148
9624742
66369181
14692385
368992130
14275261
2717694091
140233086
144576988
836181289
1245247988
33051095
50115087
15473958
5988062
932568812
361150095
1115148079
34175976
124237063
253536357
516062567
186154646
180509355
1924484352
109025212
2718962895
18169240
31353077
2485453657
138401594
2275964431
330446733
2359476565
198521390
493278212
1269425228
189253902
310804819
52768208
2603994961
618387275
955605308
330921167
2293295215
61433111
2152685876
2350218440
138372303
342599843
368220699
1670174994
1283561876
129832378
390287262
95255169
78270570
2586576438
89447929
142730813
533085085
19596687
11348282
2359926157
114113415
810198127
8775672
17471979
40055348
1636203818
22674756
338545569
16245822
47983577
