1931180172
20543416
15864446
26574283
477075966
4117402515
20402945
35002876
9763482
239351466
32362338
175011665
14662354
17469289
42871498
60642052
19546277
56950249
16664681
122116666
104237736
17133897
816653
27830610
8839632
536619948
21078655
152866991
66346348
1877831
29998941
86141342
36683668
16896485
21114659
114846623
18860860
114251189
107955884
26792275
27860681
17006157
23484039
45564482
17093617
25390350
47301285
11014272
102700680
16334857
1886037174
1754641
5120691
14677919
21982720
67358777
274962019
20562637
79970951
471010707
757303975
2583889045
204702215
2468001186
3240235459
17220934
451586190
500704345
17461978
92367751
30704824
11348282
1536791610
2359926157
11134252
325830217
1636590253
21323268
624413
25073877
110445334
16129920
5392522
15485441
1198406491
16312576
50374439
26053643
2883841
25365536
436266454
2246341620
21111883
268414482
14230524
205302299
23544596
586198217
300392950
36412963
868863660
298731457
245326375
23375688
21447363
79293791
34507480
17919972
41793604
208257583
239016699
80511288
81455887
274610485
163925689
215894702
51271759
513248295
24510209
96417999
121818799
20510539
16112354
20578408
408338751
118629205
611109758
21180868
1022870850
2210848315
60959527
32361431
400152210
121673157
33514795
56054957
79292795
167389062
423656000
398593054
121794872
890722850
59736898
32355144
25098482
29994840
174630817
15007149
65356637
786241032
15997770
25041618
2741433690
788287705
56302272
16111054
193194851
25496300
216299334
37599685
20972121
227837742
34310801
87410067
32356101
32359545
32357365
32353291
223841171
177137867
41814169
16681542
32358296
14885549
15846407
50393960
33960482
19397785
24797315
8161232
9567972
621583
1330457336
621523
28140646
2735591
236488883
13850422
110458336
42703075
11856142
69181624
25053299
71294756
15110357
14800270
34713362
74987950
15224867
59486068
46575796
4898091
16184358
15754281
6017542
1339835893
1093090866
742143
66369181
14159148
14539425
9624742
813286
2884771
30313925
26585095
28785486
14293310
51241574
32359921
18949452
16973333
87818409
17471979
91478624
3108351
428333
1367531
15012486
14173315
9245812
2097571
1652541
14511951
2467791
5988062
5402612
759251
807095
