14677919
25629056
210312678
544553421
558961804
254874158
10452382
20626483
276540738
2916305152
125917417
564919357
62724059
763440894
2605027879
340613443
195764368
382965419
800244247
624661805
623021176
142565613
41322884
91408245
266336410
42358121
135022572
98892675
316389142
159311024
3131423515
91500891
16362994
436879069
316637285
18708466
836283571
195738329
23481558
793830
3029485503
21674707
250560251
1069839258
28406270
2600202044
62414046
48569578
1636590253
181223443
19931218
143746041
142658672
31312972
25084660
39483716
91674249
58162561
37711527
199141277
332638587
113035658
1014916712
56110929
41557626
594271454
101989687
122484720
40190370
309073534
246148431
399237794
336631485
921021930
1699032230
55177945
342763672
584669288
292066804
631029529
281738970
27674275
2425419517
50597134
531248911
139296946
290437915
2291245987
322663222
468470384
101412922
91542416
364750062
246765958
28781018
39661380
205998260
86514001
356323365
156210167
67293446
59755972
138777857
298020864
131460779
1563469502
37149012
380303495
46296743
172980145
36679766
413620631
1342022946
125969035
144121057
57325189
356597562
169303012
204253251
232520849
2211862160
192884345
308955745
311870376
