443215941
500042487
336116660
480895731
51717954
524272055
2192532078
533202479
3431648649
52236744
2819489451
1262304138
99717145
99535906
3471017181
2166124357
20163584
121823150
376377843
3093629689
15894018
383603712
4029506232
3063341919
3347725535
3230285771
39164138
3335564531
2294221322
20104539
3528778222
2559527796
3047900942
2232064946
3227919099
2902123382
1195904112
849671616
3536375721
3041565143
23670303
34789270
972048648
3661554734
2564053544
1280970115
3412150647
3384351063
90429500
69755180
2186221928
232232507
3151994397
52100566
1577927958
17278968
93735437
3111426763
3220609536
18208662
2411671578
488152532
327347659
1169574008
622077469
3302038167
17811838
889222568
1357642824
3053288248
557815293
60031833
14114393
20955533
18242629
3845135938
164040647
1713764834
197608222
3223833446
78706788
29789545
3502789468
18462961
2906371465
316621533
2294623195
29165172
3245370750
525713285
3634454174
222691723
273560645
2777076703
93778378
49407637
2825352728
1064358121
17093452
481376138
15987393
3621547097
3526237813
15400055
3229895857
45688457
1131799652
1364793326
35045870
3514296135
1144068860
21343193
584701628
24812224
2885657769
1712791735
27397450
362096807
446176441
717860653
2327195648
49783954
361138856
22587638
47538383
3421477859
153966123
2888762487
2460279540
1058720119
18227839
366406586
2908202468
3232411333
2849262426
3207792994
39627448
2867874041
474214388
297576036
310579512
207669239
1149887426
128409853
863968446
316429941
16864988
90736198
388708167
318474518
150048242
3186754972
3228830649
2264250037
2646280542
305832508
3317036607
64202405
28410287
770004486
562906140
1289567484
23010781
2835707324
3299946028
1529053453
962792497
3224892889
3146777472
469964230
1416390186
53210455
3194244672
3219930679
1895643764
757365218
2183915830
2830906756
3192707654
2775708771
2173983356
83657633
319305618
157920406
68177492
236614300
2322117163
58569855
3070717543
266785115
2958980535
41373277
3091200074
76640321
26716847
1597271118
715411856
2879782353
22209201
423853526
318161498
3086300908
260357614
39288808
2462247271
133019619
37599351
2800559103
486763358
57882707
3064711822
96847137
193489227
1370966076
971933382
100322447
2414900089
2748315283
38026874
2998810033
2328310744
2855395776
3023362685
3024506267
41611760
2897520459
1888659198
2525994914
800472290
1538902754
2357331695
1946602958
822299528
513173090
556351761
1579824841
39656879
3064922512
61720662
968991218
3103663543
20442395
2486250758
2886105369
3059828315
555803107
55434962
53775273
2938167381
316607970
84095051
130079738
47422095
1217389394
2666961692
182384817
1852505372
288950130
16003967
19540355
1059211226
893834852
3008631810
3027882193
2952909552
348261236
1944836107
33014441
10514662
2792688922
99784412
77128292
331995994
36274478
125517500
363859169
15039436
584058614
1050114008
2807655897
277811371
213093629
77369454
5548212
705534415
318042127
21837967
2968605461
182839067
23001804
2450500926
2825143130
589426805
2467053576
474493768
34684929
70816460
31510064
288333760
2431099639
309756675
2497199707
522816876
2585892607
229385617
333405093
463821788
129835871
27678661
2920198261
953210450
205533864
15504971
973268400
116506076
17423332
2906010398
1705675849
231721637
1257444060
2856668344
1473454927
2170957471
847389421
93131556
234252414
310427634
26589987
94166168
23752159
1553173261
2353740331
2445231162
471428690
1357877881
726360486
2464127762
169364387
113931336
17287578
919263445
20228233
100705094
49269819
1565982026
305529857
367864628
70196728
82884121
574365237
130598109
1660287470
16320256
1318207902
2865636205
2738391299
2865028442
27058491
378252606
2310044467
39802612
714824448
71438023
335233239
387095659
2316183619
39801882
186042385
2341500979
525019716
1300130810
25997007
801111481
1107297978
981620090
544497355
103640829
295577078
250713929
2682167396
840509016
2384969702
2380351796
394134197
40250505
218423826
2692207418
2812410811
2258919499
2750870016
2593545996
1870175006
316426175
315766324
316371387
29130296
786552896
256628776
305579552
262749118
562963739
2706839603
875741101
2361413834
313704047
1258224572
18639895
2653832577
598661920
1965677090
2614889348
2764466550
2598099145
1074112782
138351822
16245881
1870184845
243885878
25939081
223643245
1335267692
396124645
135334275
34677102
18081424
2186597277
24944064
61608747
2764609111
278605279
246473898
2761711891
60942289
305277457
23484734
444940567
24733117
21287707
1536399169
1976507426
37877645
17493126
363177973
358794337
37003946
115827236
747708362
569035140
36375798
15177871
2741985967
1384509452
20570702
1207237237
335031926
326516380
1218932047
1543437272
2648056806
19053307
2515746120
136274193
2291018978
71165327
280826651
2741864454
167760471
42903387
2351797375
253560143
53434947
2401928594
930184597
872423437
69681766
387531389
2298120432
1220210868
35120520
33495086
112874216
2433086970
103106691
2464840172
25253084
172846897
9951012
32187100
38485326
841369742
2164557895
349249164
323918881
35767916
400962072
2718018151
19478383
52626508
313199716
2464039092
12601142
113274869
15377115
356581623
1384996994
32705035
263758833
2555678414
1656690139
64391043
5660312
976900735
90719213
2379056251
22307101
2535083456
2305431584
376302246
882657421
2397584292
24357823
2282329982
884262960
2724384662
851316548
206448021
466301151
276790090
465843652
32896052
18183592
2339966504
333244765
1919578766
2588398963
2209606452
2415837708
1584979364
2558769558
526747419
2676374845
25885519
1949857346
809349224
2410829505
123828923
1927966350
1927212361
2163604778
22374932
711216582
1631167068
37821333
2494067131
47674808
1662348032
833365968
116909103
15742852
2546690178
103759020
15604245
1651093056
1963486676
1648334874
1722520224
1651765622
2665069956
1574299158
1036028845
2292972535
1135659194
20813935
57440214
32135630
435236865
25007589
103399094
14671775
355665520
427958206
1187831690
1864192423
270729511
2447773698
21367183
493547782
26391721
433137670
1170858638
2502200664
2399268710
83584512
529288007
2191537698
1291400137
1881233696
2547869281
60261918
34980601
1304951840
984583040
599529674
333672211
1365323070
1077962030
320790649
389825367
2707861253
541915025
2688551339
2621422921
73822033
584808931
107596942
16273144
25776920
420301755
60555592
145305040
2308490304
2365408057
831674454
453338061
23637826
1159748156
74650464
762000878
180153573
1598352732
23109735
556312431
541039335
2521873363
707804047
249184177
32098292
61307361
2270251748
239140770
1542400573
2242304686
86894150
228942497
2464800810
25503051
16060050
2454715070
25252077
112479899
336498597
2579023434
2488379388
427799256
14188667
309200364
33920667
114653375
40530952
975480486
2451545155
27318985
1591254643
43306669
1390452294
1389183835
1869294607
20704063
430233338
2263417195
110508688
43191784
449274150
17676729
471478030
1119660942
