788524
48658572
3191855185
1536791610
2916305152
3108351
14677919
14511951
14645160
16012783
204832963
17881816
40486636
35002876
15431856
64643056
23503181
37599351
463824316
55459700
311871425
3575662877
3433272838
3219972217
46797370
152273866
3292404037
2659338556
244568830
95023423
2754790606
1582341876
615122867
3233066586
50303152
75945153
15234407
2950675005
2544016183
1630369243
2585066586
2852427502
3015890678
3103940034
1113932371
22938914
1666038950
370711395
50393960
14872237
333354104
1113920359
2410540098
1349692081
574692308
1545334122
44196397
17939037
1634314416
1634248890
398961950
375783867
368309809
16589206
16935292
2970931334
2952969878
2959291764
1044538849
365380310
18949452
333366997
21397917
2939504716
2848340852
330255888
2401329608
210510634
2744772781
2799916646
1884308880
46908711
2428512174
1584667770
1558684524
2739147324
19583545
15252805
471741741
2657559384
2336404178
18839785
60937837
24644902
350334760
1230298436
2169283370
34613288
343627165
14573900
22910295
359276850
2725835826
34172613
1966554482
1269425228
2330330082
1445077393
710064516
527883269
2491702663
1662472286
533085085
620398542
2541999628
1205123202
606211203
612331433
1514171023
1640169925
1548317628
872185597
2493199232
740336334
34425121
4898091
91478624
16896485
16825289
36184220
17416571
14363353
19110632
15066760
11348282
17471979
15492359
14199378
15143478
37710752
16228398
52422878
2219909768
16365636
2476385257
382267114
17842366
20609518
1183041
14159148
5402612
51746591
195775240
276668308
2379002916
816978410
236316468
17504718
296275132
145917352
1903452427
596005899
1922629092
2156593578
456196708
35782385
36307899
436546541
119151900
109306424
456283275
62782043
539735331
101433107
370851851
179469984
156730799
229399459
144881103
1080766124
470962121
340864299
568832773
95839236
26566566
2204603725
92944538
32296051
337575191
274403295
116030582
160871899
19137846
366883271
1707973626
2381453785
834920238
2178391406
121669112
593446204
309078712
1285308830
549110675
263567244
183322558
20151628
82570317
67605180
14262363
46855879
287122163
460092145
352132357
392820307
181065846
431495563
13374422
16308730
36306879
325624873
42239751
225022780
357398643
75186608
466374626
273497100
1297485176
2237525744
303434898
393853620
830122393
829412424
409297179
2219895043
231604558
116622601
305031505
116197084
99335268
170622251
412138141
1460985062
1106349151
198767730
283208652
21189770
215168690
520204828
151668201
183544822
456593827
177838266
1706855118
16861206
550373240
16681542
19016842
15439395
17668201
19725644
259379883
783214
813286
15733527
90420314
15818391
20015311
1547652302
1003757702
23440052
46597008
5120691
107430062
426448612
105120918
1385582527
19663706
15231287
41814169
34442404
243562077
972651
811377
20927633
24183388
29710508
14800270
807095
44851521
14367154
14293310
196124494
437372144
15473958
15598984
577934079
307186866
18987672
57275263
34198266
141277845
