112813602
1650368761
34743251
13298072
41814169
14677919
175624200
4519121
1239671
63485337
209811713
1355246442
2251623492
35773039
573918122
571202103
1282121312
609320918
39555082
150135224
16664681
134234167
84567829
1639186040
324115375
3108351
5392522
20646945
36196298
3398124973
2296698534
3068493833
3892731532
20536157
17626551
2407484358
3883637063
10228272
783214
376502929
1019043228
2916305152
858854640
436821727
3386881817
18675053
3181681750
1693446168
22411342
93858456
21090480
112643989
94182978
468444156
2330998573
2994201421
6354572
3004231
17001087
2748898717
1394399438
120550147
1497337766
1932541476
500704345
22195441
221382741
66602794
106653647
151533596
42813580
1674737485
409486555
24780734
42644393
76673929
155590967
18951494
15999388
108682085
19649883
328967130
65305830
13393052
19802879
14159148
15473958
11348282
186154646
16017753
1495585700
27814665
168857946
372475592
13334762
113130846
1630896181
1566463268
18080585
91985735
1964281615
494299228
31586578
22659609
995848285
16005250
2467791
15956067
14602589
2343994460
451154396
19515424
23450421
309141022
28406270
6480682
170424259
15163466
74286565
17000457
4458791
66780587
253263981
44196397
21875723
1228756286
1636590253
22938914
2890961
816653
16409285
2493314768
2330963108
2483813880
2314089271
163297163
14956372
8942262
155669457
18083720
150750023
48982378
15904273
10433782
807095
1536791610
42226885
2964174789
21157904
19952733
1058460818
288915923
193732179
16583468
2249129257
2318001806
17201709
17049486
143126563
216776631
475757358
16303106
19725644
111375336
487624974
37710752
