347013558
1969630836
96863903
1933042237
4063987874
14677919
155904548
268471590
1661540419
1642915214
32135630
3239226592
17003765
86039214
580253560
162808316
1117361532
1270919359
148119486
20506603
292320818
3247952906
3253917482
606776750
2214408242
2673949880
2914487847
2770872281
2916305152
2248872301
476234589
481376138
16133530
17070787
2366063815
3760746196
543751139
371238397
3099694873
291312466
3094581902
14291684
3307929149
236924462
90737889
3254233821
2156934082
117777690
12874852
2365377655
3396871601
2318864496
73591918
3317850424
1880953326
865287374
3129885035
18618367
76966092
362035439
46513715
1078046984
872139740
225183659
2442860633
1052263806
1876085060
78905469
14293310
2802195142
367284950
36132890
200080581
2903951704
487936917
3226238609
188656529
3177064112
1943197682
1428104798
134407826
3063543634
817845968
421833511
19789439
180200031
15500649
2263068720
2496498726
3253982583
255555288
335504665
108030660
20971716
122167869
93177222
8870472
2561597334
218599727
2525558938
76033056
43901113
33838201
2576443290
2734713482
20646711
51241574
759251
14159148
807095
43928023
15947602
1037034482
28175038
3243705901
20443232
1852410666
208442526
624036196
84919066
37607763
244920951
166143365
2306500595
2450161279
3178217342
2285925906
1943734790
15690957
18058741
3240502060
2478856400
18334194
2397606097
1007043222
2809730382
573049679
37599351
51678226
1572820862
2823722310
16192026
2819141350
1067957575
263133742
14645160
533414140
3226183403
181228051
2307642541
94241998
2842172849
2526257174
3212926312
2824989716
3188795763
2477243114
351198392
821533404
1681431577
2292488509
583148480
2541470424
2543049116
2547602989
997586622
2381184709
61781260
2897207956
3088303481
1201348028
2950749250
3067516390
51263711
50090898
530931547
294074397
2403397892
1114107841
618015835
2284545111
103106691
21577728
3063308173
1395692432
2510917836
2686927397
20639071
33012340
515439226
2950756918
58947196
1269414228
51695714
2342499536
542352274
231948251
2385538538
262940211
2990383760
49434529
229605482
1110662156
1596254466
519351698
936704672
199110089
610320562
424270451
937499232
2194124415
843112550
1197998682
86977818
470099591
1237973562
1237579663
2531922122
3038751908
622886707
2913908180
2470505821
2161352024
2511639318
2500168644
2511692293
46090814
80540372
309757262
405658008
2563687992
2872023729
23331005
23330998
2997772553
284441324
390724099
25159286
2228393197
368032559
388471366
1438162062
2406041034
2944073079
2844515850
211859568
2858404829
5120691
161801527
2645602164
806888738
149760844
357539044
20669748
2348071549
2607123872
23008116
1305995330
2769664981
2690849097
2685916032
704118221
487736815
50706656
2828874073
390860562
472967330
525821517
17632297
39283583
237057786
15759202
522365699
36843988
2918854594
2844533756
2884983594
22294242
2788308444
20474878
788524
23937508
7587032
20543416
14569869
8170292
2358302612
90712779
193867546
388353353
749952350
2315411725
23839835
187335696
2374670820
2213338094
2937548148
45931083
2902150645
32137602
2357608363
2304573823
2376001532
75932644
117241409
2228403800
99941227
131102007
2930219701
1464038005
2918355506
1051295658
2916133982
2469259224
81126713
26113992
2221338924
137455381
1702148870
17237966
2908646959
2585061890
2473535811
2890681815
1456140842
18254890
25253084
246222302
89269664
74484200
228826153
226662318
53829677
169634370
2396810687
14055301
17137628
33933259
90453400
860193516
2546997864
2744902664
3108351
148418872
14528306
292670998
1547722903
2446161626
20393186
993972252
50271272
350471684
175044831
144628876
330921167
475752666
109583234
460021396
2755738734
31292265
100394466
149449715
16176754
2792607969
2794385824
1954367611
240613583
2780137319
2568854435
1930390663
435202527
53326596
2258218458
1002161534
239313282
390758480
56345921
260412378
526368475
2445799112
69231187
9624742
7313362
16465385
57230317
589445056
366329677
1246838239
2286004614
87155425
730985172
49081015
197883131
1152279248
610140647
35737385
2660613438
20226248
331660071
22129280
424191774
33520024
95607516
417901357
17020962
2760366884
2761620181
75010482
2495302422
45527411
2704004638
469564202
253029628
43499158
601903263
3080761
2735431559
19772291
616968226
1543250850
67305394
274598056
126296101
29433467
807978024
2657291563
71517901
877356558
523646332
311654425
31727793
1615463502
2411179591
24274948
38751529
1581289837
1899849506
2597744166
382554393
21869922
1411231898
28321706
1537484353
2371121161
373952620
150770599
21569675
420221943
2303120425
1213750075
296523365
470489295
42935670
214916802
1098671317
91220126
592164868
939961573
22624171
2507195672
1943107014
1582853809
1228074696
865225345
2201170792
246768878
402778608
560472743
285651388
738288715
557740038
400147107
1201678944
2431872853
311938279
205257492
2195887807
700129720
26747051
9212692
343283519
19068720
279414654
48743186
1558938314
1879999387
42300159
28608455
24796199
16406706
58795608
1354214610
17887966
259674489
309793395
186423549
168629940
65975825
496883280
150077767
2199034001
86924551
20442701
244448601
48666939
105800742
377402947
159146922
276684120
1367604187
569194479
54378633
509197027
9274202
487785084
70974131
167823348
161214370
16530944
187264891
21184213
823068649
1549601029
734667090
2292872898
2233522643
543487470
12636532
284454109
64030762
2235162818
143384620
1531396032
1387512774
22468595
20838496
2205840067
30001106
15263106
291748517
332792979
23622115
2195762646
762418837
2201017774
38292671
612473
19658826
52488565
25375092
22147342
2233486141
176917335
202226144
2214179617
296221662
14955908
1372975219
1723310646
2232127062
21613333
288378131
429112218
1967768574
292346507
875855682
191813764
53112502
6580122
113587565
637322446
863451602
147637306
70761415
109518142
561118563
929419104
555020531
271176789
16049723
36920693
30409200
13311832
16718809
1446011443
1867778629
280852429
760091616
825602515
1146357524
211800056
1973394090
17292106
6527972
15651700
15441074
15460048
1951167643
588953575
393947442
396651858
7589572
29167204
795888966
373310434
1402721916
222953824
1685097854
116562680
63788496
65525881
151971904
425933917
1372328252
48524060
106899623
139974630
303303292
526053302
1636367130
274040117
184738358
455976003
388406428
534940453
20674741
158658574
85818687
89443770
34302839
35669587
991670881
825282122
459773922
1568677554
327413937
4970411
807549960
246344553
798127728
1277061667
379982517
1674552522
93842755
13939772
16076032
20279706
231198606
30895010
1416133620
398146813
250121448
15052639
21724904
19455967
558427885
330278430
1038221210
295585728
363590627
372446802
1081982948
430763384
326768768
26727655
5402612
230025585
1455050910
104553468
18434866
211868703
714249878
68522205
746958612
595642920
1477991887
273876991
1501478648
384496307
1417581716
36909746
39511166
1482543830
160639645
405210383
239885144
56669086
1514507815
26026088
421809462
1308385578
378004296
15171172
402233453
586671909
329800342
105926473
15588657
142271631
301393334
605690970
259752436
8147212
112098964
153966123
139342556
2827491
508660238
139808346
311792996
103116696
156576158
1114685095
22010898
47106725
1071292999
238084921
417611045
15325706
72482924
221452291
186154646
104295318
135172279
305704847
1322482699
760461500
87291724
83432366
1106948504
17126283
35288455
1300867440
1083314617
17094311
267704506
134908469
936205208
113180383
242907270
270895346
352948856
471107626
860132138
111658179
18567018
32206385
265717521
559675462
572225652
168770976
59108793
113924902
21761456
47714583
20670948
560458533
771129746
185799476
602085494
517704291
14511951
95984112
1349082427
1275399476
14821355
20379456
259266975
260477041
978908012
17572133
19649150
453817821
831562358
137653259
299721099
383338519
508017656
198596834
85859246
93211674
1239375806
480196768
1336996459
21661552
832717736
973935738
912826531
1166748906
522626990
1267924650
586672899
398036427
634564964
1267993867
15157051
214568192
1288769048
935521891
15235475
185593509
47304310
481206265
608115936
546661609
29375135
110729825
518535401
119033108
297341105
124767314
1125489038
266521301
85342844
467507215
143789185
158367253
866789059
146923798
554998142
733496034
965763420
533832747
442097396
22811760
462711215
734659694
343322805
14811775
125298235
84559127
128216887
67295557
173160896
580928975
59700831
23466643
229334353
300755895
78569316
417765138
616038400
1248371550
700821421
370090757
4400651
162176728
493384029
472932266
295167546
351182486
607116817
124887863
43464948
168625441
370441363
10876852
1023072078
90552749
264701414
111081352
561504363
59081707
131008651
633901896
33417126
480775470
989169331
78971236
357572403
262738379
178463104
906111200
15803225
142614009
452053687
257925246
19290942
634423549
225561858
17056739
15473958
15936257
1209889872
36018499
629665931
419426801
166920501
481598648
588080944
633255877
62123264
200088043
916534267
1097829331
495379390
207200108
1155006516
338255262
278949569
22465104
226666510
87220808
100572547
100344699
116873103
74157919
23822236
20045088
20185159
112465469
620032636
390868422
480723210
20015311
48035012
129015197
1091475528
20080148
105208836
109264184
295700377
456072197
218678667
713815471
104786280
61736345
265906819
488982591
276527624
18577850
19915362
190179506
21859563
366330233
22612619
52897260
16543454
23796440
50332125
22488960
1079110795
632009425
285139619
224004614
86310172
428380411
20459971
19904067
256123527
236513246
20434332
52174976
15947185
348783600
2939361
312925915
42047983
56024024
35150347
18227834
35151259
240721478
17573212
204839689
506603680
17874544
106473667
14201593
117608455
40738160
22733967
70660574
32496707
185408277
1561801
17486629
28613239
66632797
32436402
21505698
763468362
128842454
30621351
189170375
92017484
313180903
226999931
493091659
500675567
298858897
543351623
775389288
19491657
623729353
281074304
228077059
59417075
317698712
964962301
458868435
168503417
85544600
537229881
42641183
18334239
26303602
14592008
119783847
742143
30313925
341975809
563674573
39100776
65083917
112999824
212233210
105225181
986390774
1101919802
109261965
620463821
1108521205
1108428176
544670801
622077469
121193566
15431856
119776209
23453238
16579769
22624651
314536509
19282280
39585277
41603960
10302222
6017542
22526082
80505367
102493828
20481072
26566469
287671587
68810491
71256932
42980449
26107347
304952647
106190720
14065217
20517044
26639882
14656531
16529873
24538961
132514202
80687823
505673884
21581503
1018499791
87818409
18576537
35469930
279390084
285113875
138338393
370610928
194045783
16745361
517165095
28852952
17384938
18887526
18676177
76351820
20609518
23927178
5225991
23579344
1440641
373416209
82853372
14353202
36042554
8963722
11348282
23503181
29968456
2467791
192863776
241252324
35773039
539094773
19966557
42501345
993458108
25535240
17471979
17939037
15234407
21982720
24447643
16589206
731006480
779870167
38834293
19869102
439087040
986944556
19562299
31089293
20682530
587547751
620456689
209279811
5520952
58882548
599328333
6519522
813286
367247994
108074749
22753550
543270040
107387150
363267164
358269367
34437292
201351511
232790333
418183142
417407260
738397297
310349848
84351228
712294194
14056454
2172
21079277
27616536
78044634
393506731
88904112
22151193
231447353
136278203
388564468
570566248
25778539
23411557
323248050
490183757
407141117
224827646
93952775
34213522
15110431
15110357
1652541
39688045
14309636
26015862
20799809
327797874
441997354
20660609
480191172
7144422
4641021
20536157
6385432
7400702
14749070
586
106333951
3475
14761795
783214
93957809
15492359
5746452
1344951
428333
17093617
23073291
216091573
816653
112236047
21425125
106062162
40020925
339537306
325989675
159440270
12230452
23508053
35513327
36634006
33856522
33674448
30734829
21686751
31314343
24721390
16426162
28435611
9092742
18250327
30609275
28690684
11435642
7905122
22633173
14542745
20851180
24777860
23081154
27338439
9240282
18498684
23230520
14217000
19755911
21371551
19697188
25634087
11778072
25082055
19006521
18506975
14372649
9398572
2561741
6525412
4200861
22319883
8667942
19305746
17667510
16134349
9803552
19374728
19184949
20039247
18498801
24669107
972651
19813851
17087370
2876911
15859039
15439395
19647382
