14677919
184910040
2467791
100220864
73992972
1026332905
51241574
39871442
21447363
14230524
2926595984
376106733
27260086
2169026053
18625669
2242180784
34507480
23976386
1964287261
1964286157
10228272
3139999933
35846463
73850142
38267947
56505125
2459371
32468665
38679388
576971305
122022996
24727891
382267114
275686563
218763149
98581590
297169759
2819295272
125266275
2890961
95425326
263139238
380847666
348427175
34046228
41821428
58173133
3224599645
159963758
635834750
101695592
113419517
59808841
813286
122453931
1227253801
102382667
460546145
301867355
1486987734
116677732
1867843520
23061619
14800270
122445177
75854417
113278275
144755081
88748878
400630125
220228167
3704462840
202121107
2251125241
2384071
14761795
15076390
450080693
43778014
66780587
17919972
43568964
488731085
283916211
115341081
333534411
2773289766
87484569
280701704
60865434
1640169925
14872237
740336334
110025421
33933259
155659213
1536791610
53556894
586361294
1302871633
759251
2574072036
14159148
2177710981
317034396
45452226
168606635
17381587
139876086
33801019
256781040
38403110
17717614
177547780
2916305152
350334760
507026258
271292659
409089061
2708915372
350224247
1591083258
92424604
2855255702
87118217
2500955780
369680637
2613904818
478432912
152251488
2226496302
141527741
700568101
118024094
1652541
1176135546
87174678
1196254680
108252113
2805358944
105710210
19895282
98932084
239267224
114785416
122928781
57188977
109241992
63663831
124258971
33868638
76294950
122995784
92726549
155151279
93957809
57998991
358348208
14130366
571765809
321271735
98362607
10650592
18071358
6509832
54516116
29958928
15093629
353533799
99918503
321866313
3168949471
16074627
18681139
309824558
361315016
358814014
1035100758
1288050427
121044171
500526402
428333
60937837
43845681
133880286
14225267
44196397
17503180
22938914
120965579
373416209
59873874
1636590253
20571756
347035710
1346439824
1447949844
219617448
17471979
130104041
34197952
2888562152
54829997
132385468
79708561
94163409
51376979
65659343
31348594
195703895
15492359
97865628
47595335
93711247
57928790
141633175
2850377923
387267887
2835582596
711694309
243381107
111197966
15895661
16887507
15813140
17003765
31311757
96159665
121046433
92724677
71201743
2689673138
429680919
858429902
1259588774
3074409434
2252037457
1356930744
3294518204
2291063952
2251588934
3138727082
94530194
951522626
2894696335
163735232
277434037
1341261871
3129600900
3269020218
2646263522
1878084872
65119912
2196922086
2771567155
77034099
30098016
217385330
377228272
89443197
335131129
1200570763
2460859956
111796698
15057403
14162012
9251312
223807771
3000573247
431336956
108900981
1282946089
57947109
3014956156
113606973
2993084402
3271796875
3015835188
101311381
405427035
994812906
3167715068
53870223
75574642
1162620122
950165300
183230911
2469605695
3113350441
86235977
20536157
3963481
783214
17874544
26775859
273181052
2765974980
2785480981
2253142422
435116188
2801754441
21551205
208417986
15670515
338559800
74286565
78941611
874374392
16425197
1155522630
253167239
426159377
2357343270
245687754
41330603
44078711
169686021
28208983
1337785291
177829660
56318573
38647512
230996844
280564196
20491941
2783191350
2392567206
2240269165
2484918217
83983275
171117515
807095
5988062
2652675888
17710740
17673635
1207648771
14360757
14123751
47786101
240649814
61156375
64510365
205437050
40148479
157978088
284441324
145607857
164213375
18839785
1244137812
2597413135
145125358
16542390
185142711
135421739
92708272
43855487
68927629
91478624
22205952
40302362
39743812
140559016
456442306
14582087
17795581
5520952
75509967
17914570
15338256
23088711
388272261
14214634
1171829071
86478153
19897138
1344951
816653
88856792
44588485
134758540
19402238
20751449
68977380
471741741
46079873
149915877
127245578
2278898683
1281628765
104807171
462025416
43666109
74594552
1615618795
63359297
2425151
50090898
31925790
33838201
376825877
13334762
50393960
30315557
522290621
103770785
15639696
269462950
233880193
