17636894
14677919
79783264
9207632
1367531
33900304
21401466
369505837
228379737
8350912
15936802
1877831
17543957
7587032
5402612
1059273780
382305516
198377806
217058717
173204549
224745833
48384748
31277095
24597041
59536681
183016276
148325018
186454150
972651
223968031
130381982
154528596
256841370
191889245
138045241
49072254
189204931
36412963
71558562
29775563
25259114
16945578
19028615
120516197
127635597
44415931
205887432
136361303
27947085
40247252
102749216
45564482
24188699
80104802
77944928
59973379
11224152
140049744
60037350
100689940
34572451
32401570
107824535
112203583
97128256
17922436
14575107
15933910
105189289
113514650
64822927
122483237
33824287
