158314798
209708391
181561712
105119490
100220864
85452649
20565284
61183568
45266183
136004952
25984418
20699709
20543416
17062358
128216887
14569869
21866939
72598780
2435519925
87416722
7587032
612473
5402612
14138785
16343974
16973333
788524
6017542
268414482
87818409
2999857868
2355489384
1652541
15162193
51241574
807095
2467791
15307166
215925259
14677919
1068244586
2941335084
1594580336
2615679378
338084918
28384755
66515223
17230018
54786833
5943942
3187165225
3184498148
2500128666
2743631451
2472759031
3139679820
3138088190
3118923710
99879185
320771513
3117626140
2154664524
3116337213
707534522
3111521092
2227223857
161551713
435351024
39665480
3105511177
2692020170
2940145890
2286734086
2910900159
3103685701
3065512242
3095631803
3063953114
304187805
3091681183
1960962078
3083285761
1432810742
3027978313
3078945883
19569136
2298643435
3090403607
2241626027
405852057
2964615040
98744163
3012193320
3070973355
2992969050
1479537763
3045061457
3066229353
2175598194
464280938
2741500528
2865671254
3031799027
2867264469
2616572329
2993811745
3016116769
3014687950
29939911
2947505133
130958219
3064008616
3062566133
210422589
1175334252
3057447508
180505807
1289086555
321094290
116544824
373471064
83634607
2647827001
9695312
35762475
2367911
34571893
919860212
147491390
162069651
117639473
843356292
337847812
200638031
239760107
205437050
10228272
50352671
349495440
22287453
160396614
3041531356
321002197
2431222956
537965197
286523599
3040350299
38484994
115027730
3035252110
3027310925
316051373
101928415
23613479
236699098
84551284
32959253
23617610
25365536
31346031
158128894
31927467
20439734
7428362
18625669
18007213
19691643
40101400
49573859
2693779681
107373839
355307031
184910040
23976386
18159470
48497136
384750535
24886570
16213013
21133007
75916180
55033682
89003506
18863815
17470801
17471554
55010030
16212952
17471459
40981798
17344075
14511951
14583400
19373710
43003845
89018574
22060294
21955058
21705931
19081001
37850080
6761682
241264057
41305464
1126867837
297047872
57778499
67995848
381098646
180821354
229467612
807608628
18307793
68412310
27758112
98765275
234053160
314792669
86064893
74712538
27760317
14303883
16688718
238475531
22832029
95955871
241747585
25743813
102446093
29319128
290627651
1711406461
22549812
14401698
33946296
93839201
21995123
19301055
19768204
19660870
2805160112
95673665
15790423
35239899
85590450
34243239
22637799
16345202
34258758
1311230174
23605284
437086963
64258844
142690048
141598384
241007239
63016879
2975707455
2643214577
2999197595
3025866316
2937014460
3004758404
21476507
21136909
54203238
50627903
273376462
1322872326
394211749
2305161410
23560015
321970500
21308602
58309829
81216996
36704352
37008705
50037051
15460081
153694176
25970331
21111883
35094637
23375688
28706024
85603854
21447363
79293791
26565946
40718259
123639602
14230524
219859001
37491839
40090727
2844201976
158961733
19399719
121798179
242663465
242657481
23967396
241213066
83863263
166927079
759190374
106364715
205915163
129587268
53147055
63679163
205339205
262359713
346742249
3001684402
185314895
14399483
551177934
575492930
34572451
55573873
280582344
33467896
70383427
266032768
80655102
124215842
214791922
137365854
141052723
22209176
297174372
59624844
605805760
16193578
64586891
2459371
31311757
783214
32468665
38679388
56505125
86395621
61559439
2142731
64418855
2803191
15670515
16409781
74286565
24727891
22024974
14208474
21457289
16425197
16334724
9460682
890372000
19312845
243381107
238099363
382267114
1157784678
388472947
33838201
757891106
93711247
16913772
89517005
50090898
27839044
17000457
15813140
239313282
372105283
66780587
284979078
3025473819
2985929708
3012966602
350818018
466386820
2815837324
466152938
3001690691
2221181299
2734481543
2984729269
3006164743
2800206869
2859848610
2899141376
517655410
2457071262
2220440436
364919409
150425432
3020708639
2470195297
2318448806
1325126011
2322374671
3007270688
110007447
3003475020
3019129077
72950235
190112563
940080582
17093617
2990956468
253415014
150168477
2979531119
281648227
2225310085
1713909104
30627024
1550266424
240297651
28265810
387181116
33655958
1174067102
571777854
176067698
2708276498
2848414953
2410953786
2970547707
498340611
3011009793
24599923
29123186
339752924
14524485
13018112
319659925
2959360146
39651447
230307060
23482952
199194717
80371182
22009731
126614785
26250338
549470860
73200694
28201743
391115625
26179896
884378714
268439864
74701069
135822863
35459922
14293310
17919972
21701757
20225875
153474021
20908109
221382131
74580436
169927844
73992972
105189289
63160677
119748851
45627568
60649803
52301263
211170983
60659498
90774609
40080940
28635233
104955744
506640338
28412286
93663331
19292133
24926416
370397292
26565124
701725963
98942778
41456486
31869934
18138157
228379737
28454994
17133807
19148708
59267269
764765190
12601142
69755180
2290245558
368458178
2294348294
24062572
31891798
2464039092
2492171767
2918560018
2992905922
74749064
33481716
122030129
2989859221
2943985673
2864598322
141310023
95714666
67865387
23146627
24569636
183016276
38908559
178111058
14718073
65104337
15804746
40965341
19247844
53153263
250911289
221093045
600271273
17548474
16248319
26774034
30704824
907391
2412406063
24761565
2868737928
52652599
203628181
57209758
2922324030
87743114
2984390928
158528015
36164545
88322886
16190898
20696985
16361000
15846407
47982751
15735744
23122371
18334825
19397785
148810980
19120191
27778893
16935734
1091109457
68751187
2867273493
2823924355
50553320
38513222
204491797
56809039
306545682
106808975
137777923
92577188
34211097
24918907
240299171
17475920
15317676
2521282274
42135771
14575107
267947445
75283500
14627153
14181054
58462957
16804813
55678606
19546942
25626894
19184457
35587656
300332184
384113475
38515223
195984921
24190981
71352734
23574074
2524736635
1376862619
2500029044
2492585233
2526692695
20506424
7092102
246247684
18392906
17771860
1879831
183734502
16096416
16312576
759251
187897893
19784831
3108351
16409683
95431448
275686563
182384436
15485441
19538986
16807528
1371559255
19212009
2370443605
729699012
2374403634
23922797
32469566
5988062
637313893
15632759
19923638
773566796
2472375841
552978582
179049123
1112571595
2202348500
440211079
21208444
26494583
274040176
1156866230
114796408
1639973695
214660816
296316366
345718870
2291838379
180124279
145582395
369514419
92488375
155949831
18481641
34395888
30180137
24047612
109702885
73359920
49239873
60054156
240606817
465723566
225190303
221392767
40851965
68399194
69615397
19390810
47459700
18647765
72568426
78021221
85772748
348379865
326359913
15934926
44084633
14934818
45564482
14222518
27844479
16929349
19074134
15279429
25326324
14791162
20177423
136361303
21401466
15933910
45768931
2097571
428333
742143
849426176
