87221910
14304846
54222189
41305464
19426551
26257166
263292498
80223906
1652541
24963961
6541402
236956880
2097571
14293310
759251
26574283
30043148
1347071545
742143
51241574
4898091
106498703
22657153
16732770
5988062
14677919
3108351
14075928
80700514
15439395
39706174
443215941
98998398
33792634
88749392
103087049
553036368
14802885
119372054
30364057
813286
102135528
19081351
406440494
22324642
163981466
18216605
17124991
2965596616
235985755
15821823
15143478
112616812
15485441
245486402
17020962
30849103
19695929
28422142
19725644
37710752
316389142
617155406
636296450
42982108
1375860338
271211220
14115408
36499730
688483
33662065
29442313
1614054846
703808448
404422077
292758442
19898168
1129829874
23818581
128628220
18919207
287308021
16865429
212187460
24894216
179604202
367284950
2209268101
115485051
26053643
156411211
526316060
65414320
97564473
528095585
25432501
52529896
807608628
108382988
238475531
314792669
18847632
140699869
107544554
50372842
728918606
91293793
257356599
110783489
61009431
19081001
44496963
15155074
104031575
807095
119106683
145500496
86589415
19678937
292599839
428333
263197731
114782468
39264827
14292717
384445331
16451932
140912249
23680913
35184346
10810102
6539592
19697415
20015311
90552683
316756361
238319766
523632806
336116660
14216123
246481013
28407974
