103036462
22083910
259387453
26813101
631478663
16537989
97739866
26585095
219417123
11988052
14677919
14293310
2884771
833998765
810424
10228272
247852038
82687299
31522400
76493480
21321620
6017542
22059385
16247494
22105535
2836421
42958829
86141342
7744592
8839632
356834376
64400465
568632259
102773464
2097571
30434892
2372223306
15754281
1367531
759251
28785486
15012486
378167577
14173315
106673610
22049097
195864514
17393196
15864446
2555399586
134846593
9229672
16299627
2779409472
55338739
37687633
16581604
17494010
19834403
232268199
43435902
94129050
245174381
43425975
15738599
97707834
16715398
18141295
25550748
30031547
72911092
45564482
20962674
2315627546
18201801
3039643007
718573254
15856435
637351664
38582501
3807684269
23980673
1433897995
31311757
783214
1704989844
91478624
20536157
17089663
271608625
3108351
16351581
16100084
2290036772
930091
19262500
18444468
82943769
17469289
2463449000
24295932
30373542
17025613
807095
22504277
15554641
23588843
1861051842
28806523
18224194
300578519
43141485
495183165
58094348
16819053
102774124
12470242
86218479
15999286
14095706
19078691
