26528228
14075928
133880286
14173315
5695632
1020058453
14293310
5392522
14677919
16012783
15164565
87818409
742143
428333
759251
807095
2467791
18622869
2347049341
103065157
286311652
25260047
27333460
1469951024
622109138
55676827
14800270
58560480
474255884
2533562516
30487180
13171972
262343673
2248773702
58521030
2750459546
2977540092
3339261074
265198997
34914032
273620912
306498361
44507708
1588227366
20466879
24723972
848072160
9671982
167050754
28897263
2720001002
14079705
53953
2212982334
16242081
809273
15749983
370255074
97083118
238650306
1344702500
456174360
3021509839
14083628
273987936
2445809510
1018221332
3411049847
18741996
45266183
140830740
15429316
688583
240429654
1855658750
3253899630
1198719684
20793816
554531261
2189545903
1481164141
29205055
487900325
130287328
485824667
2485634604
3330056536
62786088
979288982
90411112
51241574
18477059
513288870
2216579072
403213165
834175639
17927935
26309109
23274570
20200044
30542157
26314154
202276491
76676969
2851519700
614526802
553131400
38218024
154567228
33824691
21151964
18847632
40956122
25349956
321627556
293668704
122474336
610659001
1176388194
60811375
1138959692
88982108
14086716
7736942
13378422
19734656
99404976
582260096
3072533224
34857482
27749259
47359148
45788610
17019152
294636267
45777849
24693705
3064571446
1636590253
621583
2244340904
2735591
14372486
1344951
972651
512420868
458647237
22512172
43904362
2444501587
7192292
20565284
14457098
2602461128
2437652724
874491342
14813827
18093710
41735525
208856730
2548761012
5531452
10253262
77384706
75916180
6761682
16212952
20172395
15155074
67995848
14138300
21133007
19661294
26347170
24243022
16685316
20696985
27042513
15962096
50206480
103032613
132838101
63132272
27690898
123311912
22634010
14464766
60942888
33478231
494307382
31198098
1444313156
81365936
184963604
386608829
34874292
2311021464
1288757666
2256642187
598807691
14437902
14437276
359954933
135533267
344091845
19737622
234493766
14577590
550765622
89011589
356565711
26191233
167234557
36093693
10420662
14335957
21509975
550586865
237017462
2512484058
222585876
146251230
18555650
587155801
314846205
2745305250
1249952707
204159950
1578039396
2480153329
1408164122
302192666
254266787
47662787
304485759
2293294548
34677835
78012548
35731120
288500051
16134540
28639077
85280003
29263975
139757487
92478853
20154994
707913
16081046
47305686
14740219
213687893
7736222
17230018
15852417
31141686
783214
10228272
66515223
28201743
74580436
373471064
5943942
13334762
50090898
15813140
66780587
15527007
19097512
47487925
1132876218
2305543092
71001377
373635913
1891359043
494299228
335455509
142302668
3120003076
148443631
2950099365
715541041
31346031
819800
15492359
7144422
2890961
301203069
1364487830
525931253
1608679778
1551388844
18650595
2295094910
739494619
234174852
48477873
478466850
1858620205
1016675851
27840347
29566910
16337960
1382262668
19912819
404013243
246640034
133861573
56372641
5765452
22748403
2312939490
494124462
438253823
51086473
26043177
25524289
14220688
21639792
20940081
31369541
27476141
21001379
24343698
21568477
97174186
30847613
23733354
18750157
89052712
193510857
2308071067
22412376
69367470
460755380
27806987
30452129
34464376
40101400
21787625
130151627
596796769
65245027
5439342
39571220
517974176
117815898
221796405
28589648
1475481710
23027648
42360500
250740725
21174888
301482436
36075739
69542069
35727881
28987332
23976386
18625669
155705264
20825047
134234000
300982287
22838300
448524565
2991603394
251245180
23122371
611298457
558196305
63485337
24166202
64565898
3148610562
16009401
560034604
168738308
141248783
24967547
378223565
49736166
816653
20536157
2384071
989
2792155608
175432279
19654956
218035821
462122963
26532172
153494252
1686839149
111626633
3069157960
1513996560
355546814
170800201
18692766
587628456
2663744776
2193090018
3056216830
439748846
27761983
1736435880
1945250575
2537134017
14216123
91478624
4898091
18825961
18863815
59547160
1941267361
1942344996
10472762
48770593
18729187
15231287
18697326
483921680
251704457
49015158
482521333
22857337
50393960
19505601
2564435987
520503565
5402612
14511951
20402945
5943622
22775965
1886874606
15906009
30075476
286011985
487636108
17341741
13170322
1528426262
14498484
121975463
517366227
2510713633
2550141830
1291676084
21372735
29998130
2486655215
1583428501
180401106
2496739298
16449324
70143362
287994254
387821134
41710979
208192716
28382729
46979986
327077157
104366195
61630984
348519330
93686316
77962214
20545055
2180711
594943740
14669951
14763781
102506203
443423247
400373212
32918169
36244317
125864323
49772742
197828224
29559497
65118463
21837858
49793585
31264755
159877190
15893379
16250400
91522848
91525030
84657821
459413379
303615584
80699737
90762573
71093190
92363940
92102036
206511794
133815999
20922859
100884451
10005212
1903422535
21380345
1130698418
1157839008
2308808448
266413780
85107566
125722093
30446986
37966090
23175591
17631613
47994600
309141022
436773596
55589587
358294641
336606845
12435772
216797196
304612526
49472168
99401560
567452715
415651628
294576904
342333138
14279270
2473037292
22645903
14119871
263748011
50729349
153932070
2269052487
8369572
22623729
70861216
1061089428
444704822
109611421
188141522
18918243
2152866350
21813393
219530083
86328489
237375908
338053585
276783604
115403989
1513560474
50333103
41586685
16224355
61274750
30385064
2450170531
1509462248
1928623099
429883249
117607161
344326166
1148339948
2355461263
13052172
1534157329
2295070014
1151095326
26940861
2481979358
206458131
239368619
1146325266
397024675
395449899
2510650015
623308307
37651997
53944374
56484328
220539985
77216388
20993595
28126726
113504465
1535164932
109446657
471348310
773863141
271201160
26078547
908576058
705041866
2151009974
718043765
716826447
1698937411
1066299080
532676118
461684894
52384249
30086735
441208632
94163566
78056368
124029843
92303
136124115
5882942
23666733
119019349
18146496
1702786141
2343864992
268879885
