15859912
779206729
1637179832
66146362
812542670
89277004
3012829501
362700462
219815857
24385091
848397296
3271288038
765213068
21546203
2772932936
3088862863
44948272
436029388
1977365496
71251611
22440812
603469461
61780365
2790518743
125248467
93191667
32008809
1614733957
490890950
3688791915
20023015
231653036
558603867
1235200052
33129552
40443752
4122056133
520011678
149913262
52118721
512475733
619540638
2467791
142696824
119141683
34447217
213182436
38741262
55705976
271441733
1570456826
449588356
407333134
18646203
5695632
1070005202
14677919
35773039
79783264
9207632
2768938161
18814998
884655126
1164834362
20622137
16600626
77530645
18061792
2477401033
14412844
2904048334
2842388038
2792217104
44377087
17665641
110735727
39524149
19899606
109014242
551356726
630838783
9235982
562372370
29455844
281126765
47455112
249013720
30699754
55931558
103671658
2378757312
16955870
2902585625
2377466936
15742985
167414897
273648929
2837244053
193460192
315446965
2195885540
28068719
3277092800
21631487
917391745
3709375395
3296117931
3164132867
475210759
400352771
949502250
16989178
179245596
54306830
1927627568
1065869268
2317019724
38474832
2604459826
203226736
88168692
1587530371
459269265
857001662
15650636
33276161
1022596614
2994364571
21010363
3407277904
3274720530
465170464
22270993
493611144
3462708383
283871018
15643141
35888463
774706328
120150558
3043352032
532779460
477873939
229966028
49413866
3769602256
216240054
2980340493
559788995
875627605
17983686
63421565
16308922
2735655330
14529929
17561562
2167347758
2417844248
317882775
2177132526
21439144
587332072
145724592
21733692
27187343
85660525
22332114
16859797
49432303
16219269
113534336
2307343860
188181443
860856012
3664034894
2447290136
3319516844
60492286
94076386
93137348
150595824
41432403
23995748
772520407
17177346
2883278429
220347418
2945480649
2909294196
118845216
1933346654
485856231
3301520959
2306830926
15082786
961485776
2615725926
570854575
468699842
3190341170
15886608
2666471250
76525772
3590368516
381308128
594296423
49204865
21587082
2648595498
107579818
54290502
3066923126
88166688
268401082
57655038
3533088553
292624934
594793018
278888992
3436765166
389597423
3458917277
25889712
229437912
50992307
54830315
3003765995
2817362840
3043767004
340880465
2512542954
3283822129
1542962611
306441095
2323783152
170085737
3111993791
3306237726
36558697
3018887905
3281458244
3100331587
596925435
2664915709
785856878
3583264572
20733972
2629217704
69469543
401820335
14940354
371542398
478679663
374712154
2916305152
3418818521
15420484
755113
2485636243
20218044
25539759
4065268054
600580221
227635196
10774652
292929271
13733402
467019972
28145694
23273353
34919950
3303196673
789920724
374996407
15824288
2235466475
248817158
1344933043
18871398
3015245795
45698730
75162187
23103351
234422267
193725962
50836292
1379288282
108524355
2529742638
14318999
291363
2253514663
270839361
2488803361
453807241
68884956
2321442547
3164953486
1974243998
2861439818
2692125771
3190832571
2293099507
19107878
325315520
2893780095
20036099
626419245
965175332
3331438299
14396665
457647393
424195149
279001916
2349347329
3089155533
3235222537
3852262955
3185488506
300254302
10196452
1920286333
226997507
905374200
262856460
2878075066
490968081
2294841782
533275504
37774152
31239996
184910040
166739404
62513246
373367371
15007149
381341405
637398822
3023136785
1239611636
373758798
117734032
801603578
462104542
2382829512
529773715
1339835893
426986355
89820928
384910109
3313867884
3355505038
225282844
1724090454
2383231393
3122043704
2383241095
3408850205
3643556063
3434421484
829735580
3532804813
247002793
474202929
1016167640
38070336
3557112197
384625890
67196514
116579971
463284216
373018802
246031017
1395571730
26868545
145735273
3127589084
758716482
1161480199
2829011012
41368430
41710264
44696434
200551793
2933600710
206546102
1174827270
472830024
1320656142
333265493
2885655736
19016842
383418826
3656092409
122011378
67721540
3730209253
3421852693
3740360061
3772913417
2689408789
155971820
457012415
3254816213
2747914606
69786575
178485644
17230720
581499659
2750309806
3675016697
3436973898
295846387
522594399
2777746556
1596753673
3405010379
3266134604
1128075277
41977993
2381518728
339832905
205472863
1600526522
3836280202
2410656328
942146270
1107301344
29463046
2186623778
20694023
242147861
3118368409
3032364329
3284544289
3411307348
774571159
440688620
117767974
1537539282
573714001
953767723
17990493
21397917
2252946769
117718572
608471241
3722147060
3732060792
527132148
260314736
116424578
146332990
14260960
26059158
580997146
242952079
18514894
111352327
930463309
20750144
105056790
140206035
112774988
17537467
226675993
3228376349
14682781
168475594
2279480486
159447476
41778159
107231140
61935473
171076401
7332592
390977355
3885872052
1306355250
3309011151
9624042
3062827621
20068679
141255641
254615229
3405489772
75650748
561654065
74219748
3212479115
17973836
467726691
12612432
15473413
41438156
19268706
776528756
55156489
74721676
3268363896
2854910420
111388892
76438819
154994801
1370971824
2473143948
317284206
2831374452
21867341
2484423203
2888826810
1287321284
3292725757
737291432
155060749
3762948261
33786290
124490608
2976204460
152720466
36211238
1908540390
469347511
1150947134
276712789
365776072
220108743
394347448
218468492
443194544
3029029887
38002193
16474747
1964314159
1201385401
3207289881
44850582
254771762
457984599
410076442
2865078826
1263002017
2423323849
2932889714
16042794
1936536769
1604693838
159616650
2223064093
322572436
338675220
604545802
1398479138
228487825
2453263154
19017675
22657914
3301828221
3345915579
952112047
177564016
12912542
18144612
283386225
85641619
1632220008
3775874774
3424005065
19563355
492833134
40637908
115945502
270112367
2669657311
72882689
273469546
261749735
1686270312
214908555
807095
1107178933
30122242
2349488580
455394184
991343364
37684026
14717197
369018737
181233011
244635069
15997827
253999398
56081005
193401931
22738664
45617221
177028305
941878034
2287887180
1236924139
21888595
40906130
2545191074
329888286
845997336
22720074
728918606
14669951
344357284
137064173
2901249621
17689864
1657942056
1089803868
2679963583
2918776732
23865382
18379614
3347290719
24600120
2826713440
2203746187
1117210608
19670226
1359226843
2958258414
339135818
22308696
1717324226
1605914786
1020857448
337747379
2273179968
416296194
27414346
1237109474
1564676498
522132942
22956220
2319991290
3223636772
51429353
47550771
175896815
937499232
3055067522
2792409190
2882736641
38422859
393190233
431969214
1494835716
44228435
25745023
500704345
2400466927
493886167
490134680
15862891
783251522
3308789250
29979814
470878920
1921142294
3422556493
2399796902
3295813832
254777469
30065770
965259080
18393661
260229730
525954207
19616219
33741541
347627434
3245135844
20962103
489856457
249722522
1148372244
17384099
103865085
21436960
34743251
15234407
1451773004
138725262
253536357
208442526
15473958
180200031
24919888
17471979
14091091
11348282
34554134
3307521202
70468535
17078632
2177202680
546483558
2537833482
992148966
397599104
15143478
116994659
46315077
954124423
3327440528
499436238
864803700
594776930
2539848682
38351186
2167674121
14412533
16815644
418830106
395102879
129235890
2528833368
246771200
16330790
2231905548
14335880
18983793
46681100
166990746
19697415
106766676
70985635
69231187
50746928
309187913
3567267077
1615463502
249677516
370043491
460163041
616182145
2775559109
3248977458
118567880
258545235
2242421732
93478603
2746371248
479659751
35474809
24965555
467891280
766051548
999453985
342894187
3144844312
1729770470
1265204137
611350965
74637074
495211603
78523300
34240147
59557446
17866318
21144314
112496707
65494257
438467375
15704760
558040899
5781452
365939318
726536047
17682351
7309052
189258194
14844867
15912890
277778963
550679423
3307476387
865237614
310848070
16322680
3307251044
67407500
14945261
48906174
12491732
64880460
281375654
2921310362
47583917
2283772662
22434517
1451173561
846447662
21150492
1452034232
2425920932
65647594
48081662
22899683
1962860390
32989815
40535534
48827179
466922532
48249124
1933902404
65691824
21166728
21394764
15432218
91882544
237440674
65493023
18217624
1323726151
68034431
272621942
1404590618
27966935
2337515612
468646961
328347236
25073877
28587919
13197402
993972252
183767243
48459553
44562973
252398355
524621806
14260530
2303431412
92187532
17926668
153558139
2358302612
3242684624
21634600
198020721
2343848168
426754478
218975278
315779591
19993635
1105828795
973983732
47633485
29016548
188050283
181984719
2165511739
2734713482
1582853809
555928038
1152279248
14807898
18644734
19725644
17061263
826537184
1458902472
240546824
447660502
1209936918
2421080683
15976697
7702542
16031927
41634520
110445334
196168350
50769180
14839147
334053327
27311044
36452050
25101996
91455335
326821147
743585142
419520517
456136267
826335493
19091173
21724904
44945327
133577097
20007956
47722134
349921132
21307076
27978241
1184354442
252791434
946430582
299416026
18576537
141084952
19489239
131249283
1074480192
216881337
23022687
1180379185
237403203
38495835
115179302
84324670
18118505
15669672
15650882
19985444
168541923
292423442
17044745
1053863191
161903781
1934802841
