14677919
511746463
18599890
2601692556
2887119232
81945849
19386108
519912830
28854529
3806961195
86664924
124690469
2853449164
1963312058
23745072
22207204
17508360
108152344
456993304
6419742
19019580
3459051
115099953
47285504
255488333
2651771815
816653
189376144
7095
67700256
64844802
5943622
36040202
521614296
577311833
48062712
13435662
1042885496
2553305832
718707504
621211807
331557600
280686562
1388046829
544713120
320603385
23090474
18518096
17423220
520666284
611772057
75985881
1140669348
442861766
