14075928
1947301
35773039
14677919
116579566
380648579
18510860
1330457336
2884771
1536791610
50393960
15224867
2836421
759251
15007149
14173315
15012486
14293310
15754281
28785486
37710752
91478624
3108351
19725644
813286
15473958
14647570
11348282
1877831
8963722
122122057
3030352151
35967154
16129920
59145948
30261067
69172612
128617092
59157393
89820928
49881357
18424289
19660032
140798198
19674502
15485441
24752484
2384071
20536157
1344951
17006157
14159148
24797315
41814169
86271665
27901418
138787319
23588075
5402612
9624742
17325090
45536687
5392522
16273831
24796759
11696732
25333609
83590349
216004978
14135426
119360445
6017542
71294756
14515799
113420831
25984418
30313925
44638576
59031230
21982720
69181624
262608510
22240612
2097571
428333
261672678
23311675
4970411
156651229
51241574
257458254
17004618
87237227
248045932
16303106
2467791
17074440
15164565
8161232
23492901
111310036
19281401
116798290
74265849
108352527
212884138
1652541
788524
742143
113478196
17266725
972651
26265908
33159040
