774108668
30472724
84515429
14677919
2382565212
2476490948
69986363
2200731420
3300559229
733076671
137643056
138700452
24874287
114599241
224180296
587747731
30557283
3108311262
807095
82296803
214949058
33553273
3184083564
1156750543
28769753
953962254
232344053
17986699
142969942
56685329
815113741
2524532204
1937016907
1119594626
988855537
160192616
1657730988
2574072036
2695009326
260251320
34364681
47055387
68977380
405427035
711694309
424484966
134047949
141633175
30417501
78259714
1317076194
241178934
104468316
104546445
2503480063
927652440
254401770
64610462
117012523
1492400330
1878148519
2227695199
237773100
68060565
2602959463
2613904818
51063543
515171731
14623473
47074090
1401726968
468479147
38685872
108668795
34374040
257886675
