49068640
36982257
353213671
465830900
1097093377
243469257
20334165
2865794059
65681439
14377605
19608297
16303106
7392352
317370751
237694612
14677919
247520516
137431800
55355654
757303975
402957663
117974827
500704345
29275952
14955882
188621689
17376893
902392915
1372975219
50701663
46484304
16280307
3167884713
15131310
2899162635
2694271404
1220001084
282176072
18916728
3311224380
109025212
14260960
583142768
3903296926
18893580
3324890564
2863083695
2653468139
325830217
26336959
1842157609
28676197
1884115344
2468623933
53829677
1262776610
299900985
1271353585
2743898671
2950441900
43169159
205305115
168783540
128763392
3063996411
14411389
14061283
23063070
15842232
41403631
33988890
31123506
59502660
267898332
296506338
297030556
46208124
258652093
73402979
3337317748
2950081593
2750431441
20074569
69104899
62882745
15969172
1343264246
3430678311
3380758131
2506319450
38335307
2277841680
3643151956
248593911
19397785
32439329
80331801
14437914
1330457336
215060121
243695473
1894158498
257070322
97688364
2308899757
608571708
319237428
217160945
2799005718
2918844358
37005435
518047515
15650350
62580228
22772972
66584123
40927068
17816127
47136338
746242452
1593864733
77041525
2927599564
3273354691
2861454503
69995075
2381465209
316389142
435965051
3192251266
177917877
3282619249
12133382
35773039
46335511
1093090866
158414847
19263978
1536791610
14211946
182007137
3786911926
2873483903
1563703046
3232182540
3115396851
3340658122
3307080938
2525041256
2425012099
2868324868
2885324455
29511514
295426007
37599351
87403396
3157963442
1609897057
17881816
182384817
190906140
513816396
95551199
611922523
2421017228
513883865
20272531
17424053
3208997255
15383851
528251665
113946795
1604778128
34826262
21357741
236696328
22459342
274682142
30284896
42576790
206226881
484582499
568422337
493911729
33657625
17379858
36719281
15243636
10921932
14420689
234782444
16079269
17393790
15587500
294100354
26077026
41819460
14543569
277571546
1044771
132241469
138530516
21622301
42651647
18204034
18083983
75163779
18027434
41201266
72892116
24172282
1081982948
24965771
27081406
21445545
39320055
30681036
59397009
267801102
15089174
259446226
28160998
39170683
16193528
2321448193
1978487864
17476935
41602160
24952219
405987786
2417803051
205302299
415254680
1562666527
312333286
127134304
2930188680
17011177
1325458855
2934543727
2964745366
603863943
169025741
817799114
17442457
361860437
45782565
1110841363
45032143
128555722
154089896
29725023
484721922
30924273
24437813
31587006
19737257
318392594
59548511
30621164
103647078
559503804
589481208
190307889
343113600
1935959540
889742893
66546170
1613480204
222558479
19393817
566472920
483974396
1126755308
32249249
480426703
578178098
1162854870
1284335018
300160980
536675360
227340286
10791192
20545055
23083404
598189223
15809249
16164520
21898041
13787352
39250316
1434251
15898172
1137161258
296890773
137804520
869824183
274723066
14816955
14282672
1720763881
517765018
468128155
469214555
468134258
456581462
176128484
15764644
409486555
30313925
22162854
43910797
92540829
939091
42702116
24768753
22578516
268408076
23950214
18634551
330740739
17220934
8953122
331681951
44485555
301184181
27392088
18510860
38494702
1032290077
14266331
17006036
14177942
41038352
18094552
1581289837
288304848
1225410018
40519628
2311117897
76695766
15345873
109666943
1087878462
583900169
939922981
1017637447
863269356
1646378430
1335267692
78419512
24236494
24178302
26637348
807095
121795745
28008681
253619083
198929774
259918701
28112362
274213069
1339835893
26520824
31611298
556501293
1633973173
20747881
115979444
72198806
1064206014
1080844782
65707359
44177383
260216717
103101931
25092348
14511951
8984292
15566901
948685098
813286
198035795
576796855
576839106
32985158
212318740
18916014
61942776
16953480
428333
46715620
17002395
19472585
304592978
22957993
159266887
24242198
22019881
16561884
1769551
25087685
23864985
38531995
15407811
14592723
15723971
22752559
22708797
41866944
8082302
25928253
29890756
