14075928
19155709
15905103
32359921
36843988
18700629
65941838
18567018
39537053
18994661
120567642
123971147
92144604
6036712
48127927
68837369
633238141
15921173
96102210
749963
90561460
78608082
119990468
379368747
486530534
490512649
1420409148
116301504
1365329708
1406622804
205769983
297771303
25355366
260377391
52188980
475638518
471654103
36993973
1469999784
2264979156
5887122
23454450
100266394
237845487
19577977
16181688
27047369
2887412200
3017932241
2494367528
36038562
487922319
206255645
3634127357
12819112
2361860238
628765360
3243356006
78744277
1536791610
17293921
25159286
236220226
2577635288
487833518
16957784
142802670
212737655
18102583
2359926157
14630696
34960648
117439544
25375092
141335663
135295668
2444415840
91455335
2375607151
407963174
178363987
485109912
54645160
162118290
410605574
1536811
195897346
372575989
1099199839
1393155566
34731203
16666806
344312364
15514266
93727818
7215512
16866617
16130330
217156850
14293310
413223602
402192924
55308417
16669075
66369181
16465385
18569484
17918545
22213141
213834339
9624742
93897438
37241077
37710752
37921458
23760311
59481802
17276235
51241574
79321561
39582797
22695157
16843817
48463418
58489734
41806795
48148030
23962323
24898621
22139382
16465946
16817883
69195321
28567809
17248121
20608701
17292623
16245822
28543386
67283363
33998183
1344951
6017542
28583197
17296792
14437914
25734277
26000689
258847118
39522692
813286
20182089
11178902
5988062
14677919
5392522
22026168
589492904
579299426
32729442
2207720621
180000404
2919041474
2918157518
594666501
19863141
2303751216
112796409
3148529322
41703406
2332368062
2252674884
531122860
38135820
2536002073
13567742
13787402
540342893
17939037
45765164
52488565
997629601
20463615
107225267
571202103
230492604
21432050
314583432
19725644
21611239
14076943
15110431
5402612
21581503
8963722
428333
1435461
19722699
117662694
16546004
15862891
32372834
19658826
17471979
14647570
13901342
78729132
20294485
14085070
57197007
214099847
19739026
229910053
1149541562
14923954
367297219
807365647
241272599
16398866
236028023
1489206901
148117155
17943596
2364445033
529438517
138523049
90258002
9949272
103370610
19402238
621573
17842366
14199378
17358507
36968949
14385076
15907432
6842112
26061792
149197471
21968928
24769862
