22659657
113047940
14677919
4178867597
2831081360
25073877
14075928
2385749072
32135704
62513246
20496340
289498073
23250101
32473160
77270421
299323282
24171827
18216080
257799442
2988931166
2722755465
21870081
15757811
19222164
33567986
19143584
394254612
52757166
10926202
87595338
131351549
3436444984
3436444738
27002573
3562751237
3764620276
3370020405
270545405
21102806
19033091
517045006
93015844
38374014
366363119
3506149637
2999020920
3576552079
3326917742
3571286722
3559706848
16155503
49153854
3263946571
14839147
759251
467661480
153201347
25101996
40044371
772617576
27311044
60651983
28628850
285090059
189598944
7841652
1436054262
34387610
248818480
16396078
52496300
28752958
30796320
174103240
28107369
50746729
101332572
20853852
95513855
48130912
248911423
266623112
30201677
183502719
273076511
1154072965
28907451
1888149452
235260472
3948665375
468118349
238315938
3475196533
293722201
302727821
135272779
272250615
1616366544
49110954
228745648
62065567
135577953
163297524
284599200
596665090
328992159
606491365
574857832
563044207
73669927
50679538
348971666
17742255
2157261769
635032312
637120426
350996228
70186440
34549808
61794357
335320739
3452884873
3422104874
205108945
2513414928
336044110
3187024350
2801981182
19208457
541481961
156411211
17853760
6541402
401089025
25071402
272538235
51263592
180141446
1380740166
120943272
33160996
1557315432
26369893
2720232943
261750851
930506383
2432716338
29029556
159121042
387929129
348894653
16298441
20711389
7723382
15885301
72348113
480930665
20447903
15175368
14166714
122429429
17585630
213350034
1130102132
35206553
274810287
287874817
88354095
186594295
17931036
277595625
237883903
208818498
39357410
26020351
103387700
2538115178
152801977
1326005282
47216804
443215941
25343191
178088940
570290656
586892658
88749392
378171907
15661871
116807864
247566124
44570946
1262129768
2502209837
2399909347
764146716
40799383
18216279
15253147
17753033
29756339
20204789
21219827
195814782
254830969
130991061
274649460
35859588
153694176
1589098538
19687297
270316235
18385967
871641956
6467332
34295872
10774082
20727819
19278548
18800265
17992258
2287131817
1675176944
1586180527
450265312
27243727
48248079
130710804
57707318
46773785
39200862
133572123
64086644
112493646
305279650
219190664
42253443
38267264
56610211
242512016
17468528
19385718
17783278
295632119
227347152
17483878
3646911
21617761
28223477
20632528
18950402
24980246
14840869
17602896
32140200
156394228
105967799
55353207
35117415
245560066
607694770
15441185
2927978431
334732770
21361325
225888083
31126587
862069657
29511514
3385445062
555213129
379408088
1906234147
405728790
310072711
403246803
439125710
403255314
18545297
35107066
403245020
65468153
264107729
33424006
105119490
385989819
36968196
84279963
101781641
158314798
17439277
181561712
185836494
35411839
176566242
19195276
166478326
149204308
20627870
242813412
28041265
589672047
140269113
211136230
765871267
25602794
21834354
35664933
522255456
309741089
38314743
221595014
393541473
106796547
2651937715
144607455
211643924
701625379
112915037
18708466
28245852
2270593045
701615052
16622151
258896042
17386885
546109609
26417129
17322854
262543492
891450230
106833470
63420653
2715115656
350991677
80937511
23280335
245548093
3220881440
3063032281
14342018
249861690
59604142
28400223
20015787
24248663
18145907
2279602572
2372164754
101132839
2480954209
73251301
234270825
555129716
962197608
3187026492
882838615
78767466
785739140
2377837022
29056543
24822280
46306646
25027806
24740625
18783665
23748699
27558050
256881576
25398075
117778179
16658390
14512909
18222378
40572559
119509520
138600717
39204454
229943617
18845207
24278900
19671129
84358766
28209292
129838205
23148645
207923746
18395177
119460225
18278629
67197351
29861904
145499533
128990079
104235481
217920201
23280648
134547779
239598773
204995942
237575932
57391685
19165963
63770845
49508345
32713532
39889652
32778589
2379125420
28813479
800375792
349673005
147789231
24133242
34563843
18312897
139791861
19392245
34848331
37269037
16660662
201475138
197117628
379472193
95956928
203142118
95955871
35195190
140579279
134689198
25743813
16158049
241747585
1653041798
78644388
379445996
97550851
39007265
27711856
28746590
19793752
27679489
16848539
19768193
163981466
26130127
17453527
523632806
38611183
35184346
89898430
130922325
243965913
1683777487
40892016
23955472
26192398
60182345
23376821
248427077
39985597
20710809
25087685
27083523
14562016
27091468
23016395
15566901
18128265
21324258
42773068
38531995
34418203
7025662
3229394107
32688098
602314892
1863807403
2580527803
834988327
25354531
25725698
14996376
26770483
105227702
36407376
21462484
26535267
22222761
2248115700
18217458
28542914
8892822
2350802671
65626531
27708723
390051974
18328082
55475057
396365573
87716091
81048175
34017003
81971731
67172977
153661899
65233595
241658111
148738181
219520456
110203696
47565393
126725833
23438664
30972802
97082945
263364326
62760327
73790408
149116101
17454419
15884394
76395280
124848346
28478176
21115824
17048177
39189100
119596436
23545799
34689980
87890922
34050356
15764001
2828254294
32278753
347160044
40518949
45439810
28406270
20322986
72423061
89082570
27711685
15426586
39505715
20806416
172081247
259359936
2650458288
2887129773
2434552658
14511951
18774567
25355724
18667907
200163448
139399835
2485800751
2405030529
1530954596
472967330
50713873
18644989
1187647735
790080344
387718620
2148974662
2742010921
2625176466
2846409211
2467160324
2716721012
2602973341
2687840425
2588754918
2576238121
2466467903
305859646
2379293312
22988315
2888160711
979499306
593370001
507265907
181456809
3067110516
2746926775
2230072839
102325442
18314564
262832306
33233069
20563617
27488504
18453284
20754563
333224954
254009170
2802536101
3099748102
2818837680
554540678
1381941403
169719009
2521434288
142614009
2828922458
2449601442
3068362695
3066551830
44945327
3303293865
1546270652
984413802
380369476
18201114
175605389
42709370
36399656
23991983
497134741
24191040
23111998
20529134
20095257
24019414
30025691
18486007
18927430
26574142
75381986
20539306
19660185
48364105
21781549
88839965
20444843
21352349
53081331
1897316778
67399799
102778829
18812454
271007841
22491937
999639157
39580052
349735710
621242535
566281129
2900426395
463429083
1093124360
2544250500
1078287655
45795129
24113914
22237740
41761325
74055097
18251669
482658470
2384120876
825934369
37142957
2646299700
18906561
19073101
331734649
2853696007
476099005
3070539901
2277197665
2967329770
2567432527
3028795167
2929242090
389890231
16474986
1092954950
948579259
3106645235
131202113
121408478
52388069
760179661
19012341
1122828158
2827891781
1167111014
2836609196
589457182
2254473588
15715059
2584368762
2400034518
1498158499
155657088
1548757723
254930755
18791763
56870025
3041151088
117808071
1534788823
2528161238
439623705
16151705
3064689027
2652071286
526036450
347650257
240862130
836745402
1164429252
31053312
408851940
550788381
17368610
21707592
40128870
1400539698
2955607743
17078632
2422709430
27788590
2347987406
720053949
2762185871
32215759
18080569
352952096
23407292
2940192081
2905540582
1689552229
2694749580
2318826451
2289838531
2958278662
15948522
2986021569
3157497745
1561639327
417954270
2950415852
1487517674
954827947
20008214
2850094505
288375894
1321228982
1598763488
752300940
213319068
2513075658
22545752
2425575766
340751599
141447245
2956871046
2764531852
2424264666
10168082
2382962203
2201794429
22192847
29107434
498716358
15703179
40495710
14216203
25108484
17074822
21133007
18863815
85452649
18124756
19602869
457554412
177285744
17014360
2887054990
2571226398
404137465
2673811955
25395727
33597201
25970331
45900567
107512859
19624068
9890492
23069001
1438162062
162876920
22654208
19732645
17593487
108965777
60050843
15460081
30973
259920107
563389965
23535809
19662280
260076956
201229614
18064372
25889980
14791251
539004555
27758112
21910850
178117805
17074714
74712538
158014897
27760317
54387680
52939106
75343843
54951973
18745729
27406401
18734884
26516984
14790899
19832580
62432717
293812832
105180319
2306569687
2997492282
315302894
519655512
2765240810
117921684
20096207
25136460
224809313
325964747
261425006
23561980
96829836
28420827
186860459
407340870
348785149
19731770
487144778
275754574
243905905
468896332
37419643
499073990
34792516
325966046
222185665
2332631778
48819054
563994913
98487876
93947938
19275209
22844997
21921729
14687256
16569248
15165450
73187164
7406262
24429698
17396566
109065990
733838438
2599444560
3092228015
18643437
87218848
741417698
405970201
15731513
84194879
454313925
25029672
592318436
14342564
224362254
345008875
237872144
19857565
21388284
1337466588
816010566
340635228
563940069
492399548
22321602
54365543
177842892
430508843
274119641
401146706
239931196
65931795
512446262
15297532
150151257
562737792
158128894
119199038
64496398
200913899
966406844
243442402
450080693
1290082680
28207101
251496825
262359713
322803070
472623389
28208983
87239242
487977202
802939002
297586910
533599828
25917171
881607937
571083342
22898904
332611996
38513145
30614676
121966121
44559386
15026340
23544268
140981163
20616753
2391359107
74773917
56845731
31428361
68707062
256131756
243381107
32604273
2632716033
502383742
250261931
492691126
49032080
251432707
506708954
48631266
21326100
15681343
2474163859
2186741431
299800115
461528045
236992840
204856343
41398787
1049478067
214943774
24545198
48264526
2747259456
331814222
632116402
22103510
2728583006
2728551676
2337848636
155544257
2576534977
2422885897
18027267
610254512
2770388260
1549443258
1154754404
1092777318
203083495
436366250
139951730
213570906
61062667
215060612
18256664
28644174
270369094
488751763
153259659
178442583
525312787
14353392
23027237
71273952
6480732
2425231
41456486
149590738
90021519
82939583
2929304246
462487731
53775273
214648261
347899465
803441472
141864252
1305995330
20344826
97708927
783214
402257289
417565340
547607608
8771022
153488709
296623811
288452305
197224205
1435994318
523512145
53269717
140211272
207426991
1320073344
18949610
113630009
2755427468
14996887
106028207
264257750
614703722
240882648
2497639615
15392391
1608781524
476234589
71026122
925049072
6449282
632511744
23894080
30047168
2396234124
59553554
2824210848
70597268
2176282656
167421802
2575690472
2707969603
24919888
16815644
803395080
30475616
159669473
540062197
245057374
34777103
22035690
1027547971
866774575
1264788474
552011578
2313227480
2266343932
1681324362
23696757
918346674
2716997492
2724640538
2358655434
17454769
14132853
51029636
2801485833
2841669510
28456384
30023371
416273540
31001575
23806195
24776235
433610219
79656893
627492604
66339576
136627335
123757534
227626917
2801941081
2228427912
35874969
2356743661
47459344
858649255
2557750243
16735885
546077841
16568227
1463880866
27022925
19279990
221452291
237634998
348058612
17844280
17057271
113134752
50618718
400770714
1857070171
96013710
29555251
390860562
149760844
18131961
352145373
69135840
80096621
69718702
476199422
525060895
35880417
91259072
27678749
33473521
1562935142
101858534
19407053
8161232
133093395
57097104
34036028
623911921
209217564
21050023
325832193
1183041
304679484
19029137
104969057
602317143
19066345
15458197
81783051
15987295
19639085
15446126
15135958
19412366
15057943
8223872
22009731
35749264
17909625
22061737
1440641
14199378
6480652
70246837
52613032
121626258
20630639
430744802
300835864
241382835
158848407
144924285
50515656
104331223
144921014
30602016
62988756
11856932
144925401
294149214
28211427
296038547
247560825
16457400
68819587
30103231
19879313
72936595
110365072
300844271
72694909
72970581
23018333
68795677
586198217
30309979
72946493
18420140
770120310
68813436
76256268
293850289
30104231
318531174
6815302
14994465
30782495
19028953
16685316
35787166
18091904
20659839
6211972
25252511
17214538
219682445
18039316
20035593
22821175
277546050
89084561
35982046
80480330
14604080
17852343
24925573
102508723
63302020
50811932
586032653
26553086
16421962
18104752
349970734
15276225
15676578
1372178610
50687788
25092574
1332095168
17461978
844512703
1546823898
1349082427
21982720
18671559
12369372
5695632
18009781
23680913
1132090693
1442392040
53187777
27942809
14745059
44217028
368676893
14305530
1728228840
74672222
818647
21237045
1493839940
13652832
564686965
24579796
22575307
24019308
15913
18101713
22679419
33342154
73443014
17169320
19877186
34747631
26604904
41073372
14348594
20221159
48399528
52146755
436266454
15962096
25489250
56736161
17732153
18548221
14094741
25351121
358855692
876045241
28096105
156132825
27195114
398490298
926620369
28074588
33956270
61263431
65412757
407208905
132022097
23888081
85724849
48410093
16560657
29412327
458081597
38802447
25233746
26304266
34430522
12701412
804942871
22090361
809887021
309176758
117107500
109376090
16310534
310109265
38532460
24795163
39364684
21313855
29344169
58896265
63296944
23990483
17243213
16691049
1900720267
63291287
67418441
18018384
17736137
1407277784
1433628480
57170795
18086960
25341996
355741893
34676063
843112550
1113167976
36947388
551149727
20641995
199110089
15291335
27022632
618300542
900894660
1148951203
19362341
758608
525821517
91390383
73593143
786796010
336230439
243835805
23544596
50826280
110827653
39706174
1201661238
282735852
20196258
183455324
93320516
989429790
242222169
45792701
23504870
58601997
352668196
32625314
755953153
17221158
1639058046
1549304935
2305314181
56223278
250831586
124335068
329746058
203162990
34212917
19426551
35936474
23560015
15635604
20255162
95023423
7831092
16537989
205302299
90334660
128393253
23314049
16232843
46484304
26177528
114669858
17371873
97739866
18133405
299448712
34793170
22811937
22633584
63112528
23827692
110458336
30043495
299335572
295838580
561684253
322293052
259387453
60972923
30274144
156306739
26813101
179222056
20978103
39344374
202396203
29282820
36220671
21816984
16352599
32985158
19571299
20449691
28395645
189204931
22324642
40076725
11350892
23855299
210921551
29546945
14353891
52544275
216264820
33549858
20788087
33978449
85399171
29369395
18742360
32774989
111595219
22676390
19608297
15169907
40768837
202415747
15639784
89503894
53153263
216299334
309214641
23996721
332638587
210684204
15451591
128917539
105570240
23614207
28638191
391037985
55033682
15687962
14663955
71876190
24774508
21718006
393852070
580097412
236699098
267921808
2207340349
21217034
18583722
23603092
36528126
47285504
55010030
40908929
17350250
18713254
33514869
36098990
15439395
59949396
284602545
238319766
209708391
14497313
15754281
2367911
28422142
28061932
285282053
101928415
22084427
41259253
115093438
28109359
50393960
66528154
248917209
15725217
22685200
27260086
17525171
21705931
66561957
418991973
19373710
19397785
6761682
48100887
25203361
75916180
20154994
67995848
18812301
21148293
16212952
30364057
18220175
31505219
16264006
6273552
18057465
19330043
26347170
18825961
17696167
22461427
18228898
373471064
44698296
10422602
22411875
405056781
40297195
284441324
37068486
568825492
757303975
22193754
36771883
356666161
2481715738
2341172574
63172203
171160722
9695312
45266183
49573859
31080039
7428362
245992215
512700138
253168159
84447226
121574840
244368081
543773670
301165717
50205873
78424569
28382675
49717874
55117855
16664681
45634413
15763416
501975557
165511377
179661493
42598409
86330674
1493678719
23206141
18812572
572225652
15279429
27042513
29398195
102236361
76997832
107107001
196917975
41160983
502281810
588416926
30333898
123945193
62591681
974384082
20479813
125481462
29964675
47786101
366010246
502135911
1198406491
2202131498
153629442
113897988
20632700
46503181
19562228
31353077
257834640
1715051
53297035
33041426
749952350
629097517
43042353
1041346340
487736815
1372975219
927285830
835328618
70009161
558446365
1152279248
1098364164
34507480
121839258
17842661
1064870802
21181713
21904217
22938914
79848384
2385825368
15074642
1455358646
105961394
238020959
518737741
112747576
19380743
22938645
23202992
6480682
8839632
51109313
26585095
273984973
96444937
15930882
351287640
25140900
158777509
1394399438
64790822
27685955
28562317
246481013
31239408
16912794
310695482
85832891
93908298
703436646
29599482
40306315
346031685
37515801
112605001
26127836
259348680
68816598
56446839
78763632
2097571
161456486
1330457336
15666380
26892157
6017542
16409683
29840295
2467791
63290331
31641658
118857505
26149716
96846955
86141342
1339835893
742143
112824083
29611918
20632796
14173315
31583882
142157505
351259443
18537709
17446621
112508240
37344334
26053643
14791044
19697415
18538268
14022672
79238164
32004130
428333
14790966
21305757
14790817
80676273
21414413
20609518
17919972
14444926
163755960
15033845
18788558
126740630
46177695
25321854
19555067
6249572
27722284
36690579
121341102
1924364738
19248106
309412426
31293110
70422990
23089953
139823781
34738598
15651878
29547045
386244525
24886570
23690344
43778014
39698534
89699637
21131816
1128197251
21829242
86147319
35777497
16959345
274656070
137862496
28546367
19930164
34097876
109660695
23530242
85603854
28669612
92367751
65992743
23613479
22216725
15087120
20012204
23804345
24923783
22109593
21681809
24647812
34047021
241217294
253114906
41229669
25913173
544517731
43269420
33627557
43283406
52221945
26861998
19291081
329313187
19421477
336851461
178037777
349923620
50121225
353519802
74755679
2165590886
33452466
53238154
46576295
36532507
16305330
18125335
177249094
571202103
85259796
372575989
612473
5402612
28785486
2884771
15012486
17918891
12133382
7744592
51241574
14293310
807095
17074440
1367531
20109973
15901190
196925561
184910040
124003770
413487212
24963961
19018401
20823773
22832029
15155074
14230524
21111883
100220864
79293791
23375688
3004231
169686021
44409004
268414482
35094637
26565946
73992972
16941646
23922282
146290693
14749383
19554706
24929621
22657153
80700514
27457788
14681605
62290422
17017636
43192807
14515734
398092540
16312576
75974281
24447643
15693493
130649891
21035409
23151437
12513472
21506437
54682125
259379883
20015311
25521487
10810102
336116660
77888423
954590804
18735898
18665800
136678264
953278568
1641150530
21850078
18164420
126990459
28642181
262315486
25219511
30868693
21926127
2537281322
82408154
268439864
17498493
25390196
20556015
70539211
124476365
38246445
303994581
1969064510
139930250
16583493
22188040
39311859
14947962
93964442
216444984
15224867
44215023
28221296
19777398
50374439
44126439
140187322
85828820
29846565
26929172
139162440
16227765
23617610
157140968
135789579
82134568
33694840
56405314
27778893
31312972
15147397
52551600
228794007
574168493
75641903
130894721
6539592
36686415
255747911
338084918
275197798
256573865
229219088
19637934
39133880
562381032
166739404
436292177
24807616
26642006
500042487
14780915
15227791
128956175
237845487
15769327
18948541
3554721
14955908
263292498
978908012
22692199
57084769
555928038
1086485478
1598644159
1582853809
16895274
8283082
85839993
18244358
17842366
17471979
11348282
37710752
44039298
19725644
14506253
14939981
16331010
22179997
2883841
25589776
6427882
133880286
19058681
316389142
158414847
16303106
16190898
21447363
22940219
38536306
27989078
25365536
28706024
10228272
32959253
15846407
90420314
23532984
14824849
15485441
15896162
14920785
115485051
26549790
22965441
25729274
