15164565
1652541
6017542
18949452
14677919
2097571
14293310
51241574
87818409
5988062
5402612
428333
14511951
742143
759251
35773039
3801501
19014949
886514941
2890850363
151650325
1441726944
480436458
1407151866
212702260
25379961
146619371
140488453
19496771
1219865652
25605893
34573313
2951198781
1342696057
484669304
37440203
370127188
120565018
20974574
1282956276
27476141
18776605
23920355
378504250
1852366616
20300366
1269275143
301999083
36757442
150385397
3793762995
1972848194
30513101
459729529
3012596716
2870734732
1439744029
2981299497
2493206733
418217836
422818211
1641403274
1042199930
612582154
492499974
1681085108
390233662
2213015505
211648510
3234335718
361168005
321970500
23741531
80373914
17217913
45364382
12715942
121112874
200074945
26619719
14047734
143759914
48356270
15945285
33863096
29454622
2367911
35762475
278947634
3371874226
16103613
3350525121
193708524
54482499
36639071
349848629
3291853109
216888314
3320711465
2563063728
1965578353
362339392
500988465
511860312
113063884
2351340198
2382398094
2353475101
87404064
23235322
29757353
1946190224
5435462
2797791633
116585180
42591861
1147926745
20452312
1266688418
1160110579
19718273
249682354
178258103
215793203
211875599
875403872
594899978
1852074878
910996537
398961453
88470358
387097451
318716495
27517025
25309960
19241281
150417777
2232008797
1865054917
154480499
610916491
2586455368
377663173
45552141
343808102
22418462
494791065
292307056
294192618
1406102491
56067886
3121454603
43705677
633997103
117510010
2264518460
74158882
3157228060
234571042
2178738419
168635580
129126273
1536791610
20997946
93907583
17618649
19180474
17192748
157463564
869692946
19722699
8963722
166739404
27678749
158740304
221474086
2320499827
1156344793
299178547
68985745
243349778
222288120
26276582
3068100952
2318665552
2319061068
229012628
422703847
130151627
1161023948
49462350
68412310
43522180
891794228
595480823
2645510683
2412643417
383959289
11277292
757303975
74547507
1339835893
3032906511
102891361
255746313
26662123
24516460
20222465
583206926
18583294
2679055230
25510245
23605284
134660343
25385683
25326324
595997584
327016546
41469938
214040240
473883807
15317676
24866239
119687565
121066419
19981221
223810672
372142346
27209885
2813189834
85826993
14410498
116051244
531098502
113613920
1385069714
719317469
18743481
19332944
172933437
43372222
613718362
35787166
20470215
44375901
326260097
19980906
123337390
69938301
452778132
2173735885
359251717
191408161
44138096
3707601
23445433
27755725
355551676
131606557
3050652095
240787233
356768421
30979321
8236062
27832094
2208751964
192829151
207479316
30821221
18130181
223893700
425846996
69656547
17920486
97635130
25365536
169686021
805240801
28136539
119875281
110509537
108382988
260839822
115512512
2902461208
587664664
435675999
154597856
1485089714
561998327
468259137
37207396
26849508
18448491
2317913233
56732118
108625185
17832312
19595231
107052684
924249001
2828723425
113158350
419843592
15571421
712457928
19287583
456118250
297139959
51746591
127490906
1709751218
74535284
21741782
33640566
20952009
28351350
1634196048
151651374
28444611
23643850
2510274104
1257983545
17233550
397154449
22898618
23077161
26475737
757243969
763279752
943142900
1369647680
576935641
1022895720
444010020
19591300
60003142
22747873
29517152
42391186
526688000
554998486
531033253
386532099
1897208317
2431714386
536118742
1529963894
2394775610
250540245
110456569
292788257
19596271
19709223
74191492
196732549
24574486
133682625
351573405
309872027
25907575
130471950
66095889
431108730
19240396
356902110
15914779
19425054
764368
40828825
18648570
342171438
23559586
20469557
15429316
400275224
65416867
688583
122725131
2458004942
33149514
26321025
592791860
337445481
33468226
19061720
234625873
241426680
2239653990
185314895
42655526
44620271
21255978
435802919
116537426
18759751
26489325
592490041
16945578
27950155
18498030
263558554
95374462
299641681
132632252
214911084
21568477
24343698
26380564
23747279
25504390
112491703
20591744
15654050
122783480
18396706
43979061
404704180
275197183
372990337
89691893
67561251
22930063
375837712
41118960
85834979
40003029
283427732
292297862
747252110
709425390
205167871
205220805
17120420
95200154
132468849
115990030
21087840
581809342
19643874
180801555
476716151
19531031
24359073
40196571
24759505
871527270
91954300
2252144814
139708172
255258537
43071535
186442565
194758340
33470928
25314550
125609364
29668418
67111722
14780915
9695312
24894496
373593474
15553222
94283787
62694095
2874770843
5438392
19639275
23754741
29949027
46484892
23943957
19234016
227340451
19902621
16024442
153686076
41071077
29177757
42617929
96788494
21854619
377898734
17942623
20138540
14260724
19223927
140035266
18799336
49741734
22798667
97005910
18273805
447906462
246717186
84124306
21789348
866454404
169425879
144806619
16418210
977061716
25484962
107497550
83563221
139734133
280885197
122112657
88947162
18306514
15340768
263585131
57316992
29416103
367641798
36069668
268230520
2893343841
28545557
304014408
93385433
24153634
18771830
560866658
206230444
22072295
998656243
2855495999
431777303
249197790
24582476
20360222
330202630
132135448
201253834
110683538
759648672
25484596
35419978
423338683
76450394
200426760
25131862
359911888
27856624
289329541
269436752
14978564
38680265
184861746
357523802
550966462
314221270
20348431
85452649
13784592
16929559
79157725
24560800
22464417
182822750
32933226
26876312
19906129
201766729
22366770
46099055
132107176
20912700
459145115
85777101
1479340489
19232726
74711173
75995183
19773729
23831780
99776608
31392394
93637290
392875073
40862959
18580713
355029667
270445484
1607622866
435781046
61481011
224614992
578073
18821094
212586899
193690274
7232062
289857473
24175954
19124133
2748389388
19005152
19341506
20674086
371304855
966204836
196184348
26868650
23665530
93672257
97474283
518666366
28516733
22914310
91153378
91995170
77180383
24840127
592509683
31457613
168700165
264107729
39784215
196795202
34507480
158314798
181561712
105119490
209708391
84279963
268414482
15740094
25680405
17919972
21447363
16409683
419535581
293951891
553127379
329892439
2411174791
17560096
26565946
1841700720
70153057
21401466
20506424
22405110
16929349
64418855
18392906
21053813
20225875
11857492
409268785
37619081
46887829
22906034
19236318
904554750
2440061332
607445521
31373715
2320104112
1864474508
2302991754
14340485
23048173
14649689
37725886
35701073
306063609
2316692491
29449999
283164384
23922529
83585393
23588738
262794965
2421788563
18955084
27844581
211194401
62757262
1252290787
823889286
18583740
479419190
2268484054
549584241
17778133
112420815
337032628
322605093
94823191
784304
870681512
243305464
19562939
14048334
2288741004
26578749
338084918
104235481
207923746
145499533
393675559
17174309
106702217
23859156
361847047
105571819
65609714
904634960
583128514
1684721
18601305
459368351
5135521
89749118
260169162
16870853
14089195
318375745
18038269
2305249253
27921052
143647432
19495358
184753583
16401045
2306336515
40865767
19784831
215696856
26022912
18536621
28177437
18988613
19760912
19763180
24168211
19366988
74456252
118115644
38901763
328628728
113087150
217389875
150644308
14685256
27217163
23608596
156729608
15351490
134118745
81872745
83603458
123553396
69532887
401346005
18759580
1344951
25481654
78077829
2213914556
18761673
119351043
24024466
26460407
20514350
1710012368
23512186
19672824
20972068
807095
609964830
112648904
1927688707
407803344
5695632
118822155
325480921
17063266
110658184
15015970
86026787
105771046
26239504
1516472120
68667032
422483393
393880904
190003277
141598384
574414434
605368976
224226575
190441693
301310928
284086075
261884818
635640513
426754478
28349639
33154650
20665508
108291633
150183771
127946711
18897543
19778134
1498612951
22470605
19247522
33927407
124143928
22529432
19467792
261882525
136188139
24701829
17209624
194020814
57830672
20427667
229788722
436935286
26510912
103563396
26710704
575435484
19729217
18704659
249811617
260693245
39097684
19186613
19179185
131251199
419050694
185752781
763598294
33892547
115633811
438897828
496472783
18878434
250911289
3984681
472762255
19899632
19035017
40340946
42876249
30097812
35810120
17812298
52007839
31239408
23421902
25307509
406527548
28542529
27843963
136262848
154076541
26456796
226513670
37706685
2097191
212630493
15856563
122803961
78906903
20223546
21606366
16010338
17808910
19744156
86588619
1169839820
56775773
243167294
323917091
274871652
20720174
741770449
20329303
159136793
121396555
44094573
80322499
21181713
251705703
19656482
19063282
17161034
23599045
23975412
26468209
19765564
338231046
586290323
16681111
23329422
336037561
27260086
28554584
300918451
126632581
65135642
24668867
68979785
21043499
21287406
33472007
23450071
171606166
15635604
20368392
918980347
117477029
31253381
230132517
61495719
37868953
356444804
19564842
274229742
19115005
86196231
160091983
87148957
426483
149061291
22667853
23268484
228828858
1108666022
370397292
22508364
5943942
216303057
372502492
102361784
19528193
115141215
562004529
105803743
1120274161
490535856
347909553
788524
28677854
24599923
276540738
435854067
74988510
45266183
196501754
16281901
14267393
122171156
29247964
54930650
25901028
40704916
27836016
32975855
14718073
19331539
20278844
282789898
140830740
154471534
1133586786
321931310
35239899
301118960
14420915
1010914458
612571208
498669063
22962765
22598010
74701069
141653666
37623257
15251613
60054156
17765822
454194400
199420594
455323083
27115636
188282409
120426171
226895703
20911637
813792097
22131810
18395177
87407509
399971620
845743333
177012508
25316425
271650180
18970808
19759070
25147598
80920198
24563315
32426761
11094232
627283071
14227473
122317445
374492099
92496869
29688538
24370400
278522643
17833108
33848541
15178186
29169427
360882744
27269842
41145039
21106898
97002380
18672609
132162464
29031713
26485849
35700742
120071957
14230524
406971569
242335638
204569891
521599051
25395251
18830953
23929974
393026671
912656623
21550372
510223355
88896004
29964115
20984467
332700989
58788575
85779863
15962096
29679762
66561957
393187089
570647081
21110498
465533972
16998020
263823773
25056645
19283820
915449606
35712339
27690969
31090224
18715702
16590532
280428760
30976596
19616158
122627128
21988596
217083090
25847729
23078510
563651049
14858857
43534767
130147435
368362106
81292884
182419274
132143313
88894010
102609898
19000066
16518156
569396123
18955455
24362792
335382741
269734749
18374855
28531810
44098212
21284864
621088828
18949610
348465698
263573592
145353566
160564474
517425977
249635226
142990327
55590521
112751658
39971453
19068816
59173683
174581321
142649967
140032035
38010129
164360518
31080039
337934883
31421000
223229309
19589389
17845167
172059818
239368305
18642457
203133612
78570897
204738898
20449402
20668348
23753548
18540274
116888013
59074421
420917184
84417304
281380733
18742376
29683858
150157240
24378794
17753321
94091613
19990973
227335913
171081310
32458425
19341222
19523359
64145120
21096184
17230018
139137509
387039962
24512225
19198381
26486798
26018801
466774301
35524390
15228272
42003396
326570372
160846574
125312184
292358061
70149361
143746165
113514650
47196134
382671636
116487400
18785759
269895344
382675427
47900563
19108819
364843493
45536687
38650801
43873937
351872945
221388186
17514034
19767924
24188676
18759086
75796276
79293791
17962245
28091932
26491055
3176891
3801031
90856839
37074560
21744038
99755140
39242353
208623249
18960992
14822707
11160702
15279429
147898930
19178551
19583876
254046785
24237426
34691012
4203411
28196433
33839946
25806188
295091012
22133070
18934463
25488266
72119221
23736603
82607453
20467578
19902330
21755525
1859811
21020709
25311688
