4261260378
34655603
16887175
15438913
102707504
6107422
16973333
35773039
16343974
14677919
14138785
2884771
788524
87818409
5988062
14511951
16664681
15754281
14173315
14293310
51241574
428333
5402612
2467791
759251
742143
3108351
4126249584
16312576
545362313
90420314
280845193
3253217881
24133713
40752044
35172509
34212917
16222584
16579345
30503160
555521357
39338684
361270172
285282053
391037985
555448499
75974281
27042513
47285504
580097412
2581205516
2535869564
3063032281
476199422
974384082
395192468
848648000
2715115656
303209667
1416339126
393987775
61083773
15515656
48785884
1112465706
393852070
701625379
701615052
284441324
167555974
77504008
29236490
78411917
12378512
29484644
43192807
15220473
67418441
63296944
200636539
807095
379408088
439125710
264107729
403245020
403255314
403246803
145784513
1314339102
40840670
245229537
299776583
492399548
56783491
44970351
1661209398
130726344
270654014
383044849
34037607
57706584
117843863
384077377
262984604
385140294
733430719
182071801
338596872
42319776
96448406
23086378
366322025
71435985
130991061
22440364
2365767991
9810242
583376435
140195719
17074714
23655671
23652121
19602869
14790817
15651878
1319921
614552073
24859104
405728790
3007450235
597119761
499494637
54480759
29979980
1665606356
46233559
26642006
39133880
33597201
21219827
21417710
262454289
105715305
23807048
234443392
56773228
25419402
199999865
109303622
232427394
42952222
28866572
377535645
158083672
353135083
603851433
74178503
902244254
370647393
404536171
158737868
191928294
385488488
177218386
843860821
1324747338
2449601442
597592645
412948496
35787166
185019826
2232996836
32128600
958156806
1974010964
139399835
204887235
2875343207
596102203
66339576
1681431577
588730194
437030761
3370311844
740882012
3278344220
1703499732
343547084
3177251915
56586712
2870579749
27678749
216201838
90021519
2881534044
36947388
278662460
2177420990
2986161066
3061866048
2671554672
255314836
877336458
2893511188
121213242
3172152151
2183099646
3146171871
345811633
581494085
358155712
344384150
472967330
875607744
746935735
1326201186
986907835
75821706
1068121346
268977737
65289126
615214819
24891292
31136554
42698571
23787909
149760844
2904653819
257305275
2407989948
2195214596
272131714
355795737
3004212162
774311630
176566242
158314798
1892082475
73171449
3048598716
2798702210
402358827
1373368608
251873156
2888801022
525312787
469517478
283161604
2883201309
1007563220
1187647735
80144576
344316738
974198634
2201635304
2854755193
5695632
2827091191
1340574841
1440102780
2709029908
815442366
39075764
451853942
1373343445
166739404
84279963
436292177
105119490
6427882
131962317
72194524
144998944
50168277
436852886
196853360
26180278
1327654028
29756339
41229669
274119641
181561712
25970331
50037051
150425432
755048203
34507480
209708391
423791959
21728396
1255704512
2400254502
86560863
1415964860
1859633490
499238848
66618379
974860940
504066031
38252077
2155365456
42455153
310066839
1297913125
200268415
461521888
35179560
121341102
494266498
129400817
305275926
118504288
371582146
93240796
15316815
430744802
68819587
287858728
72644483
16190898
22179997
2883841
15846407
25279391
25363826
47786101
339297741
811223624
1087981536
2384732839
1859511079
571490968
1535518278
312422479
2566011299
37039637
2225440405
2618136179
23375688
26565946
21447363
17919972
68838957
628456995
2618431301
