625022363
3403314244
18742360
759251
1652541
5988062
21217034
34713362
11350892
807095
631478663
45564482
2467791
3108351
8839632
28785486
35773039
607289206
14173315
16537989
83002087
97739866
22650211
17992258
19979590
26585095
14677919
18861666
15918501
7744592
185728888
14286496
19678610
13992132
9890492
20798630
7514802
275020671
17388955
1394399438
15111389
17612928
17445169
12369372
22816808
5741722
9636632
14988682
17583151
31262198
20028484
15127748
35792264
30313925
57845946
20245775
22799361
75641903
36743910
14437914
30835585
25560255
25357255
187330562
17446621
78246731
25994934
96235805
15922898
19688841
20649962
17400155
92106533
287817450
346569284
111515085
340635228
376949454
52875381
263266831
739699332
191228704
45038024
472314747
22811937
13492102
291524495
43893736
27760317
1952721812
17076726
14324449
848648000
29398195
282423354
19089165
17860935
35305778
50205873
576616904
28644340
133064408
586032653
1411393872
23849131
37771343
338727056
2162718483
2574487799
362809642
1263388105
18468468
2691552012
742143
80546876
42493538
41215523
461643325
17059535
26369893
279158718
2969096590
24083901
2378257572
31556437
110018258
86817607
38170974
54502344
701950093
3398864391
2635340887
2866044781
390970273
1704342270
1325912558
364788507
934781298
120026210
87828109
33571670
58233603
44620271
46345843
17753033
114721074
17386885
176486829
41329637
17336417
15253147
17020962
20508222
215952307
19818494
44101412
18953259
21089219
63172203
50751556
26885308
29840295
6427882
16190898
2856372747
437136024
1374926329
2398154300
2663976554
1948294874
142528310
2463499796
1575938280
2590859030
2421089118
604733389
182962934
37387336
339716579
430120444
2332631778
2444335140
2984702594
18583722
2397078144
205302299
2331035574
2462120670
2457039158
1585987986
1931029135
1020863052
1347064202
570279813
579603629
2414652841
2991039970
3187026492
1290082680
430744802
87239242
21133007
18863815
24886570
23690344
386244525
34738598
90021519
285282053
14920785
468896332
216444984
3187024350
163755960
27678749
3000383603
499073990
2986161066
2398146332
2994020017
230307598
397835625
126554616
962982187
86972419
97231725
336116660
3187320511
54387096
17469289
69380964
46966900
14293310
40280441
2808423788
63290331
86365953
196917975
21467941
25135956
51241574
53436443
23560015
17070113
130894721
6017542
44215023
26895879
23976386
100220864
21982720
15962096
24959839
34036028
20641995
40908929
20642650
24928809
557392270
28166836
138600717
43283406
251496825
28221296
22330236
19571299
465206768
337319256
17718497
139823781
329746058
18812301
20221159
5392522
16664681
18222378
19671129
22676390
3004231
443215941
20015311
2775040478
262359713
19074134
169686021
55573873
1342358850
205915163
416045517
19247844
136361303
88749392
14934818
3269764538
80655102
214791922
141052723
370352314
106808348
185314895
92367751
2229283308
2560344708
52551600
316756361
124335068
250831586
71876190
14681605
12044602
183310940
45371222
41533440
70721393
2493380772
25384119
23002923
944185897
129864375
115832484
44665993
121518180
28144053
77010454
84689662
3189234937
28223477
3042547236
93321534
2152024183
20559458
20481860
78132937
23417878
524024759
2407426380
2364419418
1950047797
16430345
154498853
1768494524
370207457
1425689588
101661598
29555251
23006082
203992030
419196446
2187516343
18061792
41716273
602306058
263292498
372698769
71195805
580156370
330213789
541307534
83484924
793997557
109267701
234633452
1080730560
2335489674
155997273
105703310
36592011
37762728
1107023845
24699851
25203361
16162021
22088044
96851347
111690277
188647212
109713729
95515846
94360081
23832022
93935921
32948225
28638191
174369819
449198047
100127942
21423405
241382835
502135911
15666380
31312972
403497669
18079938
27778893
83312422
84722671
205502812
25341216
62290422
15515656
244243477
290883957
189200128
87016990
393987775
43698856
19708968
186598799
191504048
915691286
21044752
61083773
230747533
138510935
103069320
21723437
66551058
49573859
110827653
2447766606
564303265
18133405
18228898
18220175
6249572
110222891
557379987
129575180
184596818
567440698
61387670
108797271
65773523
110840720
1426548096
83206131
43803786
384163459
355285163
31583155
272112899
27588709
30336820
43627602
110775637
21030857
12701412
15637594
518746429
64259869
56405314
23151437
17525171
73992972
18091904
492399548
23298808
229558109
57393165
147286112
72348113
43139414
53153263
16302242
20447903
57084769
16312576
118857505
189204931
35874969
507696606
21414413
123945193
42162472
41229669
154714727
259379883
21681809
19058681
33041426
144197615
414646462
53297035
2883841
184661161
184910040
166739404
436292177
19397785
256573865
338084918
19248106
35094637
65992743
50826280
2207777527
145852539
64496398
84041774
109377285
80700514
1904868608
19050606
2507855010
347469796
110795628
231903604
2616201882
66618379
105119490
133880286
28706024
19879313
209708391
27260086
20416406
46452468
268439864
85603854
23544596
74594552
31927467
50158116
136107849
9695312
66515223
74580436
205969080
28201743
10228272
29450976
145320485
189598944
16134697
2367911
40076725
112948063
186594295
17878322
18812728
16409018
2303751216
1177634348
523588327
16017475
36246273
1442608135
1263465577
122429429
274810287
38802447
38532460
18915240
31570428
235880754
57558113
26257166
2557521
23778898
688583
74518740
33995409
16125042
16212685
11026952
47506568
19637934
42384760
46694497
34430522
19923144
180055456
28205458
18708466
17910893
23314049
18131961
117848769
113134752
366837887
146290693
52613032
50374439
266565238
231000830
14506253
36362259
130617778
138388408
18948541
16228398
28870086
72878707
51263592
1205123202
142157505
101928415
23613479
44039298
48100887
27989078
32959253
243442402
36098990
19697415
28669612
15224867
23617610
5695632
25365536
53853197
189584735
236699098
157140968
17207019
71413402
19621110
50393960
813286
15846407
19279990
161801527
17899109
757303975
500042487
2575292138
75069067
1339835893
68999404
139162440
14824849
1330457336
125481462
34649188
602317143
36218435
21904217
20255162
18713254
1715051
14511951
31353077
963479617
71346902
17036898
75974281
555448499
47285504
391037985
580097412
47786101
239542695
17602896
332245055
31080039
403533781
627424940
802939002
468750705
76777454
25399731
80096621
332638587
16374678
6480682
15485441
158414847
17379685
24807616
22822407
16303106
59949396
38530157
90420314
50811932
26651675
218682019
202396203
16812787
30364057
35936474
22677790
268414482
1059194370
37710752
19725644
163559269
1206033930
24740102
474612100
29100639
20346956
63796828
235374476
14498713
130345913
173181073
563664415
562399917
574567252
14296674
399094534
19241427
123417458
131817037
22121683
37514167
83496240
138295022
41529028
122530604
24285686
104288093
104249727
274119641
56783491
34507480
21111883
16409683
17919972
23375688
79293791
26565946
14230524
21447363
44409004
17461978
16331010
26053643
301251379
23083404
