21262667
884378714
2650797529
313322892
196781675
23879006
130834357
828742454
2801965845
131264923
112021388
10540242
125603760
268439864
166739404
272719170
15663023
337272498
168819736
372025774
73992972
564068690
73995257
113087412
21111883
17643925
185314895
288858454
151723256
169927844
184910040
357750891
17074440
37344334
637313893
21258337
23016395
59611498
24886570
222953824
20415487
111658754
16409683
22676390
15878078
32004130
50393960
130649891
479992265
22685200
18812301
20182089
33514869
372575989
69181624
21982720
34713362
2467791
14293310
7744592
16129920
15224867
51241574
759251
1367531
28785486
183734502
19546942
72598780
59624844
141052723
76256268
15279429
178111058
47459700
262359713
53153263
16193578
109702885
136361303
326359913
59157393
86613184
83876527
24886025
17790667
62513246
17544803
54730258
427475002
1434251
19927627
14677919
2240032800
595515713
1613223313
1135399020
262189297
296442934
1276280034
813286
30313925
11348282
807095
