3392485287
493356746
67358777
16012783
14511951
8839632
117662694
14173315
2836421
18665800
17471979
20536157
1367531
30313925
15754281
14677919
87818409
2097571
14159148
3108351
2884771
14293310
2467791
5402612
1652541
742143
213574066
4070225781
34036028
375435992
111209593
2813662302
2207218507
920007956
26581267
1188267018
614324092
14282169
32985364
470708046
1293595830
568732752
158787462
586955144
2448195205
388863537
103465114
43691182
525408648
528117020
286299293
18055323
21228708
2521672322
2377290639
3697125382
99133718
134207682
21841796
81686367
1854929905
621408994
184196323
74220571
475280565
541053634
23805480
158414847
80467432
55117855
917505878
3446988621
2707614151
3093646167
490789660
54548130
2281599811
3432080248
2998565860
3362625905
27562308
2435000568
2385749072
38979701
374676197
3301721952
219030055
354150294
227406345
2152004035
741876632
487067662
556188174
1534735656
2725190850
36843988
91478624
18080969
15492359
2959080246
3091692172
50652184
15736707
3290835906
2931574932
244786058
58880533
855720408
3342232611
35691354
2981753459
2699408431
1849173318
2586126704
146613692
227578164
1074829225
1421935105
2926833507
3115675228
543099330
826336374
3146185312
527985304
502183541
25545388
136306829
108837075
26371689
919767780
316123751
3015955663
2531280977
2991105338
3063541122
57550249
132664653
2901959774
1845526555
1599771936
133956863
1560530378
1488108157
614897964
2866351110
458860905
2372581974
2435650122
2361824598
437069056
184641463
1338178340
33069174
146207159
72348113
352392583
2831060735
157849675
2450500926
1022818945
39940842
28561212
349236743
2446114879
2209782832
1650734545
2565915764
28753591
171152917
300534659
634815530
604970429
231202247
21069570
748013066
351243078
1241597424
15828746
858707821
8330272
25695158
311439709
347598964
2471265745
494073057
583897536
2450760565
520119211
398879239
2428149922
51801874
224872214
19874802
18791048
312027927
502046644
375558242
1549343850
1534035715
111467657
1679518502
202016647
26852124
594351447
29463928
26555305
1628889103
16017866
244175927
2461927935
21140644
20086166
324703658
498155386
49703419
242491346
378814501
114685387
2416615434
728614956
66254091
248991847
231445685
602188858
84410973
156510989
379306232
2272121400
42319776
2416294143
16648695
54646677
374206787
265688784
281663311
1421016492
1963465206
145314369
141278591
543128435
555694235
1261939256
256864802
15728180
25752387
1605122635
1344208261
2279448673
115759341
508083650
75421081
469684146
2345915209
857324754
1624649892
1640644028
30470718
85817083
37964451
314291438
861852626
412394728
218038197
101526224
2307828239
575854738
20847672
2312595631
586200974
43762810
2307699900
114623318
58919137
68441962
258483856
26393262
13436382
28603255
23123651
84119894
998057510
34549109
59572333
1132205666
21311706
750814080
1182784657
14847894
297090581
387721641
1449398904
602377595
484968469
27805299
2279100866
151595281
407469897
542708888
538194475
263918345
313011342
985533162
2279562055
950625474
180737244
382241560
404937875
731652829
30368753
284804902
1938604200
1615201369
339787006
1231573350
264995077
2157268026
255157822
135249607
588951936
140519468
37267617
157406004
325443942
344193307
1691027563
1532182614
923854802
1260430568
2233679516
107640988
123945193
154714727
37654643
604496869
33554073
41668860
2194784857
158569819
570011542
1296106124
213592030
196324001
41658476
616246547
1198665968
1350398648
97115120
419222131
19071869
1652959850
132774626
321445166
156329415
154649789
330811744
364024456
589182403
14718112
357299414
35975064
54820498
246344553
32544440
190190752
204841016
117822888
398794108
389643429
41592360
538582260
1149906199
298053817
24013732
28370738
20663380
36362259
19154824
890891
13213122
16745015
28320360
16588111
426716007
72474679
362611844
30368253
37106040
22515362
562393615
78105431
29287606
370706157
47964412
39922782
713143
74591342
353884793
43403778
1601997926
42741780
790136510
434545375
167549903
148760908
139951730
21910850
331162098
31126587
342819198
135249573
96915603
441951136
19548850
130997057
35865630
240734425
420404837
22407585
107173250
18095607
43577353
305904692
143477053
222803265
47976753
15012486
19258235
272314944
1320204672
1003292972
1341076436
261021071
17291393
345010822
253822853
26326917
1584069236
52070270
69385436
46708807
110840720
305685096
76187579
16004073
57393165
130610416
22179997
399461180
1172349404
41883646
972651
499159296
71726509
28785486
193728061
34738299
84752274
36517751
1180241856
236528732
1313315958
123639602
295698627
233266570
1262099394
39822799
1478371562
292560874
251726258
24113909
37844044
38399987
183766639
308349554
27824381
102794024
599812009
49381709
108861466
36314303
32624009
27518194
43273860
35426952
365779263
19247844
625140458
1546626614
223266474
26636184
125458168
868449529
486760824
55069965
1177595408
462254681
150846769
518661877
277616831
483767964
21370871
12797852
308816043
155628171
461349928
23815067
927285830
334115825
148823532
37599351
1086485478
77384798
199016497
41699068
58742577
172428877
460693003
1445171978
18307364
411900628
87403396
228905882
278778939
596584510
20012063
533670052
97618615
8918032
509582589
427511552
44612148
531525569
1297763090
20344826
1110475561
384412160
254189974
292131326
531524384
770120310
38715347
32469566
485090840
46222735
74486018
15353894
19273794
38183151
31181674
24994219
23993734
26576457
29479564
67297094
62895167
51348744
32127835
18558612
23261531
16783861
47035532
64395567
126048724
199331680
182826898
875894588
826710769
110065495
68996632
36384768
83898512
1147957340
19785801
62573068
15933910
34725083
15169907
34906437
47395966
39414488
95023423
76734794
472003334
453611418
16798337
157140968
20287178
314809485
154915258
14622632
502531529
29837407
989534864
553801367
257314477
21949512
128277690
155571904
24937162
151689633
310034488
265683779
304739371
23151437
466111877
298093949
568711473
256646082
261265407
533731213
43711263
116071329
48074255
39102827
254241250
22068977
23547436
24827000
34400525
20620082
908561203
18131961
218602142
248992255
314662792
1544077250
62399294
57084769
34960709
455463308
82009681
589224670
1317486811
26826143
14125745
18948541
240296046
299938310
807095
38567692
225081129
273462174
590373294
634045681
147724740
133726414
56405314
486261839
26806410
731221351
1320767665
205354415
1651886138
614167000
1321711650
7872032
1444316371
266999938
293843710
200400873
49885419
539476210
262217324
1135613418
14498484
50004938
237335060
45340504
71677117
47154836
419177567
566472709
871043119
301168034
921759169
227088783
355743494
872671327
1358510274
204445904
69709808
304520705
146119016
37151264
87539443
620475407
620478688
6427882
25087685
562338854
483195215
372823569
51461150
18925770
340111591
179615356
1122916784
900947964
307481240
22222761
19938126
174418125
51462515
1011197149
39119009
409458152
401534703
14791918
70814277
300490655
536495572
106837463
111406737
123309278
946879357
24783848
457795419
386234635
526518079
118551107
19189624
23108483
43171648
376715200
615214819
90420314
5380672
14399483
46186400
19192100
24599923
117933049
312745991
31080039
21324258
20710218
348379865
408974036
118857505
913421371
51779527
167417752
200640624
825911377
58233603
464808562
124818259
101928415
73191789
252356127
31212603
92828714
456760820
18725854
130039064
19932404
586893699
787822818
786090703
614590411
254412172
160348475
305960307
97082147
57434280
20947076
41259253
109660695
180505807
18308142
82760784
27678749
146397367
17471286
555515951
24179879
383967543
279321785
386189099
525060895
101901574
234847894
35348026
328015850
57496895
263636390
53297035
182020004
15067340
277546050
33356015
2883841
16190898
16303106
20261702
20793497
176263391
386158625
546673613
113134084
71537154
456360178
348224496
130991061
40342628
217124847
48553228
224008499
278219160
46284762
28180183
619117466
18791013
90794928
534493078
612782121
607289206
557368655
500329999
223276029
248500394
19047847
216569993
534026234
303048990
9568492
142528310
335236768
304551287
288302723
69491538
126198709
48672487
44215023
40511475
15166316
50515656
32985158
30104231
342977817
117201108
30766293
519628272
22843855
287874817
29167674
18103148
118504288
18312897
317427383
248818309
426534810
20022608
29756339
262454289
39125134
34309234
236568531
544517731
28011961
37671456
40869125
21302708
20005895
18904764
17446621
31164229
7302282
14885860
52861612
37947138
11856342
37837907
52803520
52863923
52824038
159143990
41488578
39392910
30008146
28603812
36498980
39419180
39397148
52847728
39682297
40931019
39367703
23043294
19607400
21436663
180083636
53178109
43024351
40918816
40927173
16877611
39344610
22819823
22922759
17076218
188120286
20563513
21842993
35006336
212944975
166270127
544725713
73273614
222565407
521607132
454939382
270689388
170424259
492399548
443215941
160272734
47285504
50037051
36704352
17971971
22990024
139895335
223527191
52078622
85961526
43215773
18308192
55307193
38535063
59162119
74778498
25073877
52757166
249949986
82932942
117270375
246481013
53120768
242495711
24537570
19791314
310120995
28992215
286772603
28562317
282735852
44174871
14780915
316795090
43930301
340386965
19362299
14602140
16331010
24099090
26258900
14124541
24807616
142157505
51601709
58043359
21754959
34647910
26606157
22799544
16717830
20713372
39566272
14836336
35218566
121781275
52529896
72644483
62993762
49062327
54662509
19399778
14517090
89084561
171635325
95251230
236655452
413208714
161128687
51241574
20015311
468977545
21843997
472623389
151068219
80977873
5392522
25355724
62980047
17299063
284089166
21254264
300392950
35936474
18479513
326359913
16252784
39601084
14627153
109702885
15279429
15010370
60054156
34401770
332961120
521299146
516623932
33041426
44312605
186178091
35391584
18113250
22970986
387443036
23993627
202416362
381029233
44277604
295710914
349719397
20007678
329386122
460485003
428333
9245812
21388284
230822242
220155021
460698975
2363571
94143715
47707475
250911289
227390518
300844271
53775273
23544268
409486555
85724849
90067580
407977463
386201315
21442370
462092891
3954241
184910040
74231747
16017924
160322522
15010156
50537131
38002432
413313564
37665235
280629993
18450106
198528830
154444406
237813679
50711511
29374908
188526952
460685979
462294424
14588727
450045748
148456568
109631868
107556834
103951575
111710380
31510165
318500920
123373480
41144996
67471875
53197137
454244156
113128652
103230528
150041339
59777702
20566101
22636462
21681591
242412431
190309344
64279216
233587430
34745797
195903862
26934432
366010246
106205199
453508859
33590096
18144946
20288897
68249275
20177423
75544059
101823726
31863399
37666270
35800079
460429678
19212009
38292798
19784831
72589203
312901417
17153947
391417964
88842824
57745709
238295737
70420987
23737582
273181052
337898069
52551600
78183672
286220889
15755990
419362881
14519643
106475421
89455870
23617610
30278532
25939221
23433022
425835272
59899837
22423433
276026028
172652759
421271450
147405143
326800209
261551095
33162356
379291677
222219031
335898581
68333461
71079219
300546968
24943563
384360404
179549045
26468444
274163297
46179843
256674693
328930027
16362924
19753537
334196204
21414413
16546479
33395719
278997637
343446388
16046568
127308404
7972552
16668940
213781104
822926
256573865
121962991
80371182
15270132
75164201
32921044
129575180
361564025
46042404
105018139
243835805
15141131
32133434
20097071
21965269
7073122
26304307
214680621
394807079
355741893
278757419
106351999
66492624
320292654
24827206
51737153
68838777
38741679
245143438
18494593
3745781
131995695
25357034
14934818
6017542
20978103
71174380
38314743
38038159
28669612
43031908
127245578
275624329
277615512
19018401
21133007
100805287
57246920
17767620
231175831
207763462
263780767
27911944
170766011
26291832
18863815
363897551
16787544
23760624
23609452
60177157
29123186
20265542
17919972
111690277
382970396
18812572
274212596
773392
208155240
351292819
22836731
96162091
39288259
33946296
14401698
121853631
169820696
234863507
147305691
96851347
182107650
14094741
110727546
330983490
25389599
311550660
382939538
12513472
46538998
37542741
174783633
91390383
14921141
270106778
21506437
175576528
23967578
26035287
157157264
59578815
33615152
15538158
344927408
19426729
18734310
349371415
19426551
271504963
48399528
27778893
40519997
336116660
58692482
63239208
28061932
17350250
189248614
288452305
353676355
374418324
371865137
376072494
21210090
42670679
189014896
280299346
210945325
216719083
27740143
299761896
43018238
38447296
17469289
32984749
23908200
6075202
241014861
296111313
247770694
142408785
26589987
52152831
33121494
15917667
357852952
58412634
235261736
269897088
326256829
265323172
36155311
359209503
314328165
237137503
348785149
322803070
85593146
249795552
15907720
21586778
78385842
87059006
88749392
273961750
242516347
30935785
320955800
73143355
155981934
262359713
110827653
40405404
15651878
104389502
267456897
50082474
240053993
48723657
247463533
314087413
8936082
169949534
62181172
66872449
247830818
111799042
25384052
17808688
297416864
282279246
233430873
17547594
165084928
24252817
204935301
293575517
267547055
118557322
14434952
309032542
31122496
26257166
56223278
13018112
47459700
136361303
32934795
236246932
253253039
336001303
8616022
12028152
40361513
33356908
15932004
297074078
2367911
6480682
184052763
94138045
23645972
36751908
14075928
2557521
33090677
17461978
87016990
48100887
40016838
31119337
14622351
23613479
199405325
316652632
15100515
29128851
18723530
18326354
68973954
66881841
314592372
15108012
244123121
16737196
62578161
18805744
331933312
86348876
27132880
16893923
42667210
29536049
298200673
39859464
15782808
9170202
98638481
21241477
51781547
252707173
76873978
216053005
25528924
256551878
105519998
304034305
46696624
239942198
159203370
153028109
21333110
22502646
46388256
71289289
74236108
29334444
7040932
14522546
18132494
14800267
113139516
55298309
13365812
14784903
14506253
42343110
106295832
190723106
239942502
74307395
19338246
23729050
43134173
37722345
188666300
21952592
94146197
29723393
19622973
347388794
14957119
215079446
127730748
26371402
277649477
30687335
127551334
26754831
339239285
19789726
40080940
19028615
30704824
293317471
107870476
268112339
240664931
312239141
20012204
20661539
6519522
20609518
15947602
14939849
26551204
52544275
8161232
26053643
19329393
28706024
19058681
29611918
62581962
7972912
18819527
28164096
20076850
151204080
150043190
107795399
201092358
24277551
32122637
14836885
28181200
165974561
62290422
11263532
14345251
78774650
39562417
36392778
716273
18453222
18009781
39056518
85398843
16043308
43628400
230470837
26565946
20221159
19554706
17017636
66561957
22677790
25521487
14824849
20545055
158256277
43836019
21208769
48769514
6954
44408163
77645932
285282053
96610271
218727286
26892157
30023434
26610058
77888423
14920785
4519121
31239408
113716748
139293960
96821645
253230508
21442110
230784269
21681809
109713729
32453930
164506872
23078160
68528137
221611084
17890396
118985870
152325376
18823915
38531995
18420140
18806753
26885308
30009639
45900567
21447363
29840295
16409683
30973
14353392
27083523
15224867
759251
17629860
20109973
153474021
11522502
22657153
36686415
48255881
28535982
14140913
16365636
31240434
19397785
16312576
50374439
112508240
30364057
27457788
120943272
32959253
15583378
259963296
111442477
93006419
145662409
236616244
23137002
92781501
30363210
296984558
15131310
15846407
7744592
25589776
27099269
42625595
34097876
19562228
44942521
35509639
14230524
45392578
65992743
38460734
94360081
34738598
80700514
26774034
12701412
24779883
48797251
171135381
159113639
203770783
123337390
40892016
187115446
255076898
241546412
14789024
39592451
95515846
28638191
167087621
75703323
16914791
34559099
15485441
115485051
259379883
19877186
25365536
