250884927
436292177
57097104
3198477733
304596635
21982720
2764718516
34047021
403831761
2463449000
3458454929
17544803
427475002
16129920
15224867
17602896
2883841
15279429
90420314
3303293865
205302299
102773464
43435902
75974281
14677919
47285504
22676390
47786101
32004130
27042513
43283406
133093395
274649460
25203361
284602545
139823781
1096885028
1911797029
277833420
48660183
500704345
43425975
104969057
19329393
5402612
14511951
742143
807095
20536157
50374439
19397785
124335068
16305330
15846407
130649891
329746058
62591681
348785149
125481462
142157505
27457788
121626258
385435164
1481007200
2789814574
26575425
302514174
1058675084
1363527955
43013226
866895854
317942302
224026313
918843474
739767020
117020685
20844068
75321229
10228272
180463340
783214
