30434892
7309052
134846593
20962674
250884927
5392522
16581604
2305428572
15738599
17393196
8839632
46598192
810424
34713362
3108351
55338739
14677919
51241574
45564482
43425975
14173315
46627530
2836421
9229672
759251
16299627
807095
2467791
15864446
17469289
21619519
35474809
108617810
71294756
27901418
20608910
113420831
11856892
48802204
50325797
19394188
1281405877
15113565
17409240
31310158
106597684
19611483
54885400
10126672
8775672
66369181
27457788
9624742
813286
1330457336
1339835893
1093090866
15007149
1536791610
25073877
80700514
22657153
238319766
26053643
131351549
55117855
35184346
28422142
21111883
18479513
26565946
19777398
13213122
182107650
336116660
171572049
204912628
168799425
67915574
1495798076
277647596
3010534848
18117522
127666940
1292585952
15025802
411729017
2424221178
203266852
2239401462
854513532
205302299
499336680
24931027
9763482
16715398
237883903
844508580
19726043
19556528
221165187
884442241
197161417
723517166
361351581
627553787
39367703
17074440
58528137
25365536
1087073839
276715917
325830217
26516271
919428157
403016091
87799109
290883957
173999134
90484508
30313925
523632806
120943272
205502812
918246942
23670660
6145862
39868135
145331696
232268199
39796874
858646280
25521487
14529929
23770401
16424201
21414413
58900049
15808765
40878677
83312422
84722671
25341216
186598799
189200128
19708968
43698856
19058681
19554706
45006309
265696487
14075928
238480106
18178388
16303106
61277941
115485051
158414847
148496087
15485441
259379883
14353392
103104549
254058314
17993334
