14260960
4192869976
3080332565
66968296
1614879366
456177793
399367980
99925702
2332980630
65416867
421870100
20808463
99620272
398580491
21313364
14677919
19243413
16153562
68440549
3235589114
458966079
14293310
1494034783
65642163
80549263
14511951
32359921
759251
2097571
92242282
207974147
735460808
332993574
122414952
1610532272
25058787
3010252205
151546913
2691332418
347751788
224609329
1652541
349300271
241382835
526341135
1670366851
311898611
155523851
1270348058
22473844
1484849888
2935170772
51837382
622113
24744541
226698741
1152436730
88652475
5402612
2301850748
2437620573
299180563
491564488
1471811174
595851072
47384283
5988062
141863083
130494271
824100926
612473
451458928
2791854739
1372975219
2378335548
21526685
2153242691
798116310
152169447
742143
14159148
1944004278
325397315
752817655
61457467
183210448
70399150
521425627
19668442
243317628
2260799098
50693560
1334876185
819434750
811711627
243550997
49735340
815101412
104277809
266644093
62513246
202355175
570966649
2162478198
860112625
129299002
1903804309
63796949
27042513
133093395
281007026
49636886
248442526
105233522
172221906
1571348724
23319530
275400224
281766200
183585308
614659332
273181052
1560015468
40342628
97316295
283189552
1487373565
47591302
721124120
321970500
935257682
27711339
20823773
90420314
16548023
18055737
854512956
475212144
344231019
566621200
101347881
74718890
513406896
302974524
106472703
53048092
813413839
73443014
90222845
335157329
383287779
353345338
706808388
264498030
58148336
464025383
332714891
265554862
73892894
250782772
486663477
80555218
402733408
65621838
404342575
39689218
16193578
126400767
172282470
138069742
321467860
232898344
358841961
58233603
148427701
58528137
71319130
181945003
