14677919
250911289
436292177
31080039
282789898
2815754953
19103481
177789523
353715697
1339835893
146569971
32431468
1633562310
15956509
22321602
252531143
47585965
389643429
176895950
250205792
11348282
23544268
25067168
27457788
184910040
133880286
14230524
3137501
24807616
85294447
90177758
1777511
811377
15066760
3108351
5988062
1652541
15163466
137272821
41692369
15234407
91143053
16581604
104237736
428333
41600293
170861047
755494
2864061
58601997
5402612
48295085
16439117
52416161
52693210
