221470760
201068683
4940641
180813214
186633356
88524736
186048745
109437355
140095750
20332679
23311830
38032997
47534179
98430822
50614203
5056421
52768955
51139089
17006157
411336284
260022048
28483909
7996082
290650773
175419546
14362241
265595874
537533815
268376525
243820026
24799500
500614414
92730984
8101752
54972010
816217435
31505730
529501969
461920003
1074043914
426509775
1244357988
395410863
125239491
602890716
22660726
21238039
62816265
14785784
14289603
28158136
26012202
8223872
1556671652
1215748447
24706309
267810251
21684308
19639085
76769054
15143478
54961149
2306836854
1179261540
963431474
259844988
139745761
17844024
51040617
14677919
424032780
19272669
381583235
5988062
17769744
26203847
244545623
17810254
2304263570
48787628
200287246
413500978
42714344
424465487
15726324
1877831
807095
16661296
16390665
1204815235
83804278
2317351705
16303106
158414847
