71540668
572225652
1339835893
18948541
19725644
441061370
450002136
273453658
14677919
51241574
1877831
1682801258
219950719
106260228
492648852
34222502
200814625
400937079
84282385
14085096
316389142
2317351705
14511951
158414847
76231847
87033987
581679778
962514570
921296756
391003673
2882419091
876961296
972651
2977900810
42581718
3031683875
2957839805
39272040
24679473
1536791610
701858228
140118545
972002268
121574745
2205534041
89147170
334767152
837123698
370854282
2755183484
833259704
34310801
166175528
2672630943
62047904
1977762584
2766283028
184206491
1994321
2794642179
161207489
356902110
72343264
36324731
895147279
2312657300
93870488
1542533869
29179424
185976655
18009781
600999958
2469570834
242704372
77528520
1107116354
757303975
1330457336
2792003276
174428238
266696379
220487383
1209658122
21279256
22385254
143440559
391272937
1193749242
256556211
341953583
17416571
26012202
55580447
1313814055
1205974434
2743113943
22912596
384340494
226560913
1469319325
2537241224
2315974562
75974281
2201928733
49783304
1647007213
87818409
607316347
51040617
338985020
586593245
311663105
49585215
2274654770
17336417
555448499
23544268
528508130
22560533
340613443
799911997
581892394
108140114
21751177
193929442
57435204
282193031
66434859
543728251
321938319
15439395
82844010
725668410
799901479
35278703
242653461
19644592
586592754
27054706
621881413
575060152
280955681
123209551
72822184
869586962
626384623
30282704
90516949
589046682
378632690
396381360
310687757
21024838
155715339
82362157
43904362
160860595
56852722
401482104
18713254
319985130
7266052
29707536
1005827778
16303106
412939639
251023163
129026706
93207353
9517882
15342443
180540061
17442320
3032661
545951713
540803026
71294756
387574210
351791401
273410176
24744541
203608637
33791476
42466121
40885516
82853454
131167692
17293897
141250214
50374439
31353077
1652541
25333609
39689218
