1330457336
3108351
2467791
1536791610
14677919
110419154
105082141
350411337
115485051
228609209
23746926
2392875774
813286
525264466
14436030
169411324
22183766
1050765624
468687232
1373852257
19913847
68958331
169417042
117662694
259643712
50393960
500704345
191750596
1086485478
1915012974
2821303227
1770311
129280923
165111862
184865048
30697822
15648827
2927506000
248616239
16727535
355452893
104786280
14436317
158342368
260305007
131308541
222425321
266771482
590184126
17997789
28543386
74992460
111933542
15234407
90420314
797280200
344634424
16534711
19515424
594666501
316791827
16304487
76010207
155722199
