19706851
156651229
16012783
394635524
1205217956
14677919
15164565
5392522
35773039
20224969
8460572
19341180
13353862
21313364
34867057
68440549
122133343
24744541
357412940
18396319
38395124
338985020
38142665
71016845
164713706
70664371
344094940
174577739
430978198
1295974230
49267935
132737162
250849580
172323296
2730219313
1412685446
169911659
2971201923
3130659220
3044584264
3199292433
3149005377
125680703
247026381
833562217
2969760609
108631068
40129171
21312961
29709009
130538999
27650674
323319539
212332850
249090055
87984807
102323621
349714440
317373303
2650413864
14628959
16665516
14342661
54502344
1545994664
899557800
327890749
221715528
27114180
479813224
472830024
148845723
108882861
605452825
33915226
243798637
61879600
2819469363
46671396
253508662
48999435
2272111265
71298686
24961826
53138772
33201624
236221098
1433356862
14333957
17783469
252051097
1690459094
43711252
157261736
126042283
39213635
19037859
98015030
2315512764
93295809
2344061090
7996082
426762732
3004163369
195410381
1454687180
28366439
635608354
14401607
633758077
2584479253
524122127
276979950
1571635652
625636422
37918511
586725000
35411822
176949501
1485429175
1253106450
23125257
288755234
22799257
2372174178
253445158
108436139
82904494
1359532099
317207236
2932460195
8723802
2172681822
2828253505
2784660628
1192644307
239767060
430250670
92719494
220624198
377515866
250104400
166153613
2216124726
2566535282
383145741
428140124
191298624
19394188
850713475
2850290531
20562637
125775260
22142641
2729497236
20796069
573744619
368803057
75576699
206040832
2767053886
17006157
113565626
175521254
227285549
51194804
2693187360
437337751
252039915
517562582
517777538
48665240
1151923224
208932866
55860158
892802340
12353582
1280597143
97670695
153080608
96948074
26714575
84136224
73407177
44571430
394771955
284578421
274611045
2308401860
2416146188
2289767334
2325687182
530999977
22369602
360520215
18125466
29010710
371972173
548649315
449588356
21399602
253224373
218804015
185620853
199317536
579898215
180631163
106393496
80024060
927783252
460163041
14808226
45542386
259323371
410070653
117856715
1668759775
1963312058
19224439
60783724
15472044
55940991
332125465
27027979
14692385
44906689
36339766
256053751
57288354
70529694
29479859
65739179
742914421
325830217
1967216306
248505587
579747564
1615463502
62442994
423625300
16185879
24150634
188736341
80803819
794511932
397415540
127826263
19674502
243149588
106430296
178978119
115428920
236825272
143473696
15172810
991996524
14159148
19649135
224655546
87082752
147812434
61853389
2359926157
2466334952
364198635
966113328
147512019
25390350
17133897
273730280
15007149
22428439
1722640027
43317911
365687890
35166101
438111039
2241386012
43142962
201757835
90999438
17990493
2615215782
426509366
24698180
369245377
85289376
20226248
226541132
2648849144
1042307696
1392559128
249060131
87830601
128195806
2595088842
17944931
2306022697
2613887972
186005461
9095292
395218906
80653307
29769998
217758017
66492948
175072012
33683331
20770862
510499013
172145144
19527964
562298623
266084123
27830509
1543664064
970563998
735122173
972651
356795707
1524903979
1115348904
297100174
117029568
14224719
331507887
206717989
198618575
2611801422
2370830377
16717501
81055599
29701712
599114492
453030125
2412548167
14353202
454099919
407810895
383652303
30313925
9624742
28134618
1877831
380648579
143427448
18949452
4898091
357536807
2240935454
85852409
2243894526
183261442
115711568
28140646
67358777
32359921
34713362
3108351
14293310
21323268
15935591
17965523
22545453
38630618
354990034
18267548
15450996
21332200
86364947
54311364
17469492
80473367
151106990
272019676
39922594
26792275
280822613
28324701
42700240
1265727487
21575717
2260203392
528685848
2315207564
73971750
21114659
2340347324
1725292759
2287333962
28350927
41667342
90275200
18549724
2388075212
38164846
53318817
349816997
127814172
1630896181
569138069
25676606
34296796
85626417
29416653
52424550
420351046
150725695
18935802
122394817
18936161
814943028
375027645
1896985040
2412133080
2423747006
2097571
759251
51241574
14511951
5988062
34655603
15438913
16664681
2467791
14138785
742143
16343974
16973333
807095
788524
87818409
428333
5402612
1652541
111021184
25159286
25098482
83466368
196994616
376819013
66369181
81155662
157981564
83795099
2458759909
2210731328
331658004
29695330
138128898
31080136
495464885
2239897892
122685408
14106476
2371458720
16827148
19500405
2288308578
