14677919
34479605
20609518
208832009
2313382398
180130665
16675569
1629930151
774939349
2356246289
63471960
2227816722
3277881072
341464632
3277937684
308552033
112986479
365213813
1340812232
3138343675
3286038848
2576836092
3277978951
500325321
2816090648
74978365
2993323790
3270628015
325328148
154435961
34198028
596893898
276758011
40791553
138006264
101937664
19852870
1468963861
130042635
308925854
1263139358
618712370
8161232
1948055498
787300813
50393960
44196397
34743251
259162759
31669146
791446152
329516134
3011385978
187722550
92932981
3031220344
166300783
1338568934
2906938327
2750813580
312301398
114421134
428905360
3181332577
369814577
201035181
393466393
3181259869
886731565
1374252810
2413202988
48900286
80499585
198354605
56768257
80559938
107459667
202555028
2919168408
339979457
2916137870
288736858
67700256
58218991
12995612
20551303
57714095
1425815767
233609943
2167408524
1199325138
1250191058
16181607
79401897
575894779
28696003
36830845
19562228
1245347641
54730258
380091289
15439395
20015311
2590242073
14855625
388485329
369705142
477360102
196302808
14369901
35821820
18777269
38593450
242569221
635083773
40647143
1554400410
2230682112
1979040930
