17469289
2467791
14293310
835469762
19179390
14677919
3129968261
3354717106
291740186
137242907
3861709573
1330457336
29442313
344313687
88203872
400453473
20609518
1536791610
500704345
1326653898
3163310341
3280923001
138956534
1247313961
21215544
33857678
90927065
345108194
42836999
69513730
22411875
720868868
14073364
196994616
509848550
152814185
757303975
1339835893
1615463502
329588148
14493047
41661280
19656220
14123751
71256932
22001973
11178902
59820919
121174812
106993247
628193213
17944931
375146901
200963662
807095
54008111
242901484
252261710
104782747
813286
423631401
15432218
18549724
41814169
430250670
413413847
236526490
735122173
245939172
54730258
49279876
580352717
1115348904
117029568
297100174
14260960
21940443
308062165
18261558
38729445
2409480870
123637243
18530509
