14677919
80701402
15872295
41600293
574113446
2512301137
15716974
19249464
15352919
164917089
29982818
2916305152
561312057
16303106
19206905
18165866
606480767
195876384
24886570
14800270
338084918
90420314
31536025
50378088
216444984
61079014
23096405
46207622
14363353
67358777
34713362
17622474
11855772
621523
28140646
20402945
15754281
5988062
7744592
11856142
2291719741
14920785
885845490
117272204
601568422
17097881
451357205
30643505
1209019950
166568801
33456109
1327537334
219472950
260046029
14780915
146460201
20071863
15429316
480110300
759251
2836421
58482046
252824822
279741227
36276296
11856372
15846407
103130238
19397785
79846815
15224867
26565946
25203361
15033845
7313362
1754641
3108351
259379883
67995848
83605739
807095
19110632
15066760
11856482
244669072
135856210
112639115
78394537
813286
48660183
33607130
428333
19740592
783214
