14677919
428333
5392522
2097571
87818409
5988062
14511951
807095
32323270
3111743621
3147883233
364842584
2756647416
1439947844
2828831664
2799841780
1928027634
2691799670
2382853022
2932444176
16634881
44810539
45416091
161356659
460421853
16147633
22536055
183109835
23472253
44785252
260907612
21148293
15224867
21239402
305062610
852089071
823599512
55650055
349110747
904544198
946854648
42651647
38489678
44358432
41102588
19718142
16458212
420556660
245166909
277575348
51841505
382615116
421371674
806884471
232969288
328105832
234491214
54539089
1439399510
39740642
164733792
146133136
497473138
1045796246
102244854
116887466
36982527
278290484
167373610
491902768
863462970
1559887711
1113391122
35834069
386024747
12635872
134889058
72401324
27108715
590360840
121785511
282746299
250002990
46471277
253277416
255665592
17109387
371321299
126442500
66709773
30343772
240012774
423805396
938435977
260423882
515039058
41576713
932802198
275545233
344185235
124639290
380017605
406755344
43226960
479977477
380015083
559028843
170783912
1419291360
179982994
167113999
350954461
491820470
68429330
834376758
82173626
141251549
47548980
189649735
851517824
30518803
234875581
1057735962
222265075
408885945
1129335692
151643087
254149600
101861689
249503684
24928901
119421760
17230018
47721999
36915612
21258136
14987594
23001174
110470869
16902106
29466366
70550262
9840892
50074068
22094677
14129660
12331252
17548405
49569486
11883132
15907720
17004567
17509291
813286
17839682
20666862
23084639
17510810
22773303
18663652
22994933
17849768
18218647
21769139
23621576
18343261
16130732
18605127
18880632
15494301
23425022
17725928
17849669
17781453
24007022
13063332
19792176
17315515
16405655
24500457
12492832
22102286
17047185
14142410
16423061
16073813
25128670
15480473
