544517731
599550666
46751590
31187903
46164502
27655610
46598192
16955991
15164565
35773039
14677919
45564482
22059385
810424
20962674
15723732
203192992
37683414
55338739
250884927
96795310
66379182
94129050
123289066
3363188475
4180275351
51241574
4020532937
2600568907
355743494
3291670130
2369947141
24785398
2925807244
868473678
19507703
70491524
416400023
374665328
292432955
25544125
121254571
1337495882
3000753730
2193370980
1667392104
2255818476
550684577
125748814
2211563604
555520553
2323423639
34390605
1038663954
1688971639
560215053
58721416
2269130208
3953296213
1155660415
1141461181
28406270
11757522
2767466961
89496772
331057915
14230524
74669397
3290864352
2548374608
3718085415
3271411910
586136477
13783772
3319372179
2255098429
26344065
2855047214
149180925
16856857
2927352795
2584353704
3427517943
405056781
2393118097
785588682
2709152000
448476934
3026603044
3189058398
1724204797
19170833
707965621
581033983
10744452
97025817
30891506
1151135701
1577660276
398490298
77692824
2416458116
45709328
8192222
17111442
3068779098
31278370
73244642
6480652
131271378
14377605
1536791610
3240420332
316389142
50393960
1330457336
357606935
970207298
216776631
29442313
1339835893
1093090866
33491256
69356392
163562125
21814296
16477691
252267909
36818161
145835700
7976822
69369846
1138610984
224756813
40838211
2542580334
67719573
2281598528
3496692315
655093
3038616433
1201710146
141341662
6974622
3118486842
165511377
117270419
47793942
24017597
19777890
17861062
103943552
198644497
318531174
23561980
3089941363
243163874
13049362
55117855
26917714
1429880168
2161078082
255388236
568191887
323634172
2922266132
3176420469
18756273
2875343207
19561660
1798186166
1635077976
45919773
718407421
52160698
862516914
1554119270
1492144213
69679927
44899688
381717370
62849730
20783
1688380825
120534622
1901546563
2450241577
1206398228
1589628800
1584609420
801311472
255773815
409055353
213478296
1598502734
1375736322
204688509
35041893
249924498
13793552
19910962
1582341876
149986523
241426680
42286178
63245010
305186654
428333
23558062
22317367
624953558
1451713728
337752143
23818581
22611082
129389222
361594753
24075437
27711685
170762012
124818259
2397078144
73060860
45607170
256569627
19520983
19622952
305694283
321970500
961589635
3214852984
2997753096
246635427
19397785
65992743
495088569
3151897861
1387804657
237845487
313091751
282830595
531806556
26068084
27099284
43027742
535436817
1254944101
2506480195
386788466
554487004
23741531
19315920
99181034
606770013
1951639321
134234000
23976386
18825961
22412376
294636267
2651423372
63181395
22838300
11151802
3013690866
274673392
1609077709
137212271
2438808708
15220473
13787402
126299891
2319108198
14589511
394791979
14120151
922463066
15331408
16162021
20711389
268414482
19777398
17674486
805667677
195509338
2153211301
6427882
500042487
49869555
714798204
335534204
22419345
276540738
39364684
338674715
216201838
166739404
149590738
59949396
26347170
28206360
15901190
23559586
29776821
303952509
2988681137
1009486242
799123
25092727
3011529077
238451857
262911271
39622714
11522502
40016838
807869942
303894201
25514295
215171428
373547781
82219681
60388123
2342730373
1176994477
586671909
234642014
350915628
23544596
2208396582
18948541
30364057
15693493
21506437
46954727
443215941
165552004
14166096
1008151898
15162136
23593931
2494844906
24078997
408176015
2429591048
143227787
20801610
35097545
2826715674
175024103
131253015
2840604085
161689125
29166305
27195114
31120814
415348664
345496263
58323389
1608894614
81756964
459882609
435400449
731224201
67802424
1135953494
363980201
19426551
34097876
6480682
317321335
430433086
213295930
18916728
21713274
366606110
1724473160
14777215
18170896
28352380
848003208
177747659
980952422
1566755197
17814938
195504210
27926569
17919972
2670325442
1289593933
18064968
15948465
2707410721
57443024
342805414
331906476
400283214
349112807
774180818
1395746245
1710384278
20475438
2860840307
312860399
89898430
53182935
548701372
536703682
130922325
27479039
736185132
89505255
772579544
22146282
57707507
411246048
297066172
183016276
26565946
30704824
44248010
87352550
452491579
227837742
46128960
28137806
347610789
155054580
2786307948
873493286
396996815
201476583
626226585
979597490
428338668
19074134
270005482
2353042827
68305795
15169906
321431952
108070451
74788340
320502992
33616906
142288434
16573941
39601084
66561957
17297695
63112528
618552045
238314770
1360576908
43765496
558810910
1547033155
1345702333
460190713
2688312842
145407484
35011181
1077434672
2303505421
1252183921
5695632
2205469530
25521487
31080039
16409683
115485051
15613133
19933480
348379865
22652957
41707730
15485441
73359920
813286
15225275
43121121
105340932
759251
807095
5392522
14062180
25140894
163483057
15276084
448476085
18912121
46186400
18220767
28634763
15523283
631551356
262480509
511217158
605726894
23333010
2389019850
355335388
349113931
184082858
1563250321
2328831458
478406645
60152652
2575517509
19683066
401091667
161471211
443910548
185038711
388406194
1594871850
251927992
252149390
479717154
381833585
1035045446
319251301
43896341
297101323
145537524
299363009
60998202
466679596
249266872
296450479
244138043
235335397
33518070
2717955962
518007722
27709535
1584439374
