330423403
3108351
2155691491
14677919
77463667
21213927
49654153
438162476
41587384
188007231
180456951
27081500
221379735
16397147
355485671
11856032
43812483
22666390
2343994460
46917651
3058223719
22799750
24943151
227837742
11856932
16457400
1314582636
349289363
16569278
24705687
19538986
104488752
319225490
17172820
434130489
72644483
580164989
191629994
526464003
1357259774
2344396645
1630896181
23818581
1086485478
24000965
398458864
362786454
40519628
2463499796
203123011
28221296
19777398
14526582
40342628
21108073
19777078
292743269
274184658
348224496
454960499
164596794
273181052
14293310
14511951
5695632
21050023
618512779
1681867315
429298552
500651859
20184582
20456251
13251272
1362324890
47786101
36998406
15687962
18173624
466017455
260907612
54904679
2290348602
398850045
1948294874
296033165
51574686
1244325504
2282671736
106887653
308563903
1582853809
1598644159
2743742360
1557315432
18813484
126418609
90098789
82169273
287858728
50600062
199678183
23111271
15279429
19247844
9300262
136361303
20177423
132240374
21818830
15159691
14500608
16044997
2367911
303806325
56405314
23083404
2176998871
4532891
74755679
66561957
21228708
142157505
130617778
16129920
15224867
295686718
28127985
22832401
1339835893
1093090866
68792362
2370874189
2478529050
17565514
316389142
23151437
138156755
1330457336
158414847
16303106
27917781
428333
1209309782
22677427
2393106440
716062771
856550605
17814716
309469832
85334007
158426909
89820928
205864193
4207961
91180720
48802204
526682349
1952674158
1040284092
19010469
397498141
143528416
35259973
612900265
312253619
17881732
117037787
34036028
26053643
15485441
15846407
2176274720
19555067
33990291
138600717
238319766
284602545
21258337
64698768
237780059
34507480
70054190
904367624
14847086
7130402
30973
100300056
94565007
293850289
27091468
27083523
20661539
80943051
20710809
19472585
29546945
813286
19397785
27368199
182161200
26820715
29965655
26314109
26020465
14353891
20012204
22179997
25589776
17446621
23614207
21217034
23603092
21313855
231820519
244182078
960728918
2836421
15169907
65446895
148070069
253234274
203207356
284000599
102448827
18638090
499336680
205302299
63105173
63105225
65355449
16051471
2883841
16331010
338084918
26895879
26565946
40908929
60597469
21759568
17897698
19678937
71064895
97610612
21526685
143664456
72694909
43319432
58233603
382177545
21778272
52791522
1344919338
288304848
22940219
85603854
21447363
79293791
27195114
14260960
759251
363997684
6433472
21212604
80200356
2235672627
