64539914
14677919
228101227
2919075702
2405486082
3356001382
2915242085
440961744
2925934998
2356487101
2201455937
14645160
743607920
3007613504
19425635
219913962
337374913
3028879995
1007732894
1933042237
386290707
3385375037
1406330652
2863317907
2841456879
1365399103
2862724855
1928562536
321209761
3160669312
3279888265
3431718794
1124432257
1007113406
443343949
2944176546
3188968693
3101280732
192749697
3076595087
3452371167
17881816
3278232252
412700544
260387025
2504129527
121624263
346763751
3424400073
388798928
1274985572
45112524
406596192
536688712
3230437748
2511274882
246160575
2473980098
2744042122
3226257893
2550474648
1639934851
548006311
3429384155
1876966586
37599351
2213056195
3050401258
1066086217
3090956658
2996536737
3146363218
68433206
59992362
101044537
2546411382
134313695
3110045984
26909323
2284985291
26164359
591298618
27195114
2975598247
3376760471
182384817
3342305068
2299772966
857619919
2882909449
255182013
87403396
1057205234
2276668141
3291513394
2232534897
3248438581
3054161098
1287023690
3029645469
218265595
2555627401
339106180
590550707
125064474
1651692392
2924442000
391173687
3184766208
1650730938
63376325
382350502
3144003081
948500095
571882485
1315224588
2948242969
2898557141
3177872243
3150960184
341139544
2937483474
3219100369
3018930156
2258328840
1242480008
757712755
2915233442
348822792
786912642
2761194821
317129761
3306753971
451636774
3065756711
2879354322
230278157
2432716338
1059157682
478155920
200765043
270677119
3077523993
49861590
177961393
621587827
255396950
1029589814
20490840
167781199
444186790
400482282
3259557443
151588971
2297244138
451813193
394715660
388548814
337887563
30238832
767343403
2484312356
2873247539
31469424
1478011068
827297798
266183392
212334570
554629512
2559853715
2484676189
2424476792
141809864
204385761
401656531
2155062545
2899117446
2398993424
499294537
2350727587
2900125707
2166461762
582416766
625769162
427883660
460957466
291438698
133524869
138052924
2336939610
364160076
314484012
511254912
2756608261
2776170355
1406452176
975330252
389320269
929017788
561556624
18038269
756963348
2978102176
2240039659
1458664380
1155660415
37809073
2760668843
343673517
1587678775
2485945218
14776898
365953260
395117134
62337010
267989790
598919816
353345907
630052696
2746975936
38507783
379944912
540288542
1610712187
562708687
2748361054
2622653776
801632274
1904983830
493619720
2797984595
305265697
616773308
2777019130
2420410864
2290413098
2547531207
1465030585
2836915568
373359445
437189204
843599695
879519464
1663882548
1517958560
126528164
1689568801
1639968834
1109971771
31213974
39838378
634854036
2592373584
1464954344
733196418
930568580
150827320
534381125
140770385
2370502230
1163406612
1004928960
30554417
2773559170
899271805
2765303044
637408665
459460723
515287595
100580746
405255346
356453628
1198945190
604130879
503236948
399197243
558735029
328618769
268541029
954698131
217637551
26878858
1479614989
1479767664
617490225
1186957578
411111930
18241368
561272269
516839848
248031557
1350623449
278720382
451050915
46110625
790201489
1559222612
149289239
1444801046
103105428
394210388
179542676
317199263
1566967556
1322419668
271015122
1093849550
174562724
516073238
733439053
150053195
1499783911
341658039
222955053
269789027
1145566530
827935698
327681161
238909040
388170419
319150122
36757099
46092587
122881733
43115876
353141063
299311940
179267796
65180636
574650042
520736848
355981990
170444842
636255934
170012421
31430596
171530458
24251171
544621025
1891280354
309422862
1944456775
1948122199
399696947
352024918
2198498489
126063093
1043636522
1413255254
2259139803
556479065
2264723613
434507002
1959334158
2272604323
2267005832
571903791
456263952
416409038
756387025
326341759
362802821
349539929
195941807
608629913
1249910599
2393479556
2368329573
758265582
184058593
571475630
67981305
756673140
2393410487
2332145518
305313691
993254916
339044842
873360162
2452015808
2188388757
2416012223
597189542
2439415908
553740281
61586228
1083850062
295519759
401097807
631591379
1193272063
2574164705
