111946118
348058612
4235681066
15764001
16664681
14677919
2884771
25098482
15754281
27860681
86141342
15012486
28785486
380648579
379526391
421195810
20182089
911142252
2960221
241747585
436103176
39271212
193322834
180755368
301147914
116562141
24355095
190364901
44730484
32668921
16303926
166665318
227480273
25743813
43969388
40293333
22549812
21584475
3113675361
4015152380
399583338
860002934
2225674318
2655830472
2853713478
3139081516
3430175613
2729334853
205437050
1372665186
2605710105
19773713
19705747
111040693
24963961
95955871
3949164225
3312462151
43283406
238475531
58233603
2858807777
2625176466
1419370418
2602973341
1479568758
2588754918
2801391181
3075822320
3171366511
163098346
3102935642
159697209
1152898675
2291970980
28758915
93657581
3313100168
3258887227
287858919
418707217
790380559
370536393
1269414228
2820507071
45509387
489006801
203083495
508370809
237634998
588730194
1457071694
3418486034
3057521125
3187892504
547981562
2861695437
907484340
2689106922
953214913
110377642
3244845565
2478045313
2952866139
2916848216
1907183887
834988327
3150016010
20545055
3090733766
275312672
252549882
41062655
33414948
3217271703
119121398
2682013394
335006017
72458713
586671909
3381162023
1087805726
1396161031
189404116
16671007
1600937988
16330790
17689864
401820335
14159148
3091330864
316145492
254507476
34802466
87416722
1675176944
16343974
14138785
7587032
612473
77956345
3241783851
706822700
518591762
156723527
3252435032
3462557772
248900032
19923144
50811932
24423418
42562446
53853197
42384760
163559269
35936474
23083404
1059194370
34616510
2360669076
633270839
3349705401
598919816
1400837108
593370001
1305995330
2223592103
1438162062
586189030
2632716033
1264788474
482658470
3256708195
19013044
2337609794
199110089
3363188475
2609647929
45786304
154426751
963647228
198355370
570640866
1008769416
2989887770
387807944
3212479115
1895922452
3240418900
328894042
2964471858
1517072683
3673561105
2927138748
2927217800
387816986
629596058
2788631177
2585979517
208831923
1317821952
2719830606
3739846334
582687998
3102403537
2277873036
415745334
469270416
3646858814
86177206
1160445668
3233894909
513159565
134234167
271707102
746935735
158197244
62408264
2626544225
117618450
2547620297
143778236
3275135713
407108014
230089143
615214819
457692129
62399248
502986636
2177420990
3189508676
2148974662
2676543799
3245906401
285095480
369018737
2184495938
2900346776
977614921
749952350
170965705
2976653309
337502808
390860562
27022925
227626917
73593143
370699216
96013710
551149727
347899465
485370684
991401038
2360582077
1618754714
1881262909
3059151530
2455356055
2908344684
2989189975
417598230
1328750544
1078287655
3507202282
3437665574
65878988
2336103510
3104819388
3215258314
2912754262
117548617
3060217125
72035843
117660701
3636341302
3152095674
1583197964
2591273196
631846646
350134128
1946689603
3266582544
1954886137
635418877
379702045
2407370023
141864252
370419168
31702589
297881227
54956603
907303680
1450787282
488751763
629097517
476234589
43042353
476199422
257799442
131102007
1463880866
142371311
284441324
525821517
790876645
20346956
1066142084
1497282552
271441733
286742737
1869200792
786223237
1926351002
602225402
40006627
39453531
2775851731
316938065
1494835716
34310801
14498713
1703499732
1452731816
432309333
196220287
161595209
729728958
120700595
32347983
17902401
273473583
254098644
32684900
92695526
329702587
262081651
243287870
251918419
244380333
388918743
255627152
300557025
479701561
496661439
235389739
608800848
460671001
298870570
490860794
384774717
284177318
32329366
26722130
153011582
53801909
61127855
245466818
373367371
136203505
288275737
535160944
2176258933
1552647216
107738933
2963641010
32751684
39717907
60786539
3255105067
28083611
3139136210
505702998
2230555362
18655891
120372184
48645255
2461887810
195764368
753385662
3009444098
3301207189
23181999
2993959370
3302559692
3193505188
3055405878
2898557141
2830051135
2868402552
1252806792
2857967952
149760844
3394472368
190905427
3327331004
2391062954
19706851
16973333
14511951
20562637
11348282
156651229
87818409
67358777
759251
51241574
1367531
1877831
2467791
91478624
742143
1652541
14293310
573459961
2272839091
528723778
1595816779
3152220284
343194413
520180883
246278724
999639157
3426368735
3301410044
447656741
2733961215
487736815
27660312
99404476
77099722
3318677482
2716516619
72627052
89137989
86130591
44391063
291015738
1897668361
508660801
3241974080
1681324362
1596541134
3308899694
259392555
1150818097
1150960028
195377324
63931432
55203365
116343031
312556666
34198734
483660339
56097286
540045440
1915919438
3282063002
843112550
169919168
46396160
388945610
34927577
469194846
2169283370
2159100204
199200701
261003720
58494225
159525547
62224780
130793828
35492347
118552439
54621273
118935599
65694131
34664371
35443380
598103468
538843820
77888423
339462890
363613604
210761409
86719962
113220255
22051140
33452304
28391280
268041528
83853555
388768155
614953218
116972157
62843620
386348792
1285787604
326093196
107288792
113079101
395742493
386394317
207816773
23552889
91253069
196611475
218422513
79069277
101736697
306800853
47677715
90360536
14410652
766126249
822995552
401901891
927291913
775385838
402492344
581474607
1636821768
3416021957
3267612354
1023072078
171574926
474871087
202890266
63411616
15375209
15448383
17122938
472122299
55118669
38623068
35703000
1163848740
104522479
544056568
81265771
1464790296
43509906
177444112
131468666
2184151681
2324411034
201634376
262701807
143406715
28764917
378002814
2811559122
61719591
247046450
340271962
249133899
293932241
283558110
269319717
2264564761
176334478
150178004
392765652
215825897
233177977
543320202
365971788
382782859
169321411
117242739
221385227
351421595
52977655
414569155
568908148
2840299430
562362408
86961988
574453907
130074968
183098823
3302017704
47678389
954995377
1038700573
173048894
28297760
38799543
330826792
62724059
14808309
852233574
333213343
145858778
383206851
25927406
42564653
302751139
19660388
303950991
34252332
151386970
158058671
352357840
249605435
32343509
82139514
28766853
216224260
81615649
63387871
33557783
338213983
850515312
301318718
573315820
45076518
64668825
70124130
36372190
834448326
147156867
245764214
33558473
72362869
188528753
119012299
227728944
15745368
23022687
24506246
432557320
19489239
58562226
17061263
141084952
1174827270
18576537
350954035
44764205
240486841
62786191
271145197
44728980
27876874
341484821
2425231
195434811
165957526
42254762
522133913
325141267
106344746
306818072
495689204
72207316
572213848
381380899
797652902
208326472
47376596
42591978
15872418
27618907
111025475
242696106
51030562
39453212
133152120
38788864
283937541
1823151
727249232
34195205
39378322
118559407
240693368
338971993
156097483
2217530371
2969891767
1074319513
30620340
82774252
5402612
14173315
2097571
807095
17471979
428333
122278704
