304511319
117777690
585896820
130557513
570576883
226195230
591460008
14677919
46078438
536796489
1875794300
6892312
15644999
283753667
2903979971
60813091
2539218994
2438968574
269572227
77198527
93844016
990134929
15909805
465028027
2980568714
20796069
2371044985
53964666
225469773
105189289
3181450868
1611264181
36414454
3302871268
1269630979
97626949
3136975457
3580094894
16734909
1545056700
3438984562
65045121
15249166
815578831
334105990
1523973469
3226238609
19904577
2482477633
8196592
3310690381
7618312
253132411
2316803178
2909636062
20138210
361182963
15301614
308402183
21647307
144808670
482133423
243169127
20663265
3327122656
2182809492
15812463
1555592808
29169161
1115420474
15088481
2296062121
1410754232
1905230346
2492530434
231948251
511462884
1151327245
3308839462
2444006072
169660831
2945775647
377125394
262033486
148510460
213375906
20243900
1421238355
1666632660
21235304
397519660
343383858
19127199
1143884264
25049904
3077477590
1970621425
209796319
18278629
436594713
2839682505
3077372170
18796773
35270579
50629845
394984197
2577035780
23483816
1687120861
241196451
582259354
458109833
140394847
3120107398
41408789
115782789
2780093257
52078696
440519278
211301112
2910819726
3101726455
1183803966
1684248258
419873121
55885950
2909230337
68248267
20710330
963233640
252190500
2445025880
22448729
2826049381
44997759
216603892
2945543495
461204031
1404000662
404253895
3300111
20767246
1137796219
395339680
2375193625
2760019911
2999910082
86971409
19001880
2977401911
257436524
22159580
285677717
232093902
610609058
493474244
120868383
2841995523
42282305
559358491
18159749
1326860384
1488536570
281375654
15176433
44097139
18154818
2909950011
2306321395
158336842
2910985588
112689928
329147892
424987168
30908530
627841482
2935603813
1097987268
1460802972
98522470
332554525
2936473520
444647437
1602964718
720344622
105832910
2913845277
1688719356
2893616840
19833
2426695967
21520473
31708938
106376450
381598060
208967618
2611724623
2608417501
2862516935
86613184
39607824
1180289760
730053284
2543914418
2789305163
68167797
2468431555
434370579
1528227080
782992057
784195920
54210125
386436650
126183140
2793542302
390007141
536944130
2295189284
53690542
1512590958
2345460337
45859324
403681795
107324829
21189250
27074339
631218434
70138439
124087958
2724707658
967263612
2572466352
10838032
449031957
566363006
549994298
581678741
2354721992
67708687
403558323
2677375998
19333483
633711301
15418230
348386792
16551532
817672334
64658091
34554978
2364767234
380978431
121764862
628651748
604943816
24239999
130874891
270826444
370003710
207439375
522274244
543619025
829708664
41572748
118697610
416119702
95904667
267318673
2491195190
2222877594
567153941
2527404446
1229325798
22573119
567297254
15798420
33246687
65922633
14430727
161071708
2505583105
332792979
39996788
1417257230
58569413
2364674442
975672139
189583589
2329424468
1126160755
138969912
2284700894
418621483
2179862647
1887520038
2353219170
152570927
832002355
207343682
29409165
118081426
458531771
1008441200
1964428050
1495366309
1897569487
1672951663
2375074322
70426484
293575168
17914639
213601518
2276207304
200115511
800315670
22580108
507045403
378623841
18950829
955943419
282140102
364439157
17508360
98903064
625541106
2176527421
21410687
540812894
131039983
77394327
2414923676
1412646787
619254220
1474441868
14873886
134711427
260545804
32223327
37763084
18393773
465752717
558016014
414639314
29960342
109668186
2277318353
177268547
21187708
142314895
352481038
632160413
2292434312
17163209
20584681
1572490724
1433663857
437603576
20399240
196193276
2169410439
1109321322
1372372904
18301117
469417684
1880768131
84555732
140955302
211642593
39053963
1348910180
2158799330
19659155
613173903
23895505
284949273
16026655
89168924
15899229
773765809
380212053
443027398
23074767
465680140
21089824
235160970
78546893
199294703
44607532
288213984
13341022
265855331
16313292
21760231
535136222
465664320
189330522
198823789
1068146965
1605553878
19299405
24721736
1318572590
295671681
1922741804
232276050
22916810
191184080
202884181
1823799380
22598478
1855690453
1729342310
124714774
535793154
20183725
274095281
28408955
139684935
401376647
1205939822
25311070
732515900
15687399
22473334
77218388
44950328
1509475370
36204844
189531119
14723523
1097953040
1604435064
506507409
23737026
21104515
19527849
116631683
580433703
175666409
49607083
18177317
15090017
126002546
365970848
540415855
138462121
740817775
154490094
86330674
37945489
600362844
49019906
211445918
177826715
905576000
46395835
38164483
14991920
198584761
26727655
14879825
135933805
979809294
424074159
933664633
772782344
30364057
76227850
222766650
583655436
107267009
16835429
266835327
20883355
485651772
622183868
71256932
342031929
197304939
416732347
52568880
308233828
20710959
462687589
163911037
608172411
62198460
339496660
435202527
372545489
327203450
20058280
440362326
492215854
316329933
16681111
631863073
113027146
73318876
14824849
379371328
217716242
42354375
330822768
7076492
342045112
284744889
96737164
231970200
16088798
564219453
12639972
322928561
54795290
143678424
21722675
112421639
21744554
317015936
22885316
23409709
13784642
14884180
23975060
15238748
505327382
19440706
305458487
83676344
22803947
185481392
126849870
221884289
24865805
386725572
26058703
419225164
54730258
18807671
7839402
32343238
