40583908
56490057
76615822
180844929
26192631
14677919
2474960131
15317676
3006652744
124513277
137830640
19586517
384048770
2490904690
29417304
32238490
4104527128
2366286534
33170260
1104591984
3381510557
312851135
366484101
3313353489
2753378252
3384164871
92148954
30460464
25894061
543383561
64848442
172529321
162359171
382807812
33030436
2147904350
417167006
1605536114
228476377
1580630148
217645089
913447502
170254080
23187207
2842030067
33654011
39286202
407842349
21260800
3387458583
2555544679
110326494
15229581
57039392
3331922338
156021539
3159117474
2326746493
384245178
3302097861
3305570722
200121178
63861730
271198619
2895324167
55522161
2608048676
1173224132
1249955946
3298257717
989181594
440982753
2912990047
2248699820
1849667018
110396781
36429541
3091031607
178661646
104194837
339791868
292367949
21280975
325076723
2466899838
63112528
2517988075
8495742
22184329
22986148
14190948
20931480
2835887489
175065805
3058394363
966631615
2993913650
2845225981
2724450036
2680144399
18228898
66464745
26792275
120207925
228205877
813286
12266442
31239408
23859156
92717138
118409104
409486555
18395177
111001089
872442252
385016627
46017944
23544596
473410399
281618999
472167333
153810216
108441652
205982743
6974622
18878023
1286087420
708528918
1093090866
181471978
618225452
1009408249
149272318
89675708
47591958
13557972
732515900
3006611326
1465527079
582650634
2204080957
1632610208
3119625797
3177341891
156290470
20137622
250435101
6480682
30602016
97267937
14417563
14982804
18730967
755113
1920502207
74323323
3050836250
1245292034
2176082011
2679891896
1292418902
263872769
3173833725
354279444
1403573388
34063632
36445573
214865541
209043047
807457764
17819431
17843373
16419713
1959132404
1391925222
1561448815
2301475717
1357523906
265983034
830836838
748020092
118876530
188759653
2383993453
399156475
49585818
83876527
