3217844830
3303272547
3348802300
2966044912
2481922170
157981564
2883149647
23617610
1673841704
236699098
2870142213
3310906629
32959253
2502428549
157140968
169686021
1337785291
47459700
25365536
1367531
19927627
109702885
1434251
30313925
19562228
23151437
15846407
21447363
28164096
222953824
23083404
14230524
436266454
807095
28785486
23375688
91478624
90420314
8161232
326359913
25073877
27260086
14075928
759251
21254264
6480682
300392950
14677919
26589987
624413
427475002
939091
7744592
15485441
15131310
136361303
14159148
20710809
54730258
30973
17629860
16193578
16228398
3296767353
21111883
3025288325
2851050700
461972797
2305431584
17919972
753385662
225091180
2566619220
1062688392
2190531801
2744733802
572842369
1041607562
2291435092
580168841
2746754584
2351008078
