875396568
2791267094
59116714
3006417601
359056457
420905438
88359566
511722793
39820438
23281347
132330417
69356087
253727901
59233473
1034665663
751575668
102162231
32468665
74286565
38679388
2459371
3232471129
1627315165
2549044578
1405550138
2425151
714354528
2163039523
2734875552
45090430
233899475
16849477
107337499
1059896820
2838554233
771201758
147933604
23763445
202141026
2483308152
1975810844
742595286
2979779637
227937003
204770559
382267114
28995530
40148479
2251588934
20536157
31311757
15234657
1157784678
342772500
36327407
3648790880
3748595292
336611577
1176135546
2358063421
237937851
3317756989
2834568361
96780127
210405428
35773039
3321581645
2494227186
2611679252
16973333
1652541
15224867
16343974
9763482
226143778
14138785
17469289
25967276
1282946089
57947109
108900981
89443197
7744592
26565946
10228272
19923144
2601465792
621523
408655981
32359921
43845681
2576486262
95023423
17695807
5402612
9547792
499015542
109275593
139876086
4898091
7587032
783214
2836421
185142711
759251
127765218
2951300606
1877831
134758540
3534907093
612473
813286
168606635
25053299
11348282
16664681
240649814
2557521
86141342
151899893
37034483
30313925
171117515
4970411
14159148
78941611
92945681
18949452
121046433
14800270
282858027
116747394
16184358
16012783
15164565
26257166
20322929
30973
300392950
549533958
1955770812
2919539270
2280900296
295120302
50393960
45452226
3089122862
396266865
574652581
5636912
2918158440
42908132
2195665620
2893146219
2244306842
143072244
87818409
3993999618
148248527
1156338067
471741741
2475630296
91553386
92724677
1590369648
113810453
3405965645
1367531
2529818100
761501461
3136412041
2880697112
471033216
2229571669
778479542
2560966176
2467791
101311381
297169759
135421739
17134268
15754281
3247907976
569890109
3618784514
71201743
3108351
169208472
561012325
2933540958
2855732124
2964368001
3745211712
2910800486
121044171
1954385366
18839785
908830873
3776889313
1958447653
598320080
4035221412
28785486
19895282
2848094688
14173315
15012486
20562637
788524
51241574
263113526
2097571
2884771
5392522
428333
742143
75461927
62802866
48328524
14293310
2505616032
807095
244890156
5988062
294563427
