51241574
105082141
380648579
28785486
14173315
35977487
6017542
3108351
108740292
27708897
24969337
15317822
244218738
104683173
33884545
357050985
31023547
2097571
742143
121385551
807095
5402612
14511951
2467791
87818409
4898091
16664681
14677919
142393421
759251
18949452
20402945
91478624
8105922
50126679
16973333
14138785
788524
612473
14662354
373490841
19889168
3329743257
1652541
14499829
571202103
989
50393960
20
5120691
41601718
24807616
251496825
56844432
36378198
2434729068
2304147104
1326722785
429347973
87588119
34396109
2153438028
759808
137136848
32454672
102249777
195933066
268353241
22529067
28121809
15026816
13001602
37159278
53007005
16868582
293009275
110360670
9323422
275974850
112071206
15328662
17481148
234001508
166794486
382764711
131207340
357689290
85209836
100075776
117573995
17562255
17737759
10698042
191716505
62695363
718931384
355657353
2541941178
2229011041
22411342
2988330293
221470760
22061737
151099524
15748390
28205375
88379832
115408784
145623640
66413158
47417395
18363094
37945318
34978957
2372031312
2258218458
1132685738
2573440922
1914949495
70977180
1922163835
9710612
64272125
29121158
437235053
874691629
76663193
1961041837
198241550
27885663
17539807
42976117
216495966
1914657931
180048280
64054704
24508650
19363307
5281191
6397742
130314799
202754650
14172838
14171933
138870582
12610262
15221343
14733052
322977690
423923896
129051309
159292885
180918195
36600881
1630896181
137645230
93421232
24951005
566103219
1498315231
2457119504
2523576118
2490095425
1617328448
2302366554
2668522834
74209634
455816433
216910610
2426356332
2736706836
2887478457
34713362
14797814
15492359
67358777
5988062
25053299
20214495
972651
15110357
14293310
18036441
1132994426
2905070630
115474279
173189282
34157315
2814627743
147779136
96929235
22488241
1571718086
409560174
2584381226
2397470456
2575302870
813286
24919888
11348282
14075505
17437592
22101283
18728233
338155967
16517711
12804422
83940702
66670429
156816964
188752382
13505112
38440548
41683247
16347028
23815359
25854573
67691067
138706979
162967678
380567317
15057943
1440641
18023887
23985796
41476705
5225991
19686204
23585763
38681183
21108916
32137602
23357735
16965975
203897434
18151649
183008190
579890743
582055933
187967684
52452098
131104495
618105455
50919017
46476459
532616284
1449459020
2213431610
40246581
444397312
459526304
74836807
199137826
313618831
40554317
116601052
140084640
26309215
35040102
2890961
1344951
107255120
2165056802
709411123
85396681
483164930
2250900085
280338555
98511509
53975856
305996087
110301074
1267612982
373984283
26306645
37868953
948683648
86140565
116886208
475039334
88820683
40238386
96232176
86783701
214204219
409539414
433843013
139635791
295909398
1201112688
256355828
1500334052
1500363626
85031214
156665331
166854322
1493148536
136440940
36109768
239444578
47786489
33860739
33447060
611163581
525846878
750217723
763849628
296652134
294809012
260861571
580106938
770535930
28826013
54961149
64798737
337431036
176794950
81403866
399097032
480766727
375156465
86989185
93720538
85259648
15195391
115246746
81916137
19685579
218963365
249359479
148156324
365094718
88996350
16118015
16091636
43134643
298856352
145062097
289377202
49662829
258429228
305386256
85621042
338741535
193759092
35033448
37163157
94257681
238688186
147634857
252711048
390725177
372936184
46303356
43043320
181620356
250294863
437229250
348544170
444796890
216023907
113457961
76945541
42524723
304844140
99984462
40119506
237584073
344768471
349183158
73963503
15052205
73950636
278540842
206867075
134354026
212872395
15804529
454111589
98528702
1942191
251704332
26869314
435299232
311360428
69902564
59669540
400376846
59524321
39271212
77129819
17046947
46996412
372854234
82769652
274224540
140534884
112797353
63974093
184569951
68758485
262497562
279107759
227160844
309683447
184922527
66596924
377681154
287474578
68572184
235345323
221462501
42149063
114266780
111644305
183662885
104632370
330240871
57354930
298736741
99001022
101053632
353944431
258631496
304042130
358600742
353100814
245526883
239894870
59605949
330622247
21836577
83432208
84012298
84928673
104713241
125435684
217168692
262410243
106305219
11217592
54226371
27158041
360801354
216943877
19872643
219685979
267823819
196287923
150770735
52122274
138085221
66222202
97333925
315506093
48558688
135912608
28885668
183020494
79883436
121505974
256704388
343163492
85019957
104528704
25065717
14640553
23022353
148096975
81422666
108807577
18217043
107880041
160652082
115749318
47999284
259928823
127348733
17502672
13701222
262951508
52422182
288887216
9081922
20634772
31649448
102689639
55945650
182502477
247513218
34083868
39622275
16536215
21661279
107807005
17092139
15585994
51654437
35367113
66998802
114474316
217111267
200941816
278366577
90719947
67472307
32577088
243667516
16487002
127157713
102885186
48827083
105218985
253414606
85134432
45760862
95553446
312165980
68003704
58001673
260007565
85219350
135859666
172346252
77619528
71330243
227207287
286769987
57104216
145512633
77238644
16658259
103400050
195950089
131334948
9905942
101893856
158096738
151091791
100052652
268634959
105215082
283563693
194389936
106646848
145859924
130217238
116659732
70457755
9409072
116202788
241621719
13000102
12579312
23128820
88981946
23992315
138447823
13320562
10012122
172017930
260008733
110737837
106825023
13230252
113537213
110219409
15414807
65112126
93991407
49863390
14556614
213801960
154959835
241412794
39262699
43044001
85694147
59049758
18742284
58135197
18542382
29582907
48778655
74796051
47126092
34405315
16941464
164982614
65119046
104734391
76499936
35103616
13602182
95813159
18130686
71161095
34541251
30516730
93296220
101300908
39617126
21726249
192999097
168726403
128264373
84168814
203105551
46698642
135928728
132346487
110213431
56445369
161925498
123598177
20751648
3385011
105686202
34996338
106302806
103924382
172553076
18607266
81429630
85952345
180516274
22545722
182552865
170077024
35146198
45781676
70889570
57511029
85235499
59649773
10683822
154380117
42558423
83968105
23087029
44923719
102512414
23497233
95550088
27837876
158084445
168542860
50879569
14247966
119872684
87820487
41043162
61357696
161008782
121866215
75460464
14825995
115436545
96686555
130603195
66457050
6878762
153216053
37794653
990081
8616982
96865785
7996082
85459405
114346861
81607104
80694456
117791573
75672330
122751239
109523888
74750292
71605921
26089907
27185174
103496546
63591808
24591178
57233721
16936115
67177857
41927093
99874189
73904591
48014618
48485807
126160066
31322292
102849780
108705520
70687531
99153997
32004603
103993252
43232713
118604833
80103335
70670289
111034090
77033055
50558999
112340641
139493536
81510678
17355573
44962502
56867492
87546050
70761585
111645433
42782290
127158951
82166396
119580128
120500024
59528794
115592978
16137700
51120336
108552104
95703949
15446126
55628839
50693852
109131241
46744125
20249035
26697899
57649271
5841462
14508537
80330792
80080630
81169323
33576192
14401383
16652959
41156599
59141132
9806542
32254788
20458105
16676396
38135075
