365225968
2873912223
226585672
123566317
28533147
141915867
86300432
56964064
18767121
42851528
43103582
35868591
273902704
26225471
66977331
256666176
432649627
174212108
315181164
1560276906
3294143903
2579127379
3254101967
492741759
2274885499
135479037
170185539
389812363
48149097
26689687
62926741
2555678414
90680898
21059542
35364040
23072537
59532374
27028248
27726303
2260373173
21765142
51176020
183109835
22639673
7744592
258936564
1949598007
2198278867
555303683
2383885765
637146949
1453142473
602758729
295176876
2963412586
330488150
3107588710
2463201883
1880389374
863237528
1400165144
139241915
297934382
58715253
107509508
608490246
566417363
177283114
62658989
1253101771
115087523
547149302
24170770
36396178
38190321
89722476
24694098
201863630
140837594
2546869926
1080590442
41406594
265270727
276265242
2263400251
29246547
38292798
30704824
153474021
40080940
173988421
80371182
35459922
72950235
28635233
44415931
13018112
58462957
398942686
19464428
18462157
18462653
26250338
39601084
19028615
30018058
41338503
133865373
110775353
46177695
17137891
19709040
20793816
14524152
1922861
29334444
98942778
21042561
63737212
21208444
23986856
20291907
15458197
65104337
17475575
9541782
204491797
89084561
17448575
35880417
15162193
50687788
4153670476
316837194
3107415695
1022146562
341079506
469569318
74867532
519234673
434320124
1069774741
1131225300
1278273740
47101189
402785959
151163548
123951728
549979654
69766060
1692448314
2847861158
2910657991
1378013310
3038516660
1710649668
169494750
541311215
374607018
410798012
2932020649
2740940174
3377546207
2196936582
256131756
745578685
2496435740
759312056
615437809
2382338612
157557540
92669899
202170662
2726274128
511283547
1927550928
581866637
2494148406
2464254318
1480022456
1547672816
600610126
1173845059
81445410
15131310
172405252
243678962
20069757
33768756
36417811
21697048
72629367
18209523
62336033
20334515
64746961
17844782
65681439
19362061
59233659
104558125
66892168
32140200
29511514
384940104
26610556
17445739
46519992
28418204
86180513
444378105
64250735
29738476
15468275
19982260
20258334
1330457336
17494010
8771022
21783220
618283989
14624975
35865630
3447117802
99144994
16581604
37074061
19834403
3858147916
465930049
3001738606
18906097
37683414
250884927
15723732
118403793
882773432
248772788
140854814
121517615
46189372
95275544
122130003
40995053
236539854
195809074
236555521
87257462
236549373
277534888
459534627
3061353957
2360891936
2588191933
3151102796
49068640
2349529394
297224530
22960394
9567972
1020058453
19489239
34713362
64643056
7309052
200477296
69163537
51667021
20801351
20475491
47349304
290897955
3253883228
128889819
18939424
2925293546
19145023
124004307
561645775
37490737
347401964
102455945
2866243084
3139738910
3218374673
3121457515
27020557
2548856437
2370850771
2432007352
2986312575
3000472439
3899491949
1189908212
59563712
2813372378
4124256613
85688156
4124342534
3740043493
2457990986
254719698
103152714
3114727073
3081335362
2492784560
3689066961
2526257174
4178453845
3236167844
50435228
93468307
17610475
225627801
2752443294
253219024
1476026246
70459505
525744505
623353606
1250479093
348617738
42821152
384285294
22883432
467773325
1075255170
273198394
472741876
80876336
1568193834
260438404
49078201
27144205
3171827746
534385570
348672658
563875492
410726769
19608297
31583882
366606110
21692297
21713274
56797610
132287175
214044478
252736722
38088328
3377408529
18966365
5031151
14505838
117501040
116270523
3090733766
3234815901
3225983920
2931472440
2856085429
16815644
2730016838
3230296510
953214913
618952024
29735991
123242336
29077536
24539944
715218384
1067140452
152835605
201103731
65952428
263176163
17278541
23871494
26651400
28028527
58038488
46947210
37064567
42209020
80751920
19024886
34322175
16659470
23170304
50093131
24014317
21757321
31335156
30271086
33522725
219418616
28999283
15452686
44631696
14266331
80878133
3214621054
348058612
55526996
2499516104
85948014
1089291733
258730549
212332850
87984807
349714440
183201869
18142960
27650674
34679955
1545994664
334293735
107122128
90368802
7593662
23598475
22859855
22045820
71028439
471355761
191846815
196226518
137445911
153452604
1231430456
48763395
52792059
165869155
140546801
2468218153
137770089
704263947
172149361
815181516
42912815
253338262
213478228
18011072
22708797
14592723
24236494
54641489
2900026785
631275863
2363188172
2269325845
212260641
214548109
2784830548
65446075
3090984458
3133139027
29980128
14959367
22179835
27002777
19151125
19985189
17814534
18552000
18623585
356845817
74829020
16899221
59225745
16096735
57002648
274582592
78087055
109524559
389573530
607272998
472340998
47726194
155650832
325497645
309728693
531892451
360054369
172496840
17437735
35846368
27648752
137319302
35789155
116748080
89253100
22623663
44314871
34010976
296690561
1640509020
47585965
756065832
61008852
183033795
27900939
138845026
32523291
20457806
71573736
16150688
18723114
35961145
5383942
56488059
62465691
17226612
20815041
1461514256
3340886249
34267043
166813374
217030924
551426814
17813135
23674342
194037150
23832022
50340794
1265295037
14499829
153031867
23794763
25520614
552247332
574765163
1194947442
43192684
2830051135
2739062796
599602890
20453073
3239152049
2751158965
852089071
2868211980
4174225875
3403630930
3691539075
3165244523
2941651669
3245060225
3238976441
903474589
4112348109
1017428671
351735352
226628874
316878148
335538773
199375481
887548195
3214642571
16305330
84077400
26441991
126118634
28796289
17294950
14695985
465926183
225190303
221392767
68399194
69615397
24047612
16913418
155949831
18481641
30180137
78021221
18647765
44084633
72568426
85772748
60054156
34395888
89563994
171682730
3066007731
14934818
305217958
16271952
59624844
185314895
178111058
47459700
20177423
109702885
136361303
326359913
20978103
55117855
336116660
44039298
30364057
23151437
15485441
18948541
25521487
19923144
9917652
55338739
17840256
1018764498
41102588
20612102
18573979
15339376
3312086657
41676727
199377413
426213316
335013619
27173332
203524357
159108168
161038210
606443380
747167612
714488126
745682490
745695680
747156782
745657676
2174659446
61334185
53120768
25084916
17076218
78661839
5402612
15012486
28785486
14511951
742143
30313925
14173315
1367531
343127682
759251
243316463
737548338
3914097374
3188262614
4069832114
460421853
38297565
20812639
127845595
85675177
254237111
611817117
127581815
78634393
739013040
1650611540
3889350073
933613070
3299344380
2914541789
31051453
2332438710
323305899
4030312875
2318871242
18655484
2530583821
208271500
3011244063
1550221867
2465084779
3816402087
1855852081
558814834
3242807002
2963185337
2401089565
31346031
280587159
209048763
148641097
1061159449
1383429912
3645089777
3306872460
323265196
2318932808
18867844
3280287357
3590979554
3243067089
3301029022
2168961860
2203686877
35664799
43435902
32036992
14991920
18023887
5225991
19412366
16517711
7614292
17057271
12804422
66379182
43425975
15057943
1531238396
256784275
1397549077
252643477
169127103
2239861604
46416498
342885437
1929971942
1148621102
169756051
470455995
257054156
246846198
242741927
551408415
212253441
389913005
246816611
290027394
1337408334
242569210
1362318146
44760227
281593985
89550207
363428080
1468382797
20902625
190898901
89711932
188926372
78393984
49462297
124648178
20536107
546075838
105249910
22640290
84700307
72939875
72664097
52832357
33301023
110491099
39914608
67091406
106501524
59856743
114791742
221846325
65112587
27947999
16578626
89533559
1393099704
399569896
303214805
259124147
182916018
239874171
158571972
227751586
94932147
158153553
16409210
28309991
49578063
350301334
369796204
348670750
29729155
31305382
326486527
28084732
137706974
380286939
2178847070
2795304043
140960558
461976283
2732493252
230748033
46627530
26207922
14677919
45564482
9542972
9763482
9229672
20562319
33539627
21488745
30031547
20962674
123289066
96795310
27655610
103773832
180922417
146585820
115494770
426456205
216848651
576490581
28433448
28097802
1285842918
3536178197
11673662
71016845
567530851
1596633919
13058772
18240655
1158182180
2819674210
266891319
164745815
164803233
164801257
161717417
42655708
17525171
23603092
16331010
16312576
118857505
22179997
2883841
20012204
109660695
48399528
23395456
23396761
23511303
43018238
19329393
24263801
65992743
27778893
24929621
34097876
16190898
23613479
26892157
27989078
101928415
236699098
157140968
23617610
79293791
115442332
95023423
14920785
32959253
23787909
134846593
17393196
19426551
85452649
23375688
21111883
444913649
127621803
19955482
42384760
783214
130649891
53925101
14458280
112236047
21425125
450976975
458628738
31437099
33606835
2742950154
3972608992
2264470208
213410349
16324533
17469289
25589776
28372301
234552226
65919574
893832908
2588557850
117665372
378342984
2723168253
63176417
270016207
69625775
3773630175
113104461
1161240811
564758584
2329334468
1661203730
327708998
69375803
748448455
38945413
34922194
119502317
22573714
604019396
1205649499
108875452
2282955312
18816349
64446551
27993796
2339380897
18175895
258089903
297477764
442022157
201391085
17510816
32155299
209892753
248495547
50729679
20909996
75118914
2302549751
263823631
171588004
307033884
299442121
25490826
227479932
509784913
20873818
82687702
82342375
159141349
158764744
154696387
189280920
154936536
34901034
381916760
94617335
29988925
374108965
768311322
1906201327
20954011
27908113
121236083
68434046
140984694
71283290
85645397
16715398
59008227
1566278516
378721284
57652681
74754480
112498828
93924482
92304258
158491217
164744886
158909722
151463269
158910877
112501064
159107483
110495383
46460905
58575557
352334417
240376401
116732310
78067917
97738347
266405542
6740302
287834089
120230445
252135889
42970560
53896761
121226647
36442510
16377318
29225509
29534671
2560174183
1583819378
135239561
132592696
102122156
16030899
278144816
21551945
135139769
46109869
15967738
49996482
15678511
978889837
3131148383
2961134381
2611705974
3314146546
376796401
330998163
49670786
2897634294
3636208516
232268199
417511132
51160474
552087109
1525794636
321058983
41589579
318679945
94179935
21307012
17947097
159109447
159108676
158912561
158912862
158913287
150856382
92051064
95338595
16174575
88675499
8505142
14240875
15854702
17019152
53176629
108993692
18625669
18191927
10069612
23976386
16000856
78409654
485805200
239760107
205437050
115565355
605719539
66754934
120342217
430834036
172700605
31870446
359662830
355649555
188901105
242481300
94391843
348570731
259723490
34612268
370140136
378528124
349343119
379116801
284620416
377985093
381725692
114917783
40892613
280826368
18518866
85963913
274262841
383087690
175686459
356852453
28679519
198723830
334281348
376962202
263263307
376995763
135549822
310869970
39811240
334704690
281559123
260803616
250247506
200636188
234093054
281651684
384506313
115984149
33880289
393709216
393539696
386928279
54661217
274604873
399174395
148544499
398087866
405797530
398870994
151543757
26757980
403646830
407164750
408833832
261193473
350946260
275230970
318014271
415096571
77206915
403988394
18557253
421246617
413287601
323412544
376335087
388359134
387901328
429507554
429877634
274702253
37222805
19353885
218208936
363539285
438528135
77277310
116357986
382777251
162081931
375094539
380467813
91191683
29787193
71294587
449138991
443937170
193134639
242889785
126831531
263822680
338591064
337573354
451780057
99634302
456063302
119587333
384353913
455232334
146419911
412723060
152393818
461496692
15772083
357771339
454868692
246494751
463318781
444171992
470462929
439371891
221099647
119995491
71594916
472293445
406639949
31127933
476183949
454861435
455902671
253195781
479923313
405609618
80640663
455192741
429960898
412708315
114205745
25451776
279225827
28578875
281125067
419279403
390919983
394205983
482106551
486003482
15459234
367217696
465627254
480717152
488613759
26896618
281701398
481452510
366615627
288396742
423163653
486955172
129898127
41001679
499908924
19731766
106794795
498389855
493674362
25058875
509171329
513680005
443035779
319878938
427585185
454874502
120134676
517938688
463318714
56770914
523390852
470796084
521629085
112589120
386129989
115162371
59216679
342797442
476122077
512429205
196229864
268631524
517165123
204343547
121404129
106961921
529696239
360289923
59584051
56472341
211312975
18277655
224084078
382161029
246832662
273090490
52397025
25455750
474488242
158911382
260382536
40711126
467584690
82711420
538354207
326414020
459612252
101806793
540320814
116045630
516687013
493616379
399454721
40124788
313475386
246614243
504836599
483310820
175225135
544792125
545544989
94664508
226750235
14588083
16333000
93768221
516884275
534428507
18120198
552827110
24433199
44189833
78408151
95029240
549473102
134951325
503636422
382862778
123601778
106195471
477180995
401174932
537627027
503159301
563178597
389029300
282219239
44489279
549451653
515134776
567637047
564815511
542986688
577226355
312772475
294172701
531536574
579975599
581977827
559018404
579288330
476788250
478312266
505073407
575711051
582137869
191036113
585190808
33626894
506765810
482323066
28157623
54588816
80730175
251766119
588565098
540423136
39367703
279721230
61291959
565081415
466512175
594690184
381199427
593069822
586708431
205870402
42937387
597016269
243768957
472354749
600341433
125809691
509095385
595645575
170184880
603146436
486315232
398980368
346645029
386338744
421379699
599351796
547281164
365760324
55279006
61293629
39556393
16299627
419654149
186194746
21804827
59932910
116437813
133265485
611257601
552907140
455268500
335754591
384342964
299655364
431777130
590161467
619325329
573914052
73443334
625741307
619721748
587529011
62870688
600572205
492275908
394397329
614340404
624932586
536294261
632244925
250891461
615115433
254220498
633375293
601919027
430107932
78164814
101341950
170007697
413259655
164747251
97053793
24780053
599431251
103315322
273203994
606611461
128430871
704095502
703835832
186265019
705725778
158418029
43820114
605374460
550202950
34044995
330967116
705564120
101350636
96996530
359763487
631153692
57400495
18634386
241369220
383436574
612163217
30880175
613583440
727982095
18655998
149735776
728489468
731318816
727037516
65453985
721319250
145471100
591137338
370123840
226681137
730678393
741355574
737781672
633268033
743314254
748242139
103262638
553765187
751735034
154188321
262428696
715201669
716666232
620349127
424306687
615513731
758492426
66632554
381677603
777528612
778908787
26241992
224305547
750522884
785071765
630329564
789416834
634783829
324991211
785869375
443440635
70419749
368406336
260037835
414971615
520581786
316455342
441054723
818075497
43017370
540022094
618299769
599050003
529737384
344212257
396556247
824267816
835646544
760448113
103101931
512155311
585756227
603996544
75262905
778911408
485841364
851082817
114812910
785117588
114587353
809096666
27633267
220394922
101852743
284534481
101290923
263638934
817712672
345003390
25799607
493694141
491452749
603049992
514771273
442903195
357844782
539992592
493727140
37676302
830336654
21472786
801134395
581143054
604008191
604006855
389797105
621213393
882507296
10874182
47327366
551269897
15864446
847718064
701808799
700725607
604095456
95977131
893390096
747985812
900264139
727261172
33505567
899129995
366108325
56895027
720428222
891608791
138756557
586670675
712943629
402530619
85401970
124604980
324622023
185219684
393401195
365672578
610450891
24113770
394065690
133022865
911436870
20553471
45157788
938182506
14569300
935483868
138488011
95075846
574881857
851853950
135509253
709678854
20117313
24944741
957762427
745283593
79217940
955907238
567748036
946027656
950116759
294625276
474974454
917507419
472625654
14517429
180929708
877709072
478300136
898301828
709309201
815557454
19032927
367236644
826856694
367210222
28354056
935096330
28556188
33597367
317334975
85675897
83863124
381733612
18619003
874220959
37725852
915340184
347856724
865004064
82365652
935473628
958177471
581935467
240526704
487151356
124531173
459736950
28326859
20270468
595555477
887855798
8383592
16398203
245492384
278372186
271455269
425064853
613411760
249742304
161750493
27534103
183190860
430116616
199790819
263703624
97303007
139806044
71174230
18486586
29088574
42779817
205365601
234058620
16903138
312343143
34668077
119402955
55611396
130283234
441390302
491396535
19278408
40620433
973190790
804974138
968583242
25017309
817444705
961005493
47968296
974374256
16394139
126473695
1005345116
320255556
1008035000
531974685
386050641
23943552
871999075
257615923
566672115
90406163
453406943
1013533651
331397929
189891399
426761807
78380247
27930137
358855692
16195663
20486418
120534149
819816558
1025334660
543812784
475531299
1027496088
491728371
318432388
455841697
880686198
39443068
1042296434
853888436
829756256
1046448170
32896852
126138238
250131938
540035678
622632792
291831147
416394248
30969627
492520394
447980668
27727777
120890697
442441080
56757094
946230966
1075513315
563907538
968532362
477906150
1084068324
174026510
1027025832
844629524
114562806
240745668
585163925
341612471
21922449
624723040
205889081
137782483
369308498
919755206
56817458
42288391
90916578
24740463
288046872
304461488
1090041295
239864273
1089715800
333781189
242854666
849280128
98952576
244958176
145026904
1069109778
1102342747
189608290
901845421
622066615
1092448880
861546108
1007891744
1115395308
1118368316
482389542
1123955869
1104673196
838606542
119528648
20413883
1077006079
131187486
25279405
281836119
21226399
712708958
1117708020
91196714
737367565
572435946
273394823
904856094
253852434
794378137
22059385
17992597
167466698
238279911
179569291
118262032
157637770
278537933
101295980
569155273
607867793
17436888
23075577
394704675
478799162
545629707
51232751
1112623092
112456347
950592782
602140506
16178442
150293077
26678269
1115826654
338415656
1006479090
1040600400
1152747038
732569490
12506222
1020068438
50675556
29996135
293550848
596610877
1154310570
1187441629
1177480206
239461632
700420014
456045776
110810574
16001827
22984957
832262485
231454711
242352265
113135614
209716174
111642863
309235033
1215748092
799485097
348610369
1191924445
328634816
1219161096
1096462039
705471253
602431414
29851333
743129544
491376183
1236301081
1075149943
1040544918
1123693536
1260815821
237775082
1209867228
378783614
516779456
314764879
193081663
90932952
480725485
821647303
1134410946
271461543
266697488
1251935046
120263189
1228844168
38596503
858330114
1265094175
1038735414
873693738
424274065
877800523
78209952
519859218
593962749
764929334
1090562000
1068585546
593362257
1278970969
938378136
565603619
78968530
353672532
818040343
365545722
1087653992
1279086336
934169442
454313925
1134678504
1275792709
1092901393
1300254805
414250510
594992797
637230109
1292788177
535662990
1307652920
1175623346
203168331
55354656
1005243145
508106417
50755621
1317477398
119185658
68165849
573852034
85389088
1318763419
404278992
1269829092
1109630798
334236371
1276610642
42670238
89627638
226364964
316667819
1329697981
22329443
546067137
318376033
261919410
446463661
489893215
1286615108
1357927394
854242088
1357466431
1246778244
1364953693
259849780
339802803
130903462
1342977950
1374684828
1367233874
1377119192
1379228514
324662688
1258238215
217802849
1365044972
1389391914
480966064
1339799826
1378234274
1347728402
1389685766
1375766449
1393058148
59316879
1396022209
167249132
87769301
206346277
737927700
495535328
492515940
570198837
293598455
57746352
32531624
1311061376
85071670
1290180847
18100797
1315203770
600096200
1403895396
1375665120
109415841
1357291543
1071831836
150769404
17133444
1267409047
91202207
160271870
116647943
242195606
1413569528
415250082
1413184010
1393076437
249690272
1413575166
893535054
88318193
518617003
704429564
42813812
1431071203
180108296
958296660
1323714715
249444234
960957205
112846822
947063773
32925246
126998485
1433692945
1436365573
25693244
1323265219
302816132
1430510820
28437942
320526190
547745774
1439514932
56485309
73394519
143136519
87470943
122493430
1451802606
1444417832
15941455
1449425347
313513780
314206537
1161422678
399766366
1472175056
1470859344
143553772
29461520
190151561
745461151
1421231022
119418929
817539193
1461887359
235273401
21694659
1077247676
405721604
72842136
556481699
212323154
572213477
28874063
1254795786
79045322
344066263
1473218912
1481235650
1438923721
1482301398
130151461
90492892
290741003
556220359
1156221854
83986197
883148564
1488444950
1498988802
299115054
151578542
1507067352
1505146118
285614683
266573977
1492721263
1377155714
1498488270
1190850522
1431296004
1267284050
1358382037
108779101
24181273
395638489
451533191
1408516842
235208003
301020969
1375330033
602920350
512150088
1529663443
211959216
1040090534
1339180519
1337931084
1511344020
1532142385
1531499078
588470649
1534402772
78444887
414012628
97016930
1502214013
1536944174
1498946461
1543497780
1542218323
1413138614
449902177
1148699390
248848548
1544347940
1545749473
25117278
359881893
1467176089
1408441128
289500338
389040945
340344751
701360178
299874769
1239828182
1546763971
53487683
1517486431
1554106549
100083859
628652338
143884742
1439119555
1267335121
1228370288
1431931038
502265717
245479935
42662583
478999874
338425951
823983163
205885095
1543825746
1379743363
346227644
1575054691
351709377
809343091
317759016
1397593044
125774942
397516737
1579021526
511005149
394759158
1582994534
1309224794
16365692
1066468260
1583858635
1550725340
1497202525
164892861
357981039
1553065915
1596262262
16600979
1596182196
1598520414
1599086497
1551995192
1597396094
424672518
1595555221
1601831305
1354730478
499216072
1598345743
1603582441
208691247
1228870770
1532521814
1608321306
503785589
542745715
167049957
1599287347
1611875197
419671067
55058857
252577132
992909065
1606573178
244992929
976463816
488367637
42878994
1439533718
363270641
36181209
375762495
22998147
1615175953
1296998666
1161658699
592442184
934957880
1625232553
1514490342
1293367806
423304964
166223546
991744302
126494847
1376978971
249650977
592870478
161739213
179658808
1638702288
710195594
211177209
96437383
1615249986
1620396020
1639695696
517093576
1652759407
122452139
313656975
33317233
288484434
94194183
377000058
1646219172
1553087840
23456995
323321397
1648309296
67043967
47474634
1655955360
410455763
622027937
1301845896
1665366122
358303675
1638705042
105250341
1668934158
612847939
1669293198
1418254093
1671894696
1548635095
1676635716
79479541
19692995
839768208
166161682
1684086902
1514995718
75168399
1686071670
512379297
342672117
1651247450
196648958
1690226712
280672213
1112303707
1684908806
1408620331
620234407
1702869398
1281458310
1410283358
68730593
1710382297
1713298016
201953312
1555425894
449120897
1706169709
1725568862
45738975
1707949134
370349972
799317356
185549438
1831596392
482453559
1380242436
1852182260
1490525401
54221263
1852449056
1854866029
1249671307
1694615941
365032038
1604804227
1709204762
1861587313
1877184074
1485686382
819734773
1861570076
1720874388
18418408
1886209182
1887359520
89572158
1899036518
76970655
1550993550
1556246574
1904477491
1640861102
1906248248
1488463015
466055902
1908253873
540517800
435856817
17967491
19939645
46440351
2194996346
2268160872
529475852
21778607
121464517
39401206
125401133
298309285
227723458
47370784
253167239
426159377
2884771
360685668
16029780
17874544
17242874
15134782
14293310
51241574
807095
5988062
37687633
16631737
30973
94129050
119980727
104263696
10228272
3108351
19718142
17293727
16543760
91478624
15859039
16651754
240734425
21669960
106837463
8861182
8820652
14800270
15441074
20536157
52484614
67031203
145763268
44675414
17610945
63168275
44358432
31417876
20639220
318531893
66985085
47383634
101861689
132189140
59455330
16458212
164419830
18435393
17093617
