958941858
2928832540
2352190878
3305188036
95786879
14677919
14075928
15134240
1330457336
201857425
1059489486
264399952
813286
380816062
2535783120
20272531
487833518
15234407
16895274
15862891
14286491
15521075
581076102
268919557
2434495988
32372834
19658826
14647570
1435461
48615954
2975190389
254484031
17230461
209309794
498542680
397306055
407624682
43199901
276643081
21423021
14348594
211486295
130922325
316389142
73481525
110770052
16303106
19843630
158414847
374268208
559675462
20479813
1636590253
19534873
30364057
47876842
338240032
372922391
39348006
121290796
987679471
246825072
15143478
194453705
2373999608
107225267
15125585
1430667834
