50831740
158414847
2884771
26053643
972651
19058681
91478624
16303106
16973333
1536791610
14677919
759251
788524
15164565
87818409
5988062
14511951
6017542
5402612
14293310
742143
807095
3108351
1652541
51241574
476256944
158848407
923671784
15649438
14377605
1330457336
38271276
7334402
25704351
970207298
15007149
16490790
19608297
7766032
606412878
18301196
17478965
433631641
2255580679
20702626
791635
17002914
1520501
1394399438
20178410
16955991
14137844
21718571
15428397
23995748
1604931252
29417304
216776631
29442313
357606935
91180720
14513611
15458694
14957147
27793335
130617778
9300262
18510860
16041234
57097104
44409004
91390383
33452466
16129920
19397785
15485441
15279429
3409170374
239819612
