1958569866
2272839091
177519361
36184220
17219108
19110632
16031536
14363353
63818752
8839632
26585095
14296548
239654277
15754281
171496247
15012486
23937508
14173315
87818409
8170292
1367531
20543416
612473
409941587
2799960092
111946118
2728488134
20583561
44278933
14499829
1652541
774393817
363192311
41085467
1363523274
34568673
14159148
69329527
240649814
471741741
627673190
2158121408
71016845
915487344
844581019
915814442
946913852
834251869
897947797
956893724
634111585
906741499
637424943
593307886
73402979
898438364
915762828
593334598
592621063
499555548
844709160
592434464
442389917
593370489
593269105
770607919
592412630
834190800
593212108
593251073
742139718
47584791
2673476378
275434633
619855057
1115874631
14700316
515838635
17137628
69231187
56723973
20596281
164263382
21303235
19722343
470099591
23174011
80803819
157981564
217616314
3069261371
59700831
8775672
153149305
14615871
15647676
19948202
9624742
11348282
1073676020
256495314
36327407
2467791
5402612
742143
428333
759251
284415672
111560581
197131314
537204717
3123883238
32356101
807095
35773039
14677919
11178902
18949452
5988062
142557721
57289662
34543935
166655653
1330457336
15007149
3281853858
30313925
18839785
410409666
1553207744
40394480
542019340
18799249
341407938
2294812435
85839993
1093090866
18244358
17842366
1536791610
382267114
17471979
74286565
813286
15670515
50393960
125512325
218885655
196418938
63304316
104237736
965779075
6509832
39743812
1421655445
20220471
19546362
1468330632
19637288
29573746
533832747
189151324
20687263
225962422
869231
19106719
2244983430
98561160
3051097582
620136960
316203038
488841110
1855318789
2282859216
2324788620
2480895427
21904217
15291335
296434329
576603160
36715350
487118986
621523
2277539705
131102007
1671153649
965778331
1334438365
928004335
25069361
2951598618
7235292
65772461
22692199
180505807
740839296
19819209
37760933
200646949
149414982
132175413
19619541
299221170
2815270147
89368633
20609518
14813320
91478624
3108351
67358777
34713362
38400130
209430127
2845857403
2802023598
