2197846202
444143118
2203067250
303984030
2162330921
543267109
1386283232
495412430
3415094453
1053119436
2201174798
406887040
1068589712
62583845
68564574
957805387
1581764624
2471348864
54045531
1485755444
2825875597
626569766
465092094
18580302
18753308
125423614
125106186
433904065
4093417847
82046391
2248140756
126622470
2891394869
431673229
381450954
2164770253
2727126306
1875342859
1095000176
594754701
2175592643
2451266014
2307212239
92266255
3662226197
2181350078
2742970521
714677383
1391598637
213878790
240411644
39931345
39362798
358240205
3329332575
57385045
324840230
171077822
21614787
1111111428
180552598
3806090116
229746414
2477790608
54584465
36269069
20201726
17336417
295068000
44874400
91798218
114709222
20244875
850860144
22333048
56631494
39366525
19869102
199009284
22260085
19486200
53110793
134492423
951840618
389841834
288279131
4185999315
71821409
111614382
23484039
70617159
19527964
58473154
14515799
2768501
43860827
24506246
24773177
17038090
14507001
786764
16834659
621533
6942422
1417251
30835585
34262462
205770556
14834340
1586501
7424642
37759047
32529557
16273831
19701628
118459278
15318242
26743107
103894485
20153367
26313494
85063403
136797962
52418188
12540112
9830952
326945638
21202851
15017541
16681111
130197171
271998627
22776133
167738011
44585922
320692744
53107828
40532389
73953536
117428743
155878471
417856843
126363977
293525474
121141481
42385805
31243210
322236244
68714826
233524892
71546813
19968074
86960418
25535049
118672200
29695330
84571616
162473641
15755095
124774031
20383443
11269592
41854914
1980621
20072554
142270039
202145238
260716144
130450421
23068708
27066806
23243831
198996470
20095393
137326569
29232999
28999336
18331985
24531658
151825149
14395202
55545555
323468251
153556717
451586190
25876418
15754851
58772796
285025274
308379387
24200155
19847765
49632730
55580711
258863351
394915904
34615731
80262276
21866939
278093318
290735485
323954578
18045304
133374580
122988240
43856403
14569869
15164565
18424289
1994321
14700316
380648579
4970411
14138785
14677919
16343974
16973333
20211937
2184489764
380285402
18205531
1533764641
19817778
249765987
283411624
401153033
17061263
30011100
77528520
430310094
787595851
17027394
54194878
349921132
19976677
1222235652
115920274
2754876919
624995677
392608775
363976433
261214600
882865536
628776007
3302124063
2912647323
2873301816
22981545
2911618281
394695391
1335002192
3296859243
339089835
193978434
2822117268
3392731739
1611708830
1724062170
3716459177
188066062
2789248699
3882590853
16814500
18008484
3333078803
346836110
2808242910
829366202
3432560781
3846796162
2784820064
2964606814
20169430
1581110714
470026527
188920996
1671848557
47675705
1129443330
50107325
166683513
595515713
369232105
475988505
2458567464
2328937074
2207588833
1604366701
1530850933
1342861723
222953824
16028241
15647676
17629860
180815351
15722277
106448460
55190298
19739126
26229230
183341841
348974190
2416381123
14010882
126086206
19066345
1249982359
906782533
1536791610
7713202
76348185
14849562
59145948
18622869
16129920
19397785
16312576
17074714
169686021
21111883
23375688
14230524
197598287
3303293865
54829997
33801019
121044171
19760270
2326996770
2892809359
20427494
19058681
216299334
18625669
412867311
16983244
49375859
37168231
358136545
108252113
332188446
2719857065
2731417201
2601961417
3266909034
3386132806
273170539
20959026
303470009
3367018389
2295875984
1192609928
3002340281
2816809014
3273166196
3377425073
234070696
3311151702
2525574016
2897404264
3074105773
2490183138
3355171211
3365104829
2549242513
302849741
631145268
1140084157
294267210
2752516439
2537036777
2893235717
65594489
587397179
2957675644
82140249
21379022
2976723011
2725498261
2875082161
2429558660
2900333529
1875566095
40356855
2993372861
2833215686
16185155
291889286
229416800
3225943285
1665753259
2427404409
15438349
2654876682
3041483602
1226074039
393809169
598588326
349040752
2518321
2984503385
132551457
393927221
2876058471
236501123
2490001615
3080058705
2996631250
1652302656
2901393100
3197738990
64643056
1258178652
1571635070
2842805695
2767771238
2723901101
2876028142
2493666553
3304466254
2326513741
1613699988
24651708
700076141
3344646741
106448691
1567634869
1904137010
2322781892
1066466059
1440941900
796415634
3236250294
101134278
2987142347
224206187
594056292
573882571
2469789854
2665396294
2595099151
87775422
2565378916
2836017776
28137012
20511391
2809565917
2214937858
166220976
2654342010
39030654
154091776
550969723
182067405
722787126
39166602
2310661772
15861355
74218948
2797807877
43872882
3084483631
466435973
2950827369
108312174
412873265
1107469142
292807497
2828457508
2903454056
2249098934
2341756148
2528896011
193307582
83100533
2754277573
2794042022
16994529
365608062
3300408910
1042267620
303862998
18949452
1684343256
364977947
2971818437
147491390
272473304
2690656437
2739658729
599065130
459530553
3061925738
1589301510
3035636539
431788675
3003246169
784389542
99038471
487118986
997579790
1616320796
135453038
1579169899
19006678
15656072
113048196
1091639485
733407235
46406454
63665445
92943533
1599251814
292615553
2842201535
1643498142
3019792001
906901141
3023101571
2968554909
2779540039
131116624
947842442
19489239
2929695082
1684766240
66369181
21186125
119784192
161427200
110541296
54885400
10126672
39114551
586570880
456799145
1324715353
335996055
83795099
111021184
67378554
231744293
472830024
14856951
2332098223
134905400
93766096
2695663285
438355707
2868990450
81055599
22428439
1070745218
1042307696
383733061
2426217830
210206603
386456566
966113328
162829422
396491059
331136295
13010422
160926944
2347049341
19443357
156992643
336609490
997341218
2653613168
263160998
143744181
1577442662
240339489
66967746
17481977
103065157
6467332
16220136
374237792
18576537
17836882
28033140
147725246
539566673
2359926157
1921317602
1664731507
196168350
2884771
22703645
18791763
38495835
22012091
73238146
20713061
16624174
119048111
22240612
44317593
20388784
36042554
75896448
932446861
22473844
61183568
6107422
102707504
136004952
66673916
29450962
409486555
939091
8566992
14885279
14099695
1080871
43232088
153004670
18814998
153810519
16693599
2451732105
209780362
2280373968
18762875
295663598
1252764865
15311111
343447873
13669222
50115087
21436960
142608485
1428854456
25102833
1109534750
1407061566
2609953977
2396423352
1703554242
2515507515
29120942
1222277064
412937036
1164933835
2897042444
30542242
258913889
400935932
2925965596
244682658
1900697011
15473958
271113988
15224867
361437319
752312556
116839997
249677516
2755627745
612699406
61442876
469271812
624958606
726462336
612473
15256721
445828814
459604576
274153843
516950940
577493250
40924532
2891944605
32334400
2510951629
69181624
24235668
68999404
438075035
2773353838
114562457
30258963
557669309
19996888
269457209
989842454
541112811
2840427562
15012486
86757137
21680862
752926242
547204586
2872313027
118254867
1720264015
17907509
196270008
83529586
1026082939
617195822
2490299682
147213864
316708532
39571573
1465738201
938722830
2656769357
7587032
75069067
271598357
1050534704
493163675
29744997
290510050
521249236
2469601104
2420684335
937252052
2886853047
1380749762
10849352
15519544
2810070613
306413695
136472729
1306881302
295729569
788524
304625023
265249484
23503181
527526077
20674227
28184452
1471754011
620483923
1579924015
36185471
2653126451
615393164
1720360579
550589730
253434387
760665068
2988063156
1331051586
191357525
2465234251
2498803753
2976405783
142021788
52758395
2455432590
2881213132
605838396
2986665911
464141682
388260404
505458619
181608016
65640910
1897048236
2196430782
17194321
963870624
2741991350
21392684
2579329958
474262986
217567170
153784150
2716784883
326095455
431742452
22411342
39871442
518891781
15165493
803369994
25565646
17781165
43166813
9624742
2932328815
2959971481
2957233620
16580226
107172099
2961810465
104201057
2795267058
1668680593
20265548
156651229
35773039
23139713
20060293
14944532
159588456
42869411
14647570
18164420
34743251
19802879
88956452
208631245
2905360223
296138571
2972111651
2992442413
2991523825
110445334
17469289
1917731
87818409
14662354
868322472
15438913
13
93957809
34208984
5988062
91478624
134053071
1877831
957306920
1598644159
101543782
111615736
15766082
1253106450
55118656
8775672
249722522
14224719
41814169
17004618
14437914
49276934
5392522
14074515
343958195
15764644
369505837
325830217
1281405877
757303975
14159148
5695632
1093090866
16581604
1330457336
1089985236
1339835893
1393155566
15007149
1967216306
1615463502
970563998
12858902
2382117350
19674502
184667972
380207652
82142373
7721392
97540285
62170201
31705342
39787903
17730162
123308973
134887156
407156894
304479031
59256282
41011704
128652237
302148163
1245078146
531201141
342803091
274151347
52171525
65268724
215436285
2153148518
2425942656
1684598964
1375691767
1713225949
1671560472
220316391
33907401
152217149
2809717801
19611483
126176422
1451773004
1268411912
604490482
313265834
296730273
72817987
1449793934
938151612
2370235530
487255088
216310409
99373108
2374833349
42865366
453691805
114243741
86943188
38212271
61235377
270708567
134543971
111470829
2216090348
118417894
890690150
119030611
45656923
823621422
177653963
11994732
162305918
14699356
137692252
112440529
260187407
301424091
326912762
398705815
256850682
120975026
110150716
302046879
754367952
1460622362
43452959
2158063740
859356589
1285270130
23528135
23919202
28051644
84869858
625822385
109294022
531587298
519241354
585600680
54524468
296698196
897597834
156141948
479361307
95426718
1026489558
199655139
561202467
1916843748
314361473
553450101
36879955
558505248
19199075
140371155
20050693
344690044
1349586235
203550877
58428956
739887091
118458129
281560607
36735863
117141706
135791923
136992115
1420471628
175314027
386018637
26726695
1466992844
118466332
601128672
1216942998
166090910
25082628
264923574
275081254
1383778514
161039936
75017843
109338705
1111496234
151345983
539740352
76289333
73347851
15130021
20823368
98645280
112701313
20584172
268817632
228615530
56599231
346650708
47569196
52597277
166121361
36483080
141044378
1689183823
597596780
838091744
70008157
705024595
48659684
260288988
229242014
1926376482
79592613
2204743560
921058825
90613893
241222728
251930635
468390428
168209100
59162062
66084164
117642841
397164733
594554371
112514025
543254092
196164104
398002001
18810374
72847828
185974967
1510964138
506143336
76614448
262078413
145612989
78985926
21967006
2227639164
275115073
99059278
49924797
305544010
290012052
1447754581
310166964
60044677
270865071
572293326
356988770
108914939
40171250
937257816
2403339846
95320821
589383661
244285536
91420812
72192070
48884520
1110570986
81072853
280549937
44055410
58439397
213506258
149129426
375021458
322051727
42707761
820709754
171238684
52345053
532178115
70631940
1553112355
363073209
60043730
46591472
146943873
546627702
206290267
67494783
425071092
630195805
462440532
1378427281
991772628
131157005
65206738
73327350
275436363
839007428
143356951
1196943121
432341874
438429559
95252395
122565733
42031491
67026633
66284223
114702499
1246345681
257187415
2293821206
2580097890
222276057
362052129
416146136
66225794
42276107
475108009
73804316
2538945951
363736957
2759894129
258290082
2645549222
140761750
20153731
143853829
21565472
16694430
32896052
2753723350
1632722450
251777276
9576452
440703601
2213934871
163912948
56988394
19784827
26972349
47879573
97455784
31612043
20219457
79929652
1486651974
312550057
886948890
52047031
25204257
404130986
278725088
97769509
2793158573
382041184
582316039
291625800
1077007008
223084575
2666076482
551661692
163601402
136329425
562543833
1588293277
1465651711
37695741
47945510
2230599595
263249833
2277584834
231047579
90886711
2805307386
2709289417
10965372
14137861
23925124
314400710
358334185
203364164
574573099
466605004
16853994
132428655
58139062
124120149
14762024
187619490
220804906
25804058
282133449
147294964
1557315432
701984438
491402898
19768990
2239723807
2936041581
25261950
309251481
57053388
2344183968
2246142769
2819475693
1915012974
2189107412
1399397456
19091805
2899398770
2853442208
2832246523
324386374
2893288537
1873097148
313392229
2895424854
622658764
59233307
18373968
1422854384
353354346
46142421
2450458794
482178222
448353807
2508000664
16866462
1138059848
2411089858
629554003
116262406
1719797431
452945048
15867443
44704537
746235486
1538744346
2835488340
2443392044
342444726
2809915999
2327600372
2867307594
1621280106
1073676020
2873419590
23599646
2228651239
142885309
68964636
1407170670
384401040
2572661012
369829731
2525807822
910191475
91686298
14643825
1674346778
1299261594
218706414
80339496
404195723
214864532
71646490
2182314796
89309471
970751233
132817648
2224599829
1913660671
940137594
20232321
2935936857
458451038
1063695798
2902420167
1134404522
996520244
2228330221
718393939
2537711675
2874416681
1951551835
2832083356
936695288
41206009
17707189
298625735
2896438757
1859214278
125787946
134885429
1462646366
471741741
598271866
47559158
287156977
2638800231
2827236075
131179343
32102565
59609286
16438430
15811202
39743812
100936791
190663396
333344624
25966181
22763833
703147457
621943134
21118443
1465439066
721055274
39240673
17710740
2474080368
2319748341
19465262
2774300632
80524246
2536792567
2903232367
42043572
20814874
87812741
434844586
2153745310
46129777
2492738425
2509236107
1252413247
389946569
11530262
8839632
41094453
42958829
58243368
22650211
245687754
95747671
19740592
2296182520
15754281
2488597423
431059827
41085467
38400130
37874853
86141342
6017542
2542571941
2950220847
21551205
18839785
518008504
2883398104
2770245921
335876789
118538540
2546037755
324091643
1216995067
78619534
178755407
33464913
15519886
52339151
1722326707
60937837
2599579387
14196754
66640993
2278335655
29191391
204234691
180295902
77024182
30313925
42871498
287858658
452895693
2569004607
547767119
15485441
348375714
325852033
317034396
2183816041
1492538024
112428763
258283931
153783978
20578408
152797988
1308926868
177829660
190273534
150455529
1020503498
247884504
84352985
551736727
2214112296
497704805
453507741
7230492
130159846
2751049545
2890360143
2883235463
213539531
97537762
457839776
727059528
339040963
136932734
57261575
122928781
57188977
197588356
69229721
233070139
121293407
118757160
114990575
16694416
72484859
19280428
117284445
427459511
136071451
246309084
2597413135
16632374
62746569
43182279
229619787
134750005
255510474
1092588620
1462167728
264626540
344573824
58633080
52647877
47182245
123908101
136000120
44563586
115061939
2478308904
1341106184
2850724355
15954704
2410959152
53353682
49132710
1617708494
242204358
157618833
272456715
1572894974
15628784
55160797
280047036
2275714236
21964954
19273963
54149214
125139513
79260733
62452990
61111173
358100624
179379726
155418706
113292385
31015988
17940246
22919665
138142342
2491484208
2150369510
490133908
598298759
376106733
387573617
155951619
1441339070
39214789
1576890685
124145508
313881816
31361009
2815383097
2727717687
479078512
128955337
1467228402
54149631
395300576
14918367
1482648758
597393083
105561500
291373257
1847425837
838069315
17381587
1211088002
87170183
87484569
389712354
2160867914
31348594
43345074
2511218679
21128206
24170193
156778094
28206092
24011173
2273257681
164898058
338243317
19780009
513123515
59240777
16672265
196741241
18001465
40077861
211209877
44184504
164448571
44819038
29249700
52075851
51183681
33625506
106771492
154286168
106872943
18247805
17051930
45607222
34605824
17291745
45013924
1472173832
44412082
143306758
94143050
69304566
168530981
326157384
57708624
219603474
48392537
20708051
98897352
111645779
88878382
69269525
41571188
41570734
486724242
245279572
27260086
2241218838
431815693
51376979
14920785
22101819
311579195
2422338765
1655114456
18119570
2293905222
1548817664
171685892
2237584971
2151899364
807857371
2886726769
73203871
742143
17365848
34678720
161507898
246677188
15500649
19789439
180200031
86977818
1252402848
2266993952
33602654
1148676895
18774477
2715852903
12807482
2714648300
342928047
412388949
37034483
966561685
22673425
14278700
299719794
251131532
48366585
2218931932
2448552140
190932382
19126577
108140000
87902409
226314902
2512287514
31632905
610092172
43971593
620728285
793298401
14107755
240859531
52819094
60662837
62271711
15406939
25929965
38213676
15566043
14294948
22317013
2364370392
1591668846
46974095
501079770
2568102704
2360979518
629792171
14890482
420456226
14511951
1657730988
266196542
288571295
901666656
1883519718
2523362662
26259637
1300908860
303340842
166253148
17626145
601768181
1289009533
345404454
2663472096
341158703
2097571
14293310
463358085
1161268292
69741539
2529834264
1518702625
209396237
209492408
1617401311
61917411
2301952376
188773969
2370944148
1270324530
400614804
21765704
2316789856
17542672
59409569
1632384954
366791327
2372020056
344785726
1180197806
919609531
54282416
477683657
54290974
436040716
2503518539
2807241881
2871564656
275212729
2507798366
1618249884
256495314
47945675
304473237
420645712
1066527416
461936505
2471406685
237487760
937129135
996858644
2537021453
2457070008
187804926
210586393
51381252
1827686094
1703704490
16271684
2719250130
619176718
85569621
213630806
2841950364
17484733
60784269
1184005140
47749254
257384216
519885846
15551300
51241574
268794263
868399446
2758210901
143101681
1498204170
219736644
113419517
17335014
90219891
101311381
2845404642
2568500837
2831271354
2530910654
2748007902
2157167414
2186231236
2753041789
1629129134
2544679747
2835635722
1692230653
2849908677
2380243032
106317808
95023423
161023696
26208862
145125358
41571084
2811120682
1930482966
2678942192
37841444
255185650
22770675
15742167
791849449
19094555
17226107
15677417
43953798
1675174772
2502470528
468727654
16651708
897032150
19553709
191144357
133177412
93950784
753705577
146500034
575464126
489684194
14892330
8161232
329711226
569540227
1615686883
222138483
190809096
96840521
115461418
1400060232
253123400
18240736
327273139
561433857
16408759
277979930
22289826
115387793
138822469
43095817
2350554126
29958928
707730727
1513626126
2800245849
159126438
1475832246
389672606
26886095
160946337
88746027
430192531
31143957
442239741
1415411664
37035564
32843303
75714954
17717614
233255816
151503947
1255388491
437408412
1029364645
16126957
1417804364
2698117674
829221936
535219660
1652541
2467791
189917061
6509832
50716058
39602993
75509967
43568964
19929890
56312411
56304605
405688218
50943008
1910442534
26968636
312835515
16031927
140047339
371730289
165085226
59983585
1954631995
2463006282
2527952498
2712874180
329706765
2286605747
2491651346
2865752150
2488611180
1472696682
2608870115
85603854
5402612
23613479
23617610
34507480
32959253
236699098
27989078
25365536
428333
496611050
231709065
95127729
822629088
173543818
259382365
64811718
1589302344
772783896
1045399398
1075021430
549430116
1712267299
1468960063
2290416213
2228781728
1468126154
20626784
11348282
461263778
445630710
24705126
44588485
117643200
2511211986
2521281969
2293110020
604944483
21447363
540186791
1946234756
17919972
1031363545
346161017
813286
133880286
257514072
45012056
53180205
67149858
576734394
17670648
86369703
58653571
182975468
2581284353
88889121
133484445
174574631
128453871
33621979
1897627380
707924215
2351456466
20577889
54515483
18493366
363551175
1226203873
400171462
1710785629
239138661
74830837
834084115
1578125996
1606399939
1969099694
18702602
724121005
106873346
628721763
19401532
557395860
2240658763
851739656
40113236
1908846091
281046179
2496678784
79499478
564784728
103012951
1402935853
375883485
1922004823
72072706
53642475
573995270
2382664219
21891948
553780375
18148907
14427317
134196350
767938154
2335698411
66491218
1638806154
59877541
309009722
8279892
224140014
99984408
46366572
164748570
39559926
64672345
388952247
40205617
106699049
27067896
16998490
30899115
33460176
36345604
101743223
38266652
22023679
106062176
119002935
2316110148
330504751
1593763190
474332427
2383513164
2672628862
346567287
503329998
1066095698
790117224
1550547547
1222704571
371406209
17487733
16144487
46697447
1041873692
1272849096
1676234966
1315286720
1698433189
1202294052
62830516
1558913310
1463270089
1151762850
738890132
285885928
2370339602
1849504573
351783704
997851948
2366322026
1944560282
256751025
2242389140
65493023
2381261366
411578052
17454769
839788675
424120588
38647512
283747801
2490156728
501876206
114009802
155406245
109200080
16513416
41634520
20751449
36327407
97442036
240649814
19897138
16664681
3108351
28785486
807095
31540671
14173315
759251
1367531
134758540
122207745
191613738
46681100
16157855
334053327
27311044
25101996
23970102
16032925
312800783
204386512
170620083
2729945177
986018575
293656888
136951972
2440611790
1320478861
813285758
2723411874
1134857534
586785145
1390540746
2410944794
14946895
594428136
542530602
296245911
2552850726
2466164594
28937452
2420529987
2511474434
2746462120
616297198
2201760498
1610575572
912803768
28302330
18504154
25379996
73498282
218782707
26969502
21383066
26967008
24444176
25103967
879662622
821045162
14589119
26462022
25792111
45621423
186514697
37589139
26223583
25360913
29413497
18909186
21401523
17055388
23413363
16898427
37588890
176430467
72782367
21739712
1379801
21764143
19106719
124476322
56377143
166607010
137460929
54904679
7212562
179568369
260907612
6449282
78258913
14172570
34720571
32201814
13192972
9609632
15378041
74311500
78084813
218730857
19617105
5920532
12101862
253340062
15425377
33875003
20626359
494814659
222782095
16629918
7849082
1542862735
163816182
38676903
19436397
22090282
44994215
179569408
180779476
41570428
22536055
124219169
41570978
32388036
377356300
18332190
290173252
2278029108
25103866
146428924
2615774832
2182883749
1123665308
1379698159
2572596734
58913244
2759356311
581303754
2249384406
20823928
1467120480
1673506147
152252200
336204889
23625129
47900032
21777911
2314417902
65727468
400707217
288910324
212637470
243836174
442989503
290616077
190335583
21759987
336464338
747094862
27619688
207998078
124033970
1657042380
551281882
598132515
371335599
2446776772
2428911936
1883048414
1919706956
901663080
306647135
151285038
2399395205
161436153
19913832
625053033
96434688
1443167544
533506923
1203589488
28502170
321403615
1275193158
451088166
629171924
2265225935
930755719
442755200
112042905
585072352
1736963960
1879366238
318655659
490841469
1551590316
2385723176
258955947
1173402452
734840887
1737732048
2246116317
1568938123
1708080806
215260037
944728092
2226486018
2200523843
278964422
1151177166
384393060
1600272384
1596385189
29579867
214952395
330866062
1610191861
278657030
1514068152
558585742
274714920
737786311
1462833583
57936927
396887508
228675861
2777937085
2854532869
407101742
407348737
246809043
1270748916
526361433
69586739
2653008519
96006812
1879719030
559378507
1967428538
1324867704
556190618
2404826870
845379511
1680833101
50393960
2154701738
2784489788
1055949420
1271292661
236431633
626071534
115490146
129258272
608255196
1255759590
1058825437
564457556
201087703
77021720
2303621388
1499971243
510743227
2440659383
187429420
473307668
280885422
23071151
1046200224
178010946
387528421
14327793
931642344
299041182
1733541121
1182479840
755767728
103729129
17410471
591865786
964643942
147898235
143375180
39622184
1359241230
20669748
981016694
284968504
249923464
556860712
244214563
1128958532
1332652274
1054565066
1332825600
475665239
197186881
101884516
1661001062
23828851
928343654
1496400260
1430697150
301652431
28998776
1271403654
82154934
15531304
2156562680
350025780
63410795
1253299322
47355734
17523811
22039496
384427029
415683367
154566409
68060037
16362900
58886669
22849425
29533793
19604212
19974434
21093670
64439991
411586401
2444298164
2472964184
2485852832
982644511
2445327089
48625883
102924914
