2350864290
108077880
3242235144
2880130546
33665117
44631696
114596022
51241574
14677919
78492982
15846407
367762233
33606835
5798602
1045751
53004765
15096641
18244358
2221695594
14378113
1076540582
240734425
2342848158
32570890
33601203
1398378865
460735422
519490772
23859170
17292828
1018826778
867270398
231527148
424562282
24099378
2749459361
1206088916
234135992
1637091997
1154979061
2260597009
153474021
10810102
60054156
158128894
15208246
50940456
136361303
14399483
19562228
18713254
262359713
4970411
326359913
4641021
23544596
23151437
11522502
1652541
20177423
53153263
16193578
47459700
10876852
816653
20536157
14075928
18948541
54682125
109702885
7144422
25214718
807095
15693493
5402612
19148708
50393960
5392522
717313
428333
14885549
90420314
15492359
14511951
15485441
16831419
146085134
12582472
783214
6017542
178111058
1344951
759251
1367531
11518842
18665800
