2467791
363997684
14677919
14511951
80702644
74186967
17389318
16220555
14260960
18173624
15687962
75641903
618593
304679484
2382554510
1023867823
115485051
60654994
498878623
62418341
22412950
33569515
9917652
2872521687
69677501
22658254
47714668
48075294
3409086058
318981130
274779236
121417367
21718006
495315011
2802056818
14252011
435498663
221476816
2412787594
319312024
17803556
2286047670
874106426
2801835533
2329278007
2586200414
2178562643
2806247395
1490600611
77314692
333438243
6539592
148160448
220146740
968232932
18129528
126146818
583824456
54092452
904060616
1775731
25170188
30278532
19195914
59143817
24807616
2869531
70686285
19038934
288349850
971083124
19966398
26329195
2314292995
272250951
135249573
2282322068
22398987
26157070
15666380
20106852
1324519622
62290422
128956175
24919888
1544259450
17297083
106853876
2475511586
2413349492
163601349
2553263053
139118858
123653506
1630716836
2564096731
94606098
2272386457
2542183627
293850289
16593132
25202702
16303106
63793181
434130489
329307161
72644483
23504870
755953153
500042487
352668196
32625314
25521487
18948541
250725652
299255086
85618442
96176697
389643429
16573941
1023096199
50374439
6480682
14824849
27457788
98554846
75974281
466569073
343472095
30364057
321084606
877908722
11348282
37710752
572225652
19562228
36686415
26053643
47786101
1715051
24126361
2304006500
1033279693
180463340
51643837
61483986
339968570
19035424
138072063
30855079
14119916
35738491
2315701058
1905026436
33585987
15473958
143128876
153029118
16350687
67691589
59433245
41014075
267906620
226041943
205437050
1093950247
17239748
301814056
14243046
148496087
401023686
27013292
38489678
16949344
25950355
1705267393
14353392
20108560
67774822
39599022
47801555
28809003
123701779
7401202
31206614
22084427
1426188560
186154646
204832963
1362621870
15155074
58295115
1187536753
39631808
1290010778
19697415
14075928
15485441
158414847
44633886
601213697
317072898
404963708
54904679
308172001
432638533
974354312
1403110417
15765573
466535644
1653079562
1571270053
16589206
20479813
813286
180999289
110509537
96411075
31279730
36490075
54056093
26228191
221185711
78109966
77306553
26242080
18180664
48048864
142945970
632934789
47628358
205289892
16420375
18177126
92797363
83877008
73457280
13496142
43947610
17236289
23672597
74372482
252204826
144152125
417459447
46176932
344273331
202282251
412373159
31414290
200342580
34935679
29242135
254282984
77012859
297206683
413156351
34981094
158723496
18638090
108382988
46108781
19426551
47947730
18999877
16728693
32073521
26012871
19746180
17130157
43231727
27064072
22135023
74784532
5768872
