28785486
20536157
1339835893
1367531
16664681
5392522
14173315
14677919
5988062
4970411
15012486
1652541
742143
759251
2467791
428333
807095
51241574
14293310
16343974
16973333
87818409
612473
788524
5402612
376927648
80374392
119793405
917130092
12848262
8736882
36490075
846512924
454273887
481750154
14260960
23191561
937813446
495362102
275019000
2252725668
123860363
585803315
1482974474
3905826194
1078045159
28370071
16220555
1343036322
3240328383
3513397222
76918775
60701307
23803317
26858294
82158660
124302756
16426809
42672470
136405377
242175309
17684375
3079986094
3235991831
3129241707
75050644
260384666
180887271
58319221
14432658
19038934
6433472
20253569
14043002
395518428
18450149
499858265
1536791610
813286
28151117
2033081
11856342
148491506
14266835
2147986735
1002288440
15519886
22155975
54907500
124190867
18332190
54904679
2280470022
91174164
599317296
48062810
3017425699
3048487667
110983195
22709612
587811802
195971292
41650124
2861912663
2864396115
122051202
176871249
113707249
19559116
13841682
117568426
1178395218
14749606
31171669
384460738
25065495
52188923
279076937
629549993
14984856
444086149
252827789
372994837
26992276
193725962
21889069
24606710
307690179
166249016
584023870
83676243
115204568
2772181941
17698061
23299542
2813497926
54393446
1565577307
2603510245
389710226
153833852
225976606
2395385230
2472083058
66473383
356185329
358086499
26538513
190347592
394725220
284852366
559009026
911064805
246565905
43178145
52460161
22097020
140821061
32111183
38478364
131723420
18515858
234857950
192240919
42037635
38226302
17178851
106449024
160034454
19037099
80409042
25201718
61782807
162940479
27024375
20410026
20898380
104255797
180525098
61779487
148040285
36853318
50754242
121417367
18638090
20117923
32243116
22349538
29553576
20788732
51115873
25928973
56349082
70970687
64429669
19368770
106535821
21198287
246475675
73505541
23883319
94408279
21028193
46654474
249045596
55027652
138125338
14344776
15257618
15376626
24925341
21224422
18177126
43900389
17969278
27672386
12998732
