2209020486
155548524
3310883571
36043997
6107422
87416722
16973333
16343974
7587032
87818409
1652541
4898091
5988062
5402612
91478624
23690344
74580436
783214
759251
373471064
11348282
166042524
8161232
18839785
16312576
14677919
17446621
10228272
16331010
20012204
25589776
2883841
22179997
52536879
17243213
9695312
40076725
2367911
35762475
28201743
150425432
2869974905
2221994790
3152340432
3378261552
23544596
25365536
16190898
15224867
115485051
428333
23966851
124647396
861895560
339530046
813286
351446651
1961129893
517270982
1326595885
1313281632
126768423
594784032
416965866
427475002
16561884
6519522
586198217
413487212
17919972
11856482
158128894
2423142946
25093616
155659213
91390383
15566901
136361303
100220864
19110632
15066760
16365636
19923144
109702885
6480682
15485441
22001973
90420314
23083404
19195914
1969081213
326359913
25087685
2690702168
15846407
18713254
22752559
42384760
300392950
1434251
130649891
26565946
16193578
96951800
