25508542
23617610
34507480
575188047
54203238
15632759
14182050
20609518
230140702
115290697
66075817
115341081
34197952
490442018
40400019
99642673
70652594
3117015608
56631494
4178883929
24705126
5695632
40884854
50570152
2469605695
21551205
92726549
53555106
138822469
128155589
107318424
144755081
3300562164
75509967
108936259
118024094
105710210
53355887
613321095
128472974
116677732
928219752
195703895
598235910
92724677
122928781
92945681
27042513
57998991
35695228
14677919
4143933380
43568964
84554399
36412963
17446621
58243368
3094134266
947192262
16983244
9207632
60023642
79402995
1187412534
19397785
41364508
19929890
14293310
526256506
2297447779
15093629
27602673
3097798880
283916211
155151279
317034396
53790896
1097553362
133093395
53556894
135421739
347035710
57879889
79708561
68497896
69181624
2481283506
1652526218
36327407
113278275
3094963256
5520952
37168231
52339151
2887420185
3042317233
3066067766
68399705
28427374
27457788
122995784
121044171
2729506932
109241992
102382667
38617902
66306024
240649814
94816809
366947884
950165300
597301440
185335312
17602896
973472035
75854417
66334209
56913467
614156493
111615736
65659343
3572661733
3305820163
3101924877
132385468
23061619
18681139
145125358
71201743
88856792
51376979
54829997
113419517
87170183
57928790
31348594
183230911
60937837
101695592
219617448
38403110
101311381
94163409
76294950
19895282
18839785
405427035
277434037
56304605
33801019
78941611
37034483
328630711
144944472
2183816041
68977380
44588485
769727912
214924885
97865628
1492538024
471741741
134758540
310679156
