742143
5402612
759251
19701628
14677919
807095
18825961
184910040
3344248390
332974144
15645639
267948430
54140780
20720530
169397457
334887076
211858494
901162760
1316271104
15492359
43042353
2597498814
543104099
984437892
891075625
32004642
3405807190
166739404
62513246
3267535381
3357305440
255388236
157140968
307813436
243682782
342584409
357965101
2616515072
2239647673
170301850
2871376913
63166035
383071848
115261222
436482978
609322575
174266952
637313893
222113167
3178203250
2692962919
441648692
532478901
998694506
1199822131
77459198
219311140
408177579
244071263
28217617
355307031
2594546979
39364684
2315237311
79293791
31239408
125786481
43509988
1583457234
40203238
192856595
144611448
401478793
357428884
174705430
575239738
239394793
828742454
2830720945
