19760270
2189503302
15954704
22205952
17673635
43855487
1444029422
600031424
4192728313
622872390
3648453505
3055966014
576348125
101222700
1467462960
34338789
128986977
114132739
16734909
254873869
28129196
797206
22737226
15912890
77822208
103293847
18725815
241101712
1552045182
382728892
1662923078
67849262
328115588
425099134
742143
2467791
51241574
14293310
15012486
759251
14511951
807095
14677919
35773039
16589206
15164565
16935292
16955991
1947301
65647594
1401726968
111316603
3670124233
3657633680
56350183
93613267
138387944
2828429292
237632983
2484013740
608402980
2831471840
152719505
37589601
4047721
15269964
460216709
322016075
1652711108
372346211
31115635
1611887712
1615441915
15333047
228420453
390677061
588587397
246273355
2996232492
116703674
3108669919
14645914
99964903
928219752
75246331
51022422
2338104343
14834340
2283661718
55325634
3092555860
398271367
31103923
134160066
15194013
1397379162
559345507
1572648817
72283791
2925445940
2924131543
2924119860
75471863
166115911
1394485897
553780413
15271141
95356537
4098697942
21002587
533139119
2899268701
67372142
2836556173
3138772969
303633122
2696503964
39961247
274651688
4033872792
17579431
2183611873
561149720
49595583
3074769187
15950025
1289651
3115368822
128984274
2367181136
2526794479
57948579
26997136
189025427
42350663
120965579
1920592950
50944856
163752397
296107913
1951047080
246734352
94022742
21995200
20151889
38718720
64526820
75789173
99276987
54710153
143409075
8422662
46903071
3040844088
2385639271
76134964
52347071
134832284
927137894
232550149
73387985
107168854
167725919
458287908
222703409
14072047
16237067
19329136
11695892
46704429
32843303
59132109
408467423
40003120
3221200897
64610462
2858081970
424484966
300837591
387611846
318195157
4053162792
3268055755
15143770
87818409
1642669674
2475433110
67577895
92723044
60895200
625739552
421701259
603435179
36052760
67680999
341894625
55176833
28114735
20925989
63073975
45116820
204661628
176497091
3150940290
248308530
296792658
44090103
303059786
342574531
47856457
393917334
376698611
49647184
29168524
40867052
54436268
1012715006
2930459060
2829504222
48706493
204832963
100490649
72821666
8935972
3226012897
1683076490
389914405
103849564
3980589852
39030654
39258955
126585908
915112724
10807392
76294950
20664363
416857073
27966935
38603263
16906470
3335094193
1254436688
3725099113
140445145
41321189
3008846298
601804352
1542902203
49918760
94944961
75475601
164335216
1255161552
1419020654
254541750
85293311
1097553362
46383081
336611577
13508182
358127438
2966532212
44667113
41130595
232467309
338304891
100123158
82061416
3014062195
74995974
974143844
2838958447
14756306
14201574
140537933
89160719
426533679
14606079
1516025198
2968635633
938665004
15199808
68914690
825831643
143114327
312907267
137259396
18358458
85802383
38800236
2694818888
31721181
2916305152
561335546
2284802828
524262813
1548204932
280066134
3188923814
31119205
75237089
547076008
1128584178
1134165541
366575760
236698120
61794240
445390333
267861878
3557133980
802128824
22756846
3587432715
3503108834
83658475
189917061
154875149
71491139
18840170
2449625713
35476316
58211781
67264633
35961326
312773552
124888940
2646263522
2418546855
376848688
55003414
2330285072
377266796
28412580
220381949
28082599
2793344290
29971409
140784400
6463042
3010127683
1598454480
221756273
141615129
2430174896
324897050
1019469630
268676434
17754768
378056166
30456505
14994987
246136955
42033259
782531725
152505498
341968536
510434629
2911138294
335099279
64750841
2914850911
104798321
17420304
92198620
149884554
66331900
406713814
49578370
70179948
374526155
60247413
243584516
117012523
206292387
1274038568
11589192
109173912
419294762
1028402084
52334569
234315477
15196484
248604613
1487347327
2920542882
1480356697
1479739320
141194726
2920565479
2930807144
2926509296
2899423928
2920906532
2922373842
2911119394
2914246386
2915602261
2903022199
50279201
141470251
3016185331
1317725486
605175584
46791411
2902442300
8834252
5871672
1153045459
14159148
1274690550
50973651
50234386
3171712086
373416209
109895721
98210147
2227695199
76780580
3037082952
37432982
2920604964
17081897
2572315144
51968133
355989081
151432737
111550816
789583814
451215777
101417074
2826671244
3229612231
90848383
1303596223
199233142
3177530305
122959195
79421749
361301678
18239249
46073276
1191912552
51104731
1484611
46608340
47840951
35194696
414946220
124056683
2916470293
2842434988
89492277
139189823
49909770
161634802
14760750
577459091
14201680
15203143
2903590855
3097503906
2163039523
27408017
1513294208
2341741537
2954464944
386049033
3187419318
3168370478
2902462706
1538119250
329926382
61137370
3038393634
53712478
1089808998
60843563
1344897174
1588390411
2311557998
108006063
19192999
15016162
34217542
80664593
74939898
43017766
2662377643
56685329
11530262
43128194
2229571669
2903740387
57666613
1338479222
30430816
56702184
367885911
95496700
2837791414
1237425799
187162234
2904524011
2904461396
901132112
1597742520
2754194395
898142071
21014078
2574072036
3074043527
29966991
1657730988
1154869812
794593244
219617448
1910442534
371730289
59983585
65113959
77732185
440770377
373410448
58243368
96946717
100999112
68069915
1072993274
2222673457
2597413135
56312411
2595957175
1066064184
2585154385
25966181
30417501
119456978
1317076194
260251320
116372682
98142216
44070443
1263706735
948648084
1088422554
66935683
1856588299
141208596
1897514666
2583583465
2543109397
2656599733
2583806562
2543217782
47685065
100174414
143776014
2645220206
1461447398
331136088
47543773
37629039
1269695654
172057857
24705126
208417986
252018855
256495314
38647512
20751449
17471979
11348282
391210974
63959573
444568008
86535708
551528689
15473958
310239584
1487070804
2765974980
1170885648
2253142422
751400048
2785480981
2686834802
97217966
2381667174
2534310320
2589318188
194017030
17717614
53075131
2596143056
40400019
83529586
381949397
2574232910
2602959463
19929890
56304605
350128848
287156977
87118217
176295495
78941611
17381587
292765961
372677761
458451038
118757160
41094453
258283931
459970786
49587515
1438162566
28941513
21551205
164213375
527235020
1633029956
248159704
405427035
347035710
1324334436
1856414335
129057534
4126501
293063175
1346439824
2183816041
60937837
162304163
2855442949
22763833
62762183
48318008
2190026348
86478153
2541363451
124204931
2503480063
138822469
441636351
558381779
231033118
1244137812
1447949844
130104041
2902920739
94761188
1334937428
207809313
471741741
37034483
18839785
247703560
1473907028
2903711911
