813286
14361155
18213483
16153562
14700316
69231187
14159148
30313925
6107422
16664681
14569869
16973333
16012783
16343974
14511951
22240612
6017542
14138785
788524
1652541
87818409
21866939
34713362
15754281
28785486
3108351
2097571
87416722
742143
14293310
18424289
7587032
51241574
35773039
807095
15012486
14173315
4970411
612473
759251
14677919
1367531
2467791
5402612
103065157
155507136
18814998
70385068
1002500058
2370605604
3356914582
2255036665
2402010382
71515969
1376969323
2195721454
245386268
217372204
31100650
153351046
57013464
9595022
568876937
2841997442
18839785
101736447
269661382
221452291
551149727
345811633
843112550
113564280
127245578
93474576
3103511
3103641
134810937
7174972
67418441
131752870
2395151180
547607608
591887903
845066587
170780703
48962805
121096782
825934369
237634998
321445166
227626917
64019328
2386607912
2412835412
1396161031
66339576
1596793616
2227103071
595343731
1658180791
462312323
34613288
333962252
713993413
96951800
22910295
347967707
19596849
628538801
370652525
375888082
15307151
1558424844
1962460590
281199878
465059599
764465772
430013408
394170044
555527251
2224302535
1420145244
18091004
38742405
552803420
182383374
1769922890
715109318
471436748
517917966
1372726615
458638776
801106064
1080782130
337741447
1499252335
1729445053
794399022
1720194781
1333281924
451612382
815484049
1323323708
1899634190
343627165
537186173
1966131036
1332095168
417197908
1457171660
2321418476
1830525626
2343827185
1668425226
2197218196
1655879665
370536393
1624092962
359876100
571964518
16902662
390860562
50618718
89304457
32688098
461922813
792568518
2312269910
1093132046
2234342274
2341675580
325614041
1742526258
723521802
1446212984
54146727
365953260
985172054
574094163
1192062726
1227853172
266791973
465897084
212609609
286663231
728017646
