2585154385
3606504676
486884889
134666628
444970866
66718613
74420704
724818308
3302038338
2934528263
75237089
3326085535
397797941
285535146
3282045398
172057857
2284802828
2681954239
3300628014
193364583
2572925208
576833852
99276987
116188074
3110000450
262605583
225507043
2185809253
19277186
17137628
2397776130
3265641577
18213483
371324929
453853182
116366915
180748385
3246807079
2966532212
151395708
2558019330
2961297390
3097503906
1536791610
30047168
3008846298
71453123
79671917
523058589
761288928
234427743
62762183
31019385
110025421
148517828
19329136
301398093
3145107018
2955928989
1207648771
2833723424
2992496724
77732185
920488039
2613904818
2534310320
2574232910
1243126304
1548435690
224171771
3112964801
14463924
69231483
17717614
2312262702
1572472460
1903593750
1552045182
1401726968
2775598132
131873356
43855487
370573869
156552770
260251320
361301678
98815583
42323273
231029978
246416643
409486555
597301440
41593150
65451379
102567747
486322857
2289628938
100559431
75024702
2475872178
134369482
793159568
212489633
415860281
261226704
477212953
2251531916
146375796
2954886528
92708272
2228021594
53414786
32843303
1244137812
2779021908
217478823
176461575
164213375
250495841
37629039
58173133
87174678
2708915372
76046679
1535926861
1050622416
53640157
19895282
86478153
61458407
2904226039
145607857
214821759
20963854
36322857
415436105
2687124019
761416190
153703098
17797666
369680637
95002434
21014078
1050958045
1963312058
111416652
27830610
20596281
16153562
59486068
69231187
169963553
27860681
25390350
25098482
19224439
17006157
59157393
2881143120
20646711
84351228
98015030
218536635
55458134
817845968
1598094566
1662923078
2307365215
2744010479
191508911
2898586069
47543773
331136088
1310056538
956888676
56318573
53000919
245687754
347035710
25966181
2785480981
33163058
274617832
47685065
50973651
617812352
2547533580
468479147
1657730988
1974470773
2574072036
68977380
277434037
101695592
259925559
1337785291
2675947616
92726549
195703895
42220353
138002210
88856792
400636503
1330457336
2282489556
813286
2832622394
2706690080
127170981
2253142422
1554900403
2765974980
2541363451
1100927498
58243368
1324334436
1072993274
130104041
2183816041
219617448
1867843520
231033118
3416421
14159148
138822469
441636351
1227253801
2597413135
2222673457
2477802067
471741741
24705126
