2725775585
87632033
181561712
216299334
14677919
263928436
4020532937
73286960
520038617
123126370
39633585
237548529
101311381
3311789868
42562446
3223379900
1613648400
328638330
19674502
3311492560
90420314
372026436
3262941229
5695632
168374159
3345586720
16733175
14877389
1330457336
1093090866
16553484
3323843770
91408245
79111942
382307012
1536791610
1393644188
62513246
252371559
166739404
926674687
59949396
611700059
635631038
93654953
586671909
3055618182
1416289596
26565946
1016078341
255388236
2155594458
30271564
2951003312
783521936
28644174
963363302
266336410
15865042
1582341876
440998183
971078304
2200657723
634127089
608296472
2817962244
15175368
389899411
260051169
509325988
1024926439
23561980
160817572
1339835893
546938670
1672332943
316127601
487753908
452805587
813411186
2360588900
935166138
427526860
543810974
528181815
39364684
217824690
432919639
394326421
1595092500
14920785
58528137
402323884
2173189188
1016021178
1875792493
869119190
1481232966
32634061
934823850
390926293
467206151
774420685
621550726
500042487
922442366
23544596
1471511449
1924202743
365682855
950844000
30106099
1306227565
71546277
560767910
627858143
45349525
446839798
71096025
407540819
240900228
2601100201
497615938
378313301
388622134
451968317
411875089
942513469
15485441
404496587
15846407
17919972
34475924
2813968218
