218167872
381688396
14724725
16409285
65184105
44409004
85603854
14230524
16409683
1339835893
14681605
1330457336
6427882
24929621
2836941830
25073877
19247844
25365536
45564482
155823836
28221296
336116660
14677919
44039298
20479813
14075928
545235190
6539592
158414847
16303106
142157505
19697415
17844280
500042487
455288410
26053643
14824849
28644174
15485441
23544596
555448499
18948541
90420314
512446262
149590738
44364694
15652540
14511951
16458383
20012204
17525171
66699013
25589776
807095
6017542
10228272
2883841
634140890
25460615
61387670
65773523
168735527
110840720
15279429
30364057
14506253
48100887
6480682
15169907
251164136
3389324649
8521542
813286
28706024
42562446
467520901
15846407
26270913
43024351
544908438
38466578
43403778
119509520
34507480
53153263
115485051
