16299627
15864446
16715398
45564482
8839632
607289206
9763482
462958122
7744592
14677919
17469289
105259856
7587032
788524
14676022
2884771
3100688305
5402612
612473
1877831
19220761
14377605
295930735
587008119
38348039
119830208
2097571
742143
224610761
1222997497
244655353
2463250728
18967418
15754281
369758402
2434421515
263734243
16012783
14293310
481270015
517703317
1367531
14366386
14173315
15012486
237873737
108993692
5392522
18191927
15854702
28796289
145331696
53176629
14240875
10069612
277774061
87799109
14695985
30636371
8979422
31801993
14495726
66754934
74508260
25017309
1155335864
22975495
577505809
35931228
14246001
3108351
510322527
267310656
301757072
5741722
23321799
491302905
361882895
23947000
24520800
76771090
1639241593
83439193
21633721
989446776
25792589
23775162
242944499
329030876
1684053667
3438358100
2467791
85620101
2733308449
399127479
16164289
153895356
70412849
61675820
42562589
21212087
19950069
22970129
112754257
20071361
20271080
34731150
3078326997
122717561
123420086
108843211
2842744030
50437613
1328365934
2385620298
123170115
2854037512
39921231
358891518
14719662
286345557
44510295
123726891
1160569932
2364636590
50325797
34310801
14529929
108617810
343558521
71294756
227837742
59127139
18622869
1712765988
56699946
15224867
18963990
115039684
14511951
2836421
20479813
180010964
317843853
15062527
123653013
21021385
19697415
316389142
16303106
158414847
757303975
7334402
428333
759251
807095
29442313
216776631
30313925
1536791610
1202054503
3239346701
16129920
48802204
193717995
69193833
4207961
1493558946
44134773
18917882
1670763313
318176817
104633206
2248953168
142475902
69962847
67105753
338994478
39252063
20447674
760498244
148098088
808120406
50559278
260869833
2185452841
705929665
407039290
28785486
9300262
2293097760
75069067
1093090866
1330457336
970207298
15007149
51241574
302062458
313667264
27333712
168691937
602277103
414205746
472361529
281652273
61615544
3120700223
576341653
14622803
425135764
44459775
54686639
152338443
22000141
760698116
270717589
945699253
2541597056
159512271
37974496
1339835893
60683908
1691237754
2252766184
2421036397
40302336
18696134
592398002
3006381705
455000950
2985763358
355143720
31225470
10430722
15394528
41643794
2916941422
24574149
813286
26865617
142404306
66562891
64489946
47049870
208212331
270423132
76949312
634700674
233756520
19395925
44372248
2242623781
770179428
721389576
78033328
48114476
920149104
2266517269
946866715
1209694189
50405341
2269654426
246876217
80632717
874393980
451727924
783214
63796828
1272654277
18736458
2602065091
346305255
578261138
2563529892
20634306
122095830
267330455
628649366
259117238
2316015372
64421425
20524105
465701566
254707752
17224477
18695134
150484583
59541578
87989066
423853324
48568150
41880322
63003432
50399834
49134370
160925676
8011072
21012092
314019215
1513733401
2279818188
2484509754
159205133
384381805
766071565
27675227
153047235
479843758
81632144
1283603995
1534278138
41481020
347599287
63240797
119199684
14909815
63619227
37052815
341811281
74773564
242939330
259800864
29407288
252695467
193325576
229229345
19561082
37557615
17498747
39520162
15248150
14179819
22056761
60987879
11886142
234823795
15808765
105184458
1705556180
188472073
47139367
84132603
365063147
128887496
1061822437
2319121201
1400708448
514557770
834084241
289998906
506377993
473128664
21092528
100115449
91826372
76035270
52077282
69568896
23111763
121219311
23365981
25728028
125732435
56019911
234603857
515600268
127544605
703192591
916935650
126669210
34677788
121516876
1473761198
2283920023
159124223
19776513
26053563
339013215
158488631
479881819
317309166
335886118
248234228
221224724
146980282
82900695
102133945
262474397
1135373598
1132179139
564866637
52596035
600336338
305716812
277162289
1126948525
42641622
90278451
122490839
196370955
11877492
35778956
22157996
853098144
2237901516
1602277970
1543501346
458974811
15391997
17859888
19615832
106252738
312385497
273598262
22160119
202231820
15898439
369866376
33518874
30148694
15650946
247400616
17686146
120188379
382232271
412712649
118751047
58463169
59020790
59199114
14727040
21011811
94262891
57673909
