44196397
14677919
25101996
46002396
168541923
28628850
15669672
2417586104
78523300
3054070918
369710479
17995040
7702542
241964676
32765534
2279339120
63045467
154037469
16302242
55272763
51263592
26257166
890891
488011724
209233393
19212622
790136510
71023061
57100687
1444684106
17985520
33750798
21829541
18916432
15745368
17879692
113047940
118756393
41980930
396577487
1061228834
474464413
1500129642
10774652
101621506
205764226
1367531
27744185
16745015
2935098942
22703645
15450996
10168082
306582939
73402979
186236551
457984599
18360370
17454769
22047070
166372443
406488502
263758909
41634520
24713903
21401160
874824792
50325797
15976697
501232598
35885913
110445334
88784440
237403203
533202997
25073877
1187135569
1109907463
17800215
1180379185
558023238
91882544
27644322
3041963887
9300262
10047382
126798479
6539592
1447123200
1444693544
1444717874
1444685521
250831586
38495835
1447144844
41120559
1423298966
24549794
19722699
5988062
19515424
51963195
20733972
85794542
19017675
32453930
14669951
15051356
196168350
342887079
247723476
172814577
135654379
46832792
16469934
120943272
166270127
23083404
26020351
29941223
247149169
2557521
50055701
