147968837
222509228
95220493
16590240
16595626
42368820
17396566
16149262
2879829227
2292488509
832127047
71016845
323998361
1545958129
22035674
16908562
33787936
14293310
1947301
14677919
16955991
5392522
35773039
15164565
116994659
15143478
172793546
395192468
48946932
36947388
18173624
204137620
318941769
70722719
809887021
35364351
15687962
74169715
538640772
545450214
1284310603
24496251
159311024
343694145
183133891
1244325504
43192807
2282671736
349300271
342328462
160941691
374092185
180933199
43395943
147720478
229219088
15825547
611823
219508242
44637480
25185308
42434332
145774770
364994506
21904217
203162990
23560015
14497313
20255162
15291335
14840869
779581020
323984647
20727819
446660868
91181264
2342124630
2196295284
393800219
16093999
2471153314
278433367
294149214
74817489
776433895
247139125
37979530
842873408
39290058
226790871
346764370
986828084
135499446
820542338
3318148072
3291822409
33447743
148538241
353952064
256662412
20196258
907309218
3331457680
1063146164
1480251510
227390518
44312605
787867898
20560294
156778498
127237662
66382030
51741655
92855579
69042605
1853188212
323976919
466938085
155457062
2581540847
2784992396
2752760112
1264837512
161808218
1380582673
281112889
93534621
174443391
606657005
634733055
1932252774
19844693
1216071709
1058707536
2771212588
42753508
244508158
2097571
232356777
429164277
906371593
2558765685
1599256826
80483216
390454505
11348282
1117317140
280701704
24867870
150073503
40368195
68507139
159248791
156772006
3459051
137908875
126832572
7159242
83701680
22488241
163356021
34901394
233522991
458755731
2350749534
2413029735
1626545264
338596872
146698320
348646881
152116585
415694676
192047656
286668004
69387481
149389777
220472381
366341676
375370873
150286052
986932434
495001592
27909036
38871237
87808186
95715393
55033131
104974333
254274083
28641033
77694285
165569246
146985042
33905807
69396376
305085584
492399548
274119641
192990536
497511506
227317182
18079284
105715305
14361155
17463923
234443392
38373082
38146999
27678749
20596281
17137628
69231187
39511166
27830610
807095
14159148
20329672
20646711
14499829
14055301
33933259
40877412
522769787
148763907
142454580
1915436238
166739404
159442367
558504312
199999865
56773228
109303622
262454289
126204564
1413418352
105567077
27538577
383840737
124942046
847584114
64419705
102206775
21219827
33597201
130991061
26327418
326844683
72536989
45580261
46389700
38227815
29756339
56783491
104288093
104249727
52551600
73992972
200913899
23375688
15317822
141666777
91390383
154533442
17268359
21332066
300340291
10228272
362608091
86096496
15572919
339936442
103167687
174243123
33884545
47288005
