4519121
2884545496
180871553
18510860
47285504
23176276
2776484989
137355125
1136027670
28616046
21252637
45905648
2964597581
2796910988
4799341
1613274716
243905905
19580890
3007997607
20783
2271897254
14677919
178711992
42035272
111724836
35867686
34063500
16594832
861408991
148838434
101797894
563281155
113897988
77926504
40252336
23975060
11178902
71256932
14230524
3381286251
3169440067
37000209
2513784296
49874467
16305330
43993280
372650333
4011498334
87410067
51265603
22021978
95431448
297100174
31080039
78194111
130922325
58529612
31271020
26053643
21148293
50004938
14801539
124003770
217530555
17374906
45979119
347950601
587593372
18463380
29268287
19678937
40280830
243149588
23176153
124631720
74501824
63172203
12803352
85497687
283673240
19721040
145251473
260839822
21440766
16573745
3554721
3393521
12101862
13192972
200710515
3040071559
1339835893
46335511
56223278
155620016
22685200
50401467
25300308
145314369
28074588
20104965
516570220
1220420276
17672825
43194755
21043499
93982307
1732077906
14763734
80467432
31507102
22657153
86613184
281766200
41392686
76777454
103839698
6480732
62016014
121597316
45493588
2445809510
19841380
11348282
610388842
180560224
44381332
189560216
2478891246
2984761706
1102732723
2893220372
1524213558
167176512
386361204
3020728581
289456743
65289126
409055353
12418482
1903643720
3064096180
607946179
2372582526
16153562
14700316
39489799
49019906
21163925
33936387
24209476
191709575
224450775
225096034
1205974434
1537931340
19443411
123071061
1959182178
1717633514
2843680072
502474118
2867981941
784845446
788254266
1176902611
74379445
612749424
200607519
303806325
166270127
141255579
23578176
95610041
16786977
45681041
13700542
2476086391
236786367
24300583
18691248
3239361182
3221787488
1260674960
18082374
384031846
1209309782
25879140
2201430492
2232649193
248288535
300535647
16818600
26130127
46233559
1658251976
80119321
114543625
330791427
97632072
59852127
43421130
562381032
3180956851
566910857
23859156
2998586423
103190146
1343066942
716278264
1412804414
1881005028
2276563854
432590260
3098478638
844590577
2310336283
2470054514
1158270956
21310585
2286864444
54995255
1489703012
2149185860
349343654
10373972
1270241868
23788789
23450071
117589899
954179018
2461460389
74000586
2885704484
313635050
136505371
2953942737
548845715
3105805490
25443650
19952303
27864735
17518588
2896235356
579586847
15819632
210567999
18009089
35595347
156557697
2839916245
1413329516
2964284858
91919470
614547470
52820773
55957781
35053187
495281100
602087984
216030263
397703316
2741297358
498301135
2460082981
2977574417
3007115214
18655891
1889301
15341709
62733743
22239212
2979857754
2975624711
2412032018
2936033549
2970941356
2534353308
342956443
18787696
285558055
