45564482
39922782
434545375
14677919
35773039
27272003
322443554
1638953114
67436849
28451542
7212562
3415505473
425974530
6613972
37823344
120943272
212555890
3217172362
486131583
14857413
2780082421
67673600
17451031
23897943
2309363172
123417995
70202449
365644014
103550181
167155452
2837996969
3329764198
3345774585
818238024
3204608883
3017582348
569444057
50551260
3325945276
318220885
2205539893
1333050205
44154376
331271176
19008998
348267204
531570546
393080313
91478624
2999826306
3325706818
325655146
7313362
2316050612
1198408980
2281112444
81980396
1468999369
3027137770
155969136
275873671
19039713
422086302
242268369
3169614193
28665877
27112063
56391891
320806771
89690502
12480582
14896557
29186233
8653412
30205586
14075928
176566242
70292831
14954548
342782636
344254688
16252784
131948686
17424053
26259480
107795399
382747551
386320362
14957318
23561980
22411875
278917206
467131903
70787656
323344952
1542533869
451142847
362874861
96464606
53145650
20634088
38852477
579462622
1019043228
983715788
232679352
956933977
26130423
74028512
319353187
499109506
341342685
3011396778
14293310
15446126
16194018
51241574
159143990
441951136
14173315
18805483
26577824
28896216
7744592
565020076
533400507
912566934
1965906602
1656732474
2475906872
459809503
553121020
291490841
2915069660
26604704
216387646
329274566
27698202
2423878488
512613427
881535422
180944115
857276616
879031232
95498466
20938218
24725032
416443153
484031640
3291841
109699216
408733262
347644101
572215271
2797084362
123269736
561322592
487020892
262817348
222264418
43192807
20108560
502590847
81211025
158869299
552072625
59949396
46516468
44179901
35751496
186122016
15485999
1007291294
246039622
251871321
41509142
16403943
181273840
14692117
14357895
20626525
123254705
17351972
415859364
34369690
10228272
20998647
14583608
8216772
14497313
312851524
494708723
21904217
15635604
26585095
18086960
488099648
16537989
23990483
21701757
17446621
23560015
203162990
15291335
20255162
404546378
621553404
635562209
242051073
478030832
840725918
93993467
180188862
226257592
297691933
183352603
2307514934
47218790
23083404
250271653
32652030
759251
9637692
9637452
43408626
55307193
36362259
2973130250
382271636
231175831
36961631
371539066
41651800
19362299
890891
19426551
80094297
428333
26257166
265062844
148912664
15485441
268133312
59774122
237549687
244404296
224810036
122488117
1880281963
282612351
184795298
116904515
68791040
2557521
807095
44060695
57483040
18734310
51263592
