48354754
373416209
1536791610
355234567
2557557920
3439510042
40887422
32774495
619468301
18393773
498328279
9207632
14287094
584198802
15306005
106637099
427926964
15985960
25635035
119625403
20651511
201769139
5736632
95518830
44235372
199888646
16076032
21126842
14677919
16191902
40252336
76735483
11178902
71256932
24216951
45564482
23975060
1023368514
90573676
93361828
1155834775
25527966
106111147
124568583
12096202
78400475
23480093
79797834
109275829
28976901
30345764
35463810
18681934
12245632
1264592712
10933732
2869531
19826509
59815702
437235053
1449022357
46644099
19714682
3977430613
46374231
708996296
287333780
158610808
2883457199
293065451
3509579903
1931485788
382911784
265729353
112200479
38120347
36120241
22721571
717363
29774570
41655821
45199733
2305002626
2508486307
2718801130
53501320
2688829219
113844901
1122676346
576924855
3283356500
2571497574
2707618789
2712431378
1166468910
3311371247
20727831
275123010
1891789819
156052545
1544061594
41408789
602317143
500704345
308779730
16038404
137220013
201893825
575018185
51301802
265099639
371794405
717294948
372829839
469721810
119228644
2903979971
15747330
32423136
23641580
2925933976
598087479
42834057
276264313
18266512
937485396
2321069795
2465572855
70767623
24763382
193157236
44893186
1604931252
2912990047
225941523
273566528
18771458
25179560
1273559780
301157824
20174852
52758588
22272550
80845451
54062916
2221894836
32775800
202869177
970207298
17539613
501121980
47793686
104969057
1104681487
469943964
16588170
2845225981
2293332128
7235452
36292086
204898837
933342822
17375347
17468330
787500468
97228421
20043369
382187010
1120584673
1408048591
67239339
25469342
18046866
7123622
2912008875
1931329495
101385149
16955991
1947301
16314021
97158120
110023569
18587457
30000912
22986148
618225452
2509504696
240121317
237548529
56768257
2517988075
15649438
583511764
6974622
1410252524
15992103
84061900
298156527
2548517287
1320534535
48358368
210684204
204832963
2480696168
2454128154
460840718
395390860
2386260822
69076086
624017927
18396070
15590584
77056904
1113167976
466181694
44893691
90420314
14211932
23533987
21526685
15074692
1109339173
458823835
15469000
201776644
1072705148
175285727
15487454
29496847
153815193
54560935
26913937
77945923
19548915
764657028
57470324
2423113195
29524628
2216883288
163599910
557690411
25767827
19372483
111809471
17786104
231743161
59553532
320849759
208747177
17521340
17369005
261019288
15153843
1880576556
142930078
449433373
199838482
15308936
840719917
455409480
1093487052
16363288
83444651
33824151
36717405
898854660
134849087
21134925
912837726
188230722
922223671
21348853
249792059
19697415
35934858
102510292
473035667
554655694
535996331
26575399
334321077
219716992
40270176
31353077
26202686
35206553
22151193
15245653
321003525
14157557
262319645
15447034
21416977
10807392
208119069
165858489
35773039
351016443
17415084
190491487
15439395
441209072
16652685
497182604
390332796
7115872
15293080
280838399
17939037
45947864
360447775
15208596
376604577
348436877
13883542
272223188
66438752
454589262
479711220
15759642
88350978
47380227
15824454
57279303
413263375
100399710
411890230
65180410
74650460
85456472
150461658
213904265
13966982
44937737
89524948
