28611240
206378573
3235500691
22799750
55117855
6974622
5120691
14273050
14293310
5988062
16129920
15786941
292565770
5715752
49337301
264094663
235164505
187853842
23922814
2467791
21982720
264095328
246951929
5734902
19015813
742143
28785486
15224867
119771348
87818409
114508061
25067168
14677919
1675457936
196324339
17990173
279390084
294795352
8350912
164713706
62747302
847396122
166739404
2196510966
92372285
86141342
25333609
51241574
1339835893
759251
1272734971
31904265
72520597
71016845
4062429382
2978777116
886592450
2400278119
179657772
1007905507
80699851
179148618
114447718
252663106
56443153
3397162683
19933480
3154247165
283622695
287750109
3176013669
123179981
1175303935
3129965749
131820137
1076155290
3666470234
1342828338
982889917
620261445
19233967
16194080
2226694310
738878377
3676407509
1476149550
2178503108
1539866125
568217545
42992292
911062436
1376884580
3807827416
357584312
1346924263
474445136
409270645
2791716675
1209449395
263659984
2963923095
762663312
239559068
39472736
129883416
29185467
1710806232
2491504009
1690299637
23818581
7867072
37338814
1657334713
479444756
155626695
82705439
543337172
23741531
14584151
2788036765
3387568833
1924076820
193451483
25516654
52724882
2570832156
19054622
2557521
19362299
365644014
1562598662
169456405
13298072
2471614340
363323940
3413342523
2945487219
1524575930
145012739
3652768576
3606858137
305295460
240293642
103235552
3298159253
387824765
2778345072
3070302016
2801970971
50328089
292960485
3225204274
2485499798
15479239
17230018
544071662
70725281
3241628945
871686942
2678002866
31440884
482041380
1259610889
1870965888
21807107
196527629
35270264
3231649537
128041756
22545378
78272138
847047973
284944250
133448051
292071258
2895697823
2881288049
3334464262
635481378
1371658843
2827047052
2842151548
199877796
133880286
3315251183
1586957034
412577891
36184220
59460397
14786217
17471979
29221344
114194502
3011928562
3092551245
19468364
8720562
2425268731
56038149
50393960
813286
3179692945
1465247803
15279429
3303293865
3153411959
309978842
3233609249
3241356269
306406461
196215331
1497949304
3237000713
90399408
2192105826
17882897
1668196742
17365179
3033775655
1665580856
16029780
63655447
2659429027
16222584
178320321
1068440090
32916515
1511348802
3056601383
16908562
28609947
134555743
9890492
310463188
367544037
2443722542
2673224452
3077763244
226890990
3092718394
2797522244
2563142699
265122237
227268862
1156540609
2447158303
2898662146
127839157
247378651
202985146
42665683
2669566807
2338877012
26995562
2889147727
75742264
14922225
20106852
57795767
17842366
34743251
16536844
15460048
70202449
167155452
23508439
123417995
16672159
19426551
520227553
84015414
23600761
126628622
1152279248
82290916
855208886
14511951
14140057
23183042
39335597
560567692
14169092
16945578
43403778
55516787
321517519
54948688
29206353
38704191
2341675465
17939037
15473958
33323849
69075166
21436960
17248121
214821759
15234407
164263382
16153562
14700316
69231187
14159148
20596281
260928758
18713552
24457744
22819917
17463923
3554721
38146999
17220934
17596622
45577446
67059584
13201312
2097571
69181624
11348282
200553940
183022206
86180513
21754399
