14677919
17889970
346131635
3255115558
2246534570
15341467
3306121397
2281716301
2718629425
856883462
324623939
730446253
3517343955
775049042
3496449021
3429787605
164850083
301644589
64927562
3540642017
1710025694
2600642654
2281956015
3318673700
477143828
67018545
319905400
474455466
2910219106
2745293420
3519156015
168269870
265078453
15358348
17471979
1576374752
330496178
180141436
1395776744
338043858
92658579
483952064
399392945
252778010
1720693362
563224502
324104893
175447315
380904547
956112866
411099989
410519606
2439269684
228960771
103723609
2177062237
422177019
1660483453
1371155870
1109697259
245957319
45752361
423820035
2390155572
15419651
868758776
1406827580
3015549076
2834334056
2495058074
2283137292
2387678520
348661031
1327298198
2274175830
2268480139
2636559993
577157920
1152509238
924280914
516550488
23020083
2321041372
166739404
596900509
1699792122
18263820
1339835893
472416294
750557377
2209694617
942672182
637202933
36223173
366393899
460737251
617572446
2598128222
287279398
2309096244
31546285
14075928
5402612
15492359
2467791
375996674
