68249275
18641976
15600350
70420987
181561712
84279963
19058681
8161232
53153263
989
16409683
21774892
21111883
14075928
2994746107
20565284
24852465
15820664
17471979
166739404
783214
31080039
5763262
24886570
5392522
23617610
22940219
14920785
259379883
32765534
158314798
1339835893
85603854
11348282
28201743
16190898
18228898
36008570
23375688
1000591
14677919
2182641
268439864
15439395
56783491
116362700
2818684374
2938059402
79797834
2467791
759251
169686021
20322929
492399548
35094637
92367751
60642052
157140968
338084918
15492359
972651
5402612
413487212
16017475
562381032
742143
73992972
1605
19725644
355307031
2529971
27778893
19923144
10228272
236699098
238319766
14130366
87818409
14293310
35936474
95023423
18091904
13334762
14824849
51241574
44409004
17093617
30973
1081
326359913
50393960
19927627
1434251
15485441
24742040
807095
427475002
109702885
300392950
136361303
49061402
5988062
293850289
1652541
10671602
586198217
3108351
23544596
90420314
23083404
19397785
14230524
1367531
15693493
43192807
30278532
30704824
6480682
28164096
17461978
26257166
16228398
91478624
29730065
5162861
17919972
2896835572
21447363
26565946
28706024
209708391
15846407
