20152257
113056383
87695282
732645426
257018435
279480364
370598946
246726408
113612162
117818045
524147302
115905794
2365697941
48441539
146373976
819518059
515613968
2437167926
277630057
2378676919
22163444
338990602
627476720
2325709904
70930712
518414036
86970244
20046879
432835028
104559001
47693995
32360323
2433538328
3385963589
3394257826
88696938
966731449
831193333
125696611
3617610017
265404046
633267517
1364123112
239121663
20058182
213274909
112744382
858854640
3404605313
4185356775
870432673
2465194310
3435887592
137954083
3640781361
2918297938
3414939165
239463528
2765866118
2194091270
1174887493
30364057
1183041
235488644
1720705921
4108718956
26688109
82062932
1259235738
157443029
122679211
66930128
4519121
383672670
35584127
124707397
171497382
466541870
435734899
305814784
62053684
324890392
1595606088
57107167
36924726
29666109
522631540
372348363
61460381
2363269068
126896509
24916036
494022061
626325236
2266855529
384264069
538867994
631053736
219318746
1034589516
612388528
110758915
89168431
185580677
24030966
1954300206
948591236
17761946
171124311
370120596
2263926609
262652556
1224650384
625067059
2228350513
393440751
2518082382
3302481927
2605934023
2230834924
936502718
2976302314
1169759544
2895395327
3318604641
77344579
153133183
153738761
74170226
2385404462
2361732122
3222381226
1837377756
245361047
3246991737
104852309
2272877472
127565832
3195907941
618904066
3021511533
2978040971
3353182317
76304058
118320381
279144084
1082998496
70679409
103625781
267147317
3092354303
2226902148
216310368
74117081
3391072324
72539452
17879431
1841893106
2815425415
142684663
559390542
1845083017
251793212
448435338
390912243
37183492
245466662
23451953
221005474
3872823815
140084640
148764161
260743937
1352727108
3881755576
3747306615
570266167
3014820151
268243408
208139326
35208567
108731052
3057395759
1273205232
563847796
2980983563
216136644
23547879
504904163
407242369
87296946
944909582
161995912
29794774
245976285
233326700
2290943532
136941345
27606626
8783002
8851412
1854337812
33482338
2151811039
33708081
21339414
100564430
53391303
159484340
94154724
60624378
112603568
1647444264
288205595
362943122
160879716
859533068
24991518
67855733
40869825
395969773
195729935
1549085082
378713367
906884923
23051157
393220107
44127169
2515494476
576265967
65910646
415703761
164279598
112696327
20848844
461188484
3200241
23176201
20839675
1431529272
48672881
277434530
1545606132
9207632
2932542566
56839938
3088766849
603510500
133469654
52854513
23975060
23484629
28886982
622213942
20440441
119173790
17628900
183142743
14884180
14954548
19286113
443623181
481289256
760303
308386840
17490625
14357895
38764254
42622744
18517363
757197
14677919
35270579
21663585
199382915
3094694027
193449207
2621215160
87205530
59830916
577287075
2911044232
65045121
270364958
2358383376
102647672
16687059
22906929
31779300
16672510
806133
114855474
65335849
31892440
17780880
150614311
31134561
108390812
253955084
2772679037
2182566481
425227965
1588106346
101799727
1426864291
27247536
3165129662
2463681456
1878837283
382188819
179015691
261268410
112683666
22633452
911413417
704011182
506486097
213375277
1452666666
134405644
522363088
2712215244
1451684450
1142816695
49064935
625848735
2725370412
3140024670
2361224772
60076847
305622513
258738779
23354425
3181098465
2230543938
873424124
3030270891
2378619835
3331372030
972582835
15171124
127839431
31080039
37868953
112897540
269801098
122014550
244634931
20430538
3030626109
2232937795
322638430
390137928
351873582
252251225
430688062
632876180
2964303154
2983295300
25347088
2693901968
16709616
432898944
3295355195
76966092
3673093516
23483816
744017772
16681111
580294951
3241128667
3305886803
193682371
31415130
90368802
3021359721
74892525
3417796487
103354158
113130223
15383636
142986812
22144307
22702254
20242942
197396221
57008344
15736190
22757931
163157976
56400776
86038211
108413885
169182585
37914450
182797333
72546811
75522121
19755821
210427701
205669841
123255600
20437662
171457878
223589676
211092044
44890402
23742474
21050023
80047598
60608011
105174906
46160567
69328293
368376838
484691870
276895273
93655345
67343639
96779362
49119570
1710442578
522193125
218262045
306492031
2363789418
186888889
60849989
39748627
18517404
42606739
20227809
19863796
14509657
14866332
219244701
79295553
17185109
119332679
244070551
156952145
185328659
264110131
597640888
329041818
9313022
45518586
35813423
20228975
366517393
394686596
1410685975
929736240
622890723
18551569
25164503
84909739
27213584
224568863
443655437
634477572
145717740
2299993220
338250206
2342049092
14123751
15019821
157996395
23754304
242621001
250569510
2283580668
1159839288
109832523
117233379
1135406120
106410881
28310039
263617339
46402156
17704454
193764218
193852308
28865941
379028963
76385990
16630817
819141661
967602306
897381978
1979076512
2178837264
16292184
622029465
622138317
2918360242
584923883
50258431
56086750
17684568
1089814351
17515694
26988024
132257196
3030449350
178270189
42910676
807095
93270751
2175759955
50246390
210854776
2996575347
36931688
103137370
422740595
524168911
2577147468
960530466
143415291
501882433
112705336
395999244
218447527
14511951
142667375
36889519
584951272
91478624
2735591
19407053
16896485
15492359
20527466
27033505
26719898
117463017
20445725
89454096
1687005097
3386902813
54179932
409381435
170404126
2207348437
1617729698
166150585
44881637
21473619
68651175
325527417
167459846
20094535
194353656
262161503
857061798
967596614
338497977
201718706
588293496
22920739
109369710
106124157
287756057
263608353
140394222
30626664
84567586
32365832
14266714
206188508
34314293
219641619
29719799
15481990
50630051
172377210
33882996
166549324
43671851
72623748
15439395
20015311
104874541
405141974
385703295
87284481
398048562
14732889
141189514
351536647
91620452
25996780
234311632
42852067
142610662
21308648
61993934
47657058
15131310
13201312
41820724
147911045
43885174
159110938
137284753
151977454
102628637
65422911
28381314
63163393
97240906
27272082
18271920
141192296
119221205
80114175
165448700
87921475
44089820
20186848
87431232
237347955
204728139
45309257
127551650
127565294
267385659
370564226
925853341
245415752
134538090
125657682
135827802
871878998
481407542
399324933
119887626
92276931
869570923
101743319
619882015
18537207
120928549
22173772
318361927
349052601
25260970
442699748
198459251
16711360
210853950
160949670
29961079
97441385
1356476934
1073985649
472958484
575251425
16933490
65602782
1208527076
284947162
177138043
2231484931
245068764
702884558
899902489
278554077
1655265133
311101830
116840439
2332552814
34874515
128565759
2164730491
109264588
2310024266
267844083
1394273588
1339830655
574517051
2459324274
34236699
459518585
237699770
1626792462
450631625
59549659
555510060
732282516
2557223940
35310083
1577654450
1130836970
296207312
8683242
152524421
2848303163
849221395
399329858
59086723
206772842
7111412
120120984
2308494302
61754612
2799558151
381984194
19936673
564686965
122431641
56100785
884366328
20799484
1079472224
152610820
255695311
15003253
24572862
374165671
243631663
26225471
20640328
67279342
407261372
21271500
8653412
30205586
22967319
27154035
5894902
14692117
12480582
7087112
19202700
25485248
20758087
91086769
109535552
853363214
399301225
735312792
119744037
425161155
136220740
14834083
41123643
164231946
2834877335
45311748
710701028
255379950
23757495
3417774293
384505075
79985584
171127550
47707320
717854504
1246396657
51070060
133773051
20997251
887505943
30848722
135245978
188706617
186414470
327396708
73902280
312599515
208533679
3404205231
274996342
471960344
212948899
33359342
3326650548
2920270323
105264392
2667793842
49150027
15944235
16468227
19230968
36458541
412648339
3143618243
14168998
85370191
175425799
69255191
81947660
20478482
151887411
236754482
171904428
86580024
236915430
150619760
322748504
3236309868
510466245
26986497
554994182
771544352
1264343683
92121489
178040042
31447276
38847083
240705170
712603802
745289420
510966730
271497001
171070404
250162485
16161391
293506780
2979619485
1430178156
215627562
20224477
159595253
67283111
57293643
119365000
44106931
20769462
81830986
21503581
22139804
441691873
216408167
78933122
23570394
77507473
51386631
119428023
41995161
2219848278
19719076
104771851
379255827
20526182
236892747
26758197
380904586
5111771
187572312
98630714
20621424
3091657133
56632332
430809073
1299779982
19815307
483935154
123692353
154193787
17681198
141158722
2862311133
48008249
19617993
176809179
97643046
1523831630
23054352
47483179
22755871
17197035
40061400
3089299829
97477339
242802084
1269955802
1122284102
1425295999
202230373
1723662264
43108991
62009956
20935697
367631196
411658174
28101292
171419456
397583706
297347294
260678650
256563011
19705270
236806635
200068383
20774566
1765921
19045458
85669999
22386817
1461922368
108579219
110408239
17777792
539039939
30892733
1495962200
1412264912
183280731
53091096
210825541
118490583
20988841
2252252300
28977512
219646572
39807414
15135958
61760190
19103912
52756293
90969866
17782234
10900412
19915791
14447059
8223872
370784565
19619047
17623957
64023985
513298480
23411275
1650368761
18731426
137449806
153443823
21298320
16631172
17896874
30834721
41337901
14670510
21661279
38833642
20685061
18911511
44145483
2916305152
56706095
55783605
13909352
182374201
89571166
28543782
3290730638
7614292
1207421540
16517711
8526432
545363950
21307141
39468535
33493
19910385
1242429835
2789973487
67727050
349071237
589985414
2517107492
22775627
71010387
17429019
43865162
18841950
227455120
544395285
14347861
589926504
80652657
143481519
15748390
387562192
17057271
72520597
12804422
19066345
15057943
20640037
16805639
594605765
18807671
5225991
87818409
22009731
33546465
21866939
33875003
1652541
137645230
19412366
15589815
18980276
25311070
59742254
35749264
612473
20622594
1440641
20155652
