376372424
2884771
14677919
28785486
14173315
1648601646
40542150
14700316
18992997
183005373
21212604
14647570
87818409
3001795715
17897698
60597469
30313925
14293310
25589776
12369372
14286496
21405070
36490075
51241574
50374439
43425975
34713362
2467791
5988062
1652541
23818581
7313362
16664681
8936082
6433472
61566076
877006178
201306617
36465468
37710752
59486068
32359921
397651933
19777398
15485441
3108351
50372842
186154646
23655688
237548529
807095
742143
50393960
813286
7401202
14260960
17881732
44412106
