20861238
2172946147
174340908
3850731252
2376783895
1657955172
19064900
260474304
7171192
2458008015
2879789728
898058054
3421612679
607675243
3588544335
4040524323
493231315
2704581690
3235682585
1541602410
1561529839
432000357
4190439389
305556602
3193457694
3222141231
3375407499
2545518580
1055770154
369705071
2451449478
2835396615
132155424
228203939
209193517
3037689638
1251115818
1354471322
1180177572
260271108
344089379
3356052532
3346896641
3435747159
55201783
40668957
541894173
350377480
512287398
19859318
1098738577
3111070213
374752807
43659743
84839696
3844127969
2992620788
3284537496
3138525750
2873153682
123392640
21410672
2345754320
21953218
3191421627
3399417612
2458357332
604709264
3927612718
287170217
625099933
846307002
311508165
2264139201
166248847
822050125
75010087
3327332791
2704548373
2789773181
4164060078
182467323
391347755
1970971854
2879513585
2527913220
1084076496
3320976388
3357277319
3003686526
106074063
168838692
3817303936
2535695449
3656844015
315343865
2646227492
322490335
3373078625
4069509573
2892465029
2300497376
145327264
1325087089
144501148
3316019335
253582843
2828043572
542000489
81209812
346827139
2979962656
3603180143
612336887
287837627
431059311
1356142796
546131219
3595459161
976988131
497554467
438133606
2673745926
249734277
1853973020
2613143381
2825554535
2832774121
212145230
1073822227
2882628873
89807898
1634284782
90804267
16009000
3342323471
119091322
915569102
3288088460
2279320206
87235846
1147318100
3860571022
3146730368
3161207813
2510887129
139043091
33167243
2344885235
522321139
968291256
24210409
21705678
171119403
555499471
2893524202
235486731
385305988
29726280
3246606453
1433583510
3366032615
78830113
264745782
2376543084
4066771272
3336698031
952858728
2746475954
2873797336
395655839
481310020
445940499
2849679863
776230308
2955511472
3395739045
249033962
372309362
849143508
3056050991
2936292323
3101944003
329730798
2935416502
3303934822
3597397517
635889474
1087104902
104530585
773212
535977623
2476034456
3098984961
2361412945
3320055653
392836991
3087094572
607731637
3153406406
1466009443
2978486463
49794620
2949863406
195270602
711271040
292903802
2614443319
2717093540
1728775675
2361136813
197727623
281702229
85902349
1529231353
3161742024
2198075035
237100848
2548753596
3133987920
3406940914
2362825110
3393734373
242059275
3130402708
1016935350
1006906118
3482616989
2715866440
14600151
2294762665
1729693909
3133994682
2788944340
15040988
486169653
186472837
1118432066
1488461034
514049259
3886562659
532876187
547396020
2413947780
21836824
2753743832
3656025581
1643909461
2219484504
3297045827
2210466629
3823830673
75314847
4012475225
335541042
69660988
26932777
45544308
2507958564
230741407
3244646871
3154188808
2543875482
29325712
3015354567
2515041779
3137592358
3425365385
277481917
86283565
2878314693
857243402
3309558868
2750799059
3759824603
564041052
2316330373
429840211
2880072033
3255233419
2258392118
2273439079
60570706
343890179
2172812246
213002917
3051447246
116412167
2164768983
30464208
86306774
2740002349
765071010
3292368563
3253866294
3410142527
372983610
2173982031
354649970
19421046
2992512774
3004847224
2221540592
18943879
11095682
48918759
164829140
85021241
15255734
141211692
49005422
33074088
170382026
104966264
2284131
29271892
1478204994
111659710
617980332
473082907
18356495
385881795
405631960
3288077396
3186921816
183808663
3265579110
4038019223
2338146570
3049675615
3269265392
1601519258
1091467494
29018406
4028389875
3293500032
4129995083
4059220393
3201812147
2862958246
3568233976
3566598196
21753328
16816972
3187988608
17881816
1549116636
2427300943
4183715055
148063723
87532189
2402207456
3352369453
3842077463
1049061396
3314667528
544695066
33110185
2653361629
401710943
126162675
2509964618
22065098
3255762150
519622450
3379959357
2290918172
1651833200
17779657
323317054
534845518
3110198079
1308455894
420612757
370282004
602704381
3434570897
71165327
151821880
113747139
3410790718
3799315528
300291972
4029836841
4162789875
319523134
580295274
3978811038
3502925835
22209201
3906329551
1395923928
2257898882
1089455347
3306090472
609414575
519539304
87403396
4148841915
2911001549
373095486
2865181139
1285768267
4065350178
4185795941
4212135553
3178257340
2779205407
2548080036
4184013614
113021607
2885575443
541940527
3240223393
182384817
36520014
3266218458
139980043
3251304772
1327639712
126104387
4152818830
390391685
3346129361
861548858
3117036951
3998320205
562094558
333975406
724508209
364279517
2263845685
3139945046
1622867965
57764100
305340941
1855569433
2447699484
1668546120
3076188114
2418279547
95459708
3151976582
1885475882
2965771970
3410195681
2417984612
117000756
3159472807
3336773267
151070271
79320096
2375220529
2277519631
80681427
3437134845
2736216297
1902631015
2262466525
3009528876
397859480
2411753232
3032397237
183660468
601155149
3022491785
2395435762
3259684076
177506241
1333998096
2172328254
468188253
4003428676
2582775053
2214984744
793926
79033767
17503180
18247541
1739068550
16930986
2478028429
14130366
274626857
2191502980
2175938484
197936737
3057955539
413929358
16669898
20571756
146134440
922847460
2366260333
1686656095
3308303294
113130846
23608164
131301010
16589206
514911204
70985635
2849117459
2253138291
937283532
104277809
995470531
2443237699
46003622
148517828
126904847
1136886481
164263382
290624437
83074433
963102006
2763590195
56027960
515838635
16844610
600226256
3980453945
15293328
2358609623
186959285
14499829
13298072
2881578404
3006647181
27860681
14086764
3459051
1969623488
153734592
19915362
17899109
85289376
11695602
33933259
15821039
976628178
734128945
27830610
526557632
349033427
105669501
1330955659
18213483
11695472
624449612
762489854
114254774
3392791115
1624329463
702442438
931424581
2803223413
716447480
17104751
760654244
2438277612
800499560
1941952140
2908298870
74594552
2431180023
14361155
754500
487118986
2870686758
61731614
1628835708
2358542254
2800249022
725503747
3025900581
507243351
586538835
1395506630
2483316368
2669488296
20596281
2287416195
825539509
2843392790
2803577797
746366562
1656186277
824823991
890615874
1870769611
424239558
1257855420
46450486
709617090
3932590882
3303273366
3903374484
2993405580
210646332
843082674
2577412818
312179523
292572218
125445499
897657960
45362530
26643623
264547626
24023562
36784309
3146598476
2541909146
1667309641
2721857545
57106134
40441103
1675277354
746507857
614219110
774465648
270585612
1631197482
215798534
2938332544
83619169
2875696323
1194165781
128914983
823805010
481379644
30904700
458307471
268951477
39259706
124822396
1730892961
390835996
181187033
472302089
2184263191
528488126
271846594
101739020
80487845
86623648
348568376
268337410
160551628
234846587
1442213802
131134603
20768712
503429184
1415956812
38745011
1090148521
14751407
1103484044
52727740
242051585
906682020
178318137
2292441383
19678705
54933389
2471398303
173222370
135120989
423955602
167759954
2198174476
16076444
93611606
62144596
32933195
718743486
22414967
183336224
3129787025
1931896628
3995034208
143984934
457019997
283272252
950190902
630951089
359376570
37773324
559791362
451336923
2815931773
28199589
2288338126
1219956540
2351674344
95234807
64472302
451197641
164320263
108680029
1093361893
2732754677
203109943
764670972
5356872
27337339
32379378
13514902
416191847
6140482
21186494
87461109
22364545
199270901
254450980
980928805
1791027596
229619935
558797310
178891953
1978574083
4072165217
281665184
2842242906
2787356183
2943191013
1968651127
2406320966
1956580274
3205304824
260855465
335386667
2978196059
1000118822
1391543010
2921618226
1057939585
1175137903
2868252550
556167586
545251418
53150234
339808945
256258370
194928147
384503881
336580974
1602967992
2179773312
147525955
3361260303
1351157556
2411168423
1552023332
15208521
1004282096
1433870030
1333093130
1478605068
436946824
548858990
1447116740
1736938315
522268704
2157965129
1710255092
437119291
249566246
288478825
244301505
384723859
2188899362
1696896229
1646589230
2217804228
244302475
432445464
2167195890
1978716475
956279262
419747644
1713047191
1858498447
2166681481
1969333009
2152959584
2273115275
926433126
2294060998
109823996
2361471708
3498235763
434379259
16399830
2305286222
17767689
2322301041
1241818382
1170528242
1355587940
1910790942
17093617
198069101
222783312
1042635932
22502952
2345566554
2294674076
2373770976
2283666324
2253631003
36662053
86118524
292559646
2382569156
1302505867
2394561936
2409147072
2411394174
2412777954
2414629206
2414867028
249291358
449922007
2384035291
2423984509
25911375
2432048792
2432254429
2432850031
2437350504
2439020720
1858278324
20501583
1730089890
2443912938
2444423004
2486622473
2416350372
2447821849
2450316871
2451874063
1427982714
2463574123
2468475836
2343638719
2342633257
2342448698
2342526422
2365765152
1676253403
2365627566
2394661644
2482052684
2482615400
2373821396
2491424888
1264567412
251333424
2499500364
2504404051
263467339
2535865386
2648931085
1469955224
2730388105
442965330
2811259421
351704053
604073410
85964484
3080833928
3183205758
1347255367
2444037482
3301155039
2923364933
3319380905
3319487194
2876761067
3044652040
2994390725
2980289159
2906404109
3251335340
2357168786
263234033
2475901628
2452872000
3321454320
2707349472
3423078874
3462809836
3449012717
772119600
88704452
3346498973
3590679869
3787426936
3620622081
2841533393
2939673256
3365793179
3448645035
3111404685
3417827151
3833950102
2705064120
1912209966
1158271994
2209056362
2245540437
2208966030
545660282
1160675580
319053631
75658948
930611610
555253324
141338773
13017862
877110236
21625308
1878739476
277112728
159146498
2188981151
2802141536
19569136
1131564300
72432928
33014441
1608220916
2149468430
53210455
809237988
3137547415
3010398018
1540649029
3343251274
3008788633
958852352
167210087
40580641
1575519014
3948476313
100304573
200209602
3964757778
25537232
446012196
20971774
19430780
1066879687
3145453651
33514869
22685200
20182089
18812301
69181624
21982720
34713362
372575989
16129920
15224867
7744592
1367531
1536791610
113047940
1330457336
1339835893
7713202
73181712
36042554
15764644
9624742
222953824
14159148
17629860
939091
30313925
144130505
21506437
336116660
44039298
30364057
25521487
18948541
15693493
14075928
15485441
19562228
15220473
17088779
16730355
86330674
17308994
36782022
49061402
29730065
43192807
59157393
86613184
83876527
17790667
62513246
17544803
54730258
19927627
1434251
14677919
427475002
17602896
1198406491
20108560
16312576
25589776
20196258
27457788
71876190
48410093
436266454
15846407
76256268
183734502
19546942
72598780
59624844
15279429
141052723
178111058
262359713
53153263
47459700
109702885
136361303
16193578
326359913
2246341620
379408088
176566242
17019152
17074714
17919972
197598287
25460615
46296304
55117855
3303293865
3353566654
26585095
31080039
28785486
23544596
6480682
586198217
484815388
783763632
2181233851
145107843
130997057
98809456
1059194370
107146095
265483421
1337785291
26589987
21254264
300392950
376352697
763203570
2385539166
2393335814
811829
387181116
34587435
709404201
256203095
1886163097
350757083
284101260
3039674375
13821902
3368113853
23385127
44261920
152574156
272790201
288653615
479806408
48512118
4090267287
1621220348
26074232
3357451444
2412318684
3159326686
1660197128
404780488
1155615906
3345775882
2590134131
3623355973
170649006
21535166
47702338
4140958347
3342290693
53944758
135248849
3402470447
19078985
3262971445
1902689868
143358236
627555173
23032086
18698911
3271730719
62404940
1177219008
3095218966
4157763982
343392937
108709377
510622147
3141644837
97487983
2978559785
27738231
218453913
2762897193
3998939241
2776148555
3936313702
115524923
2903191904
17803803
2363447930
2979589510
11747852
2884629576
2521123999
2584044030
14159648
3095645950
271851224
143701244
29165172
76966092
3001472331
1388445793
56366622
873265734
123100631
80964276
3061761245
2752921350
41372934
603973282
8415132
16697982
19398028
2475586513
3310518767
14937973
344810828
105846028
16264803
1170059376
3685772896
3088779178
2647097862
2915889460
59345773
2804393932
7506512
291545766
36954785
3163202456
1137367399
2826441116
15658574
18245946
56101615
625897527
19451792
3130773435
2985860831
121482061
7681652
34105349
26000795
388151141
21432533
169827231
609848749
2252069544
11399812
56938863
4102923018
25646283
150931151
15931491
459134282
3371219473
2880851995
4116929117
14923422
142093641
2161925816
308631749
28365960
3211191921
133715507
3522022942
1946373320
3320661211
3293446195
329743795
41376035
1891824506
14120481
4018832830
3365641634
62502095
2827778084
998689735
1177089968
1591687903
4103820970
2738183665
1451563735
520714982
161377690
278131015
1049907409
2273404677
2401007359
2219428981
3295550764
138494599
155991103
3131717321
342319866
297724768
157364681
15444539
470123495
1375130095
1172847529
160843169
164230683
20789134
3808850533
634721350
1602985406
1525120633
427614487
3141227876
2360796031
17006752
3439148831
14141708
305622513
3242747181
122181800
2401286540
315512503
23624132
544040579
979346539
637080273
525714197
2301866352
2802508970
3004100866
1953177924
3676729455
3342694623
376073243
270453961
3094687670
1965247885
227050193
174342634
232591949
2843901666
3294392390
3863835448
3095204356
39487415
4086181157
1548363486
56378022
193167461
37681605
949921830
2435165844
2285543003
2196092574
376090915
3300250656
2858241258
3307354323
2421072613
2514914118
3234153566
3328267959
3845599283
1128435398
3759308532
4032662536
3540782772
380245624
516376278
66084752
2834984159
4105061903
225349459
477038952
219114054
75067046
3403075629
3266555330
341951269
2422595940
3018648652
36973702
3098305482
3769360295
2739287089
3289574020
2313792655
350120173
1049807136
2745676826
3356558812
2379073243
3076268479
3109036356
2379366141
47344544
2815999666
2318083470
1349826306
3357634623
3068711500
103760901
3240296338
461707113
2914687240
2841779370
3220280982
525588088
2363663129
15088016
2929705030
1286841799
3670156949
884344364
298168029
2961948949
200298671
2706943309
2247518233
2342049092
364607775
18628952
195743984
3645831503
67786722
3176010231
456715228
3235294408
467518371
2958588763
400810784
3979505362
3259559077
460516606
1650368761
2670391927
37599351
151878608
3165027698
43570256
2775517746
403636692
2991943328
2782022756
389600134
27489519
827787415
212303724
4143285795
1077685212
3246251654
3247230710
2161554338
2998633737
3340758027
196898438
2899543582
2191938626
2805950128
3207467847
1020760602
2470550720
82206964
2435840646
3433038171
24217207
2968550993
1283712589
2981578257
2605747634
3372369827
3392525013
2445394375
2188026709
447173232
112679644
1143836810
437427746
3716943861
1041912878
2880317137
54751126
19377069
3385715577
2996453018
3431231157
85497331
1186308073
2240775958
1063501592
1933042237
2474514584
3240153677
97073640
2963174837
601119617
2498074087
4164995472
300242761
3370524819
905807294
4194818413
2182214834
769810580
3305807902
394177602
31525143
9078772
2496962197
73986605
3184952836
313619301
2921437154
3308420950
2759157810
994244497
16334724
275441415
2374421510
2565853363
1469761489
417714177
2173635047
3158798271
2790335155
3131369885
3139699688
884476928
3039582472
130998566
180344386
4155685161
194977473
740954192
3216502097
3290569462
1884529722
2572844671
2351618492
15486271
2781065025
1441410991
294784306
14588785
28629610
1967291292
38658962
376503230
2653445508
3010482483
3385036672
3107249223
43003869
2505782126
14747725
767601
2880746019
2459371
219859001
783214
32468665
432971072
507309896
123323498
12381352
27530178
10230812
14749606
668863
9505092
16891384
75079616
11132462
14761655
14246143
13837292
16665197
2806320374
243080822
8526432
3116191
1305940272
14372143
2899580061
3022507259
23939720
918450206
2785316379
2972744345
360831528
68720435
14561327
5676102
1463467434
290549888
106086334
14904098
16492352
18022416
14521411
818154415
3012019055
15948437
734903
3478251857
5637652
16468446
3321595734
752673
70345946
3371014654
646533
2915357299
2677919433
656673
2426422297
710814542
14112756
1566463268
2284373733
34163
2266580234
2455687344
13811562
1202090827
2600654666
7738402
588938505
2314679269
13212522
35432643
616569301
18638800
1671811
827976073
10649642
12806822
553876689
41724295
6490602
583403878
20091908
6798592
598437738
112551208
140108433
327170732
21364678
389153
231264467
16658515
15335058
65232437
83196526
7295102
338817254
348694426
135365574
370380121
2425417938
2749195232
441337894
3251244555
13889622
2813202073
16230239
118702329
432964727
22878150
156597526
1444031642
28426328
162551702
879314028
49785781
53751989
14119066
25126565
39717592
19470064
112799271
16925594
42953895
18999188
23490174
43677802
89123936
194008616
809487942
21533967
134986392
858763328
50718079
1951035565
2566284181
17216519
2434963298
16047713
58544943
2428442561
3178264737
143219007
2549738424
19923324
14485939
563617248
17847409
61042081
485055352
18397575
17139942
1439295260
194640756
22872574
324903144
102755465
8248752
2199564336
2562086437
13551722
597641788
2819348495
109681510
2337264456
15088842
522530914
144657491
30052905
22938914
16153562
399018102
1636590253
14700316
37205524
20542450
69231187
58238978
9688342
17137628
236498105
611823
120153772
372006961
14861285
309978842
152994041
15944436
25581439
166299141
15086405
14410280
415841455
10194392
44491851
2990765951
784912
22756947
889577245
33423
16014840
14231571
430995737
22355461
636923
345673106
2815881010
18119839
166315104
3341917756
1566661
213280469
589163683
763549
553622948
15083948
17284240
23605053
14411597
15791237
51469462
3432059943
104249205
2843619953
3232819644
289095641
2868144782
837879500
1091564708
3537086121
3386788307
801108744
4058913495
4058914576
4058950528
4058946496
4058956283
4058959570
4058959936
4058964617
4058984423
4059008920
4059025515
4059032608
4059133882
4059173357
4059228027
4059349023
4059424576
4059451695
4059464067
4059497489
4059499697
4059519976
4059563914
4059566530
4059569536
4059871035
4059924737
4059953968
4060006456
4060354992
4060678869
4061951855
4063595133
4064123895
4064256495
4066501233
4067741292
4071982883
4075315216
4075347808
4077144975
4077326944
4082882954
4086537737
4088730640
4090380273
4090896773
4095067632
4096563441
4098141556
4098539163
4098593549
4098652996
4098653765
4098655943
4098656423
4098685696
4098706426
4098707662
4099020634
4099091783
4099197231
4099204707
4099228733
4099241639
4099321636
4099487854
4099507521
4099571297
4099571345
4099587857
4099621545
4099777355
4099780283
4099819695
4099879943
4099918348
4100110665
4100139732
4100189573
4100875445
4100914637
4106398096
4107203638
4107494069
4107784594
4109958682
4111819306
4113342821
4116016744
4118986697
4120165377
4123853655
4129700667
4129996394
4132916321
4134585551
4135549889
4139799673
4140043700
4140785788
4146993075
4141589594
4144302554
4145082927
4149894259
4159925559
4160562094
4163938281
4166420363
4168127833
4168254192
4171362317
4173728120
4174944479
4176312252
4177208778
4181426773
4181740092
4187169732
4192266554
362786454
502017570
398458864
17565514
18704092
36731718
500651859
499336680
288304848
429298552
29844055
101928415
205302299
59283767
17929027
27989078
7852172
20567939
22736017
23613479
19028953
23617610
14230524
157140968
95023423
23561980
84358766
17915334
34430522
23508439
185487499
53853197
317370751
1218208020
35936474
116362700
19923144
33995409
19362299
14920785
236699098
169686021
32959253
115485051
20322929
19426551
23083404
23151437
25365536
2557521
27195114
116021045
114713451
340466920
52025210
127680760
295641215
365557199
149177956
226917679
322842302
132737162
2218004518
67583593
349224388
425603206
497830254
106685396
259335127
96833897
136329115
606060398
254054780
115099396
943699297
2301714302
109524513
2729697006
383733061
1631052409
2344571893
2304713616
1334466152
144040563
18393773
24083901
1715051
34175976
121258930
362286999
90420314
334321077
95609127
2207520854
1183041
20880546
18742444
31353077
16567106
3359851
7861312
8369072
21378183
48485771
56768257
19738805
175624200
64488804
24585498
117652722
63485337
5162861
10671602
24742040
50620668
73206956
26527812
148496087
14353392
25170188
27091468
27083523
293850289
28164096
30278532
15131310
20710809
30973
21323268
16581604
20402945
621523
25073877
624413
16228398
861090554
3355263274
409234893
380420755
314414728
2909490614
77844168
348696586
75110384
2316056725
576533446
221517559
161451061
877122703
3226095694
16939324
833944074
493097369
1225428840
3770780235
2784332532
1710120552
1055384082
112934639
1472998945
141004081
130799514
172397445
64981854
53659553
2550858750
409896504
1546344584
1677894596
58959587
3339776122
1894632373
300582899
805833182
390173933
3028273941
1370727680
2851052099
2170598832
531291518
1365596972
51524573
3352939612
45892460
3333035093
3395093021
163597753
1447070635
4068436858
308802213
1140594793
2829694630
434463744
236183865
418423461
2268406766
388516786
2359890864
415881663
3065813835
463010855
3435332511
1035989251
456726486
779811816
1573560576
560507396
3335321361
3345373497
2178846204
22031710
3301007016
710002464
200694474
3321123609
1325709318
23160310
3084119038
2190857328
35234345
29663872
1460244794
238553813
1861422085
634132862
2733437910
548658502
1565249677
3006680892
805144982
3416129241
28507777
154612295
3060423179
3311634450
1874185357
29610442
3555727397
351072047
143241777
909458028
3707186472
1549329612
458578820
3293696029
336511336
1393133994
3070025579
2335560870
98963847
465873494
1930620499
3309146742
338713421
2882172188
235427255
3293454098
1048514935
361925497
2542131216
584741294
2510723676
100338893
1355323051
405143715
2352907643
122224436
18854449
337183808
371131622
3015031480
520263216
454732582
14420589
685513
14319981
5733082
14176588
3254341759
123530670
823905
19343218
189223747
118650384
174701460
26453786
10100372
174433587
6608082
2886943243
399560495
978780614
397412281
20968642
170277812
20336383
2284456988
1322735574
478661085
1001504748
2932181869
3585208755
126348665
16989914
15066268
407750313
2312333412
2511672481
3001544457
11250
2924996789
7785722
201846344
10919102
1333636118
113713261
293766302
5868402
12304722
61559439
4265731
315493672
45496942
14954908
20904050
18994444
2800681614
3237673034
784892570
304124910
19600067
19575586
36204399
2423884231
15299357
106155830
36637728
1442786262
409941587
13567
19312845
1317671
100292002
16736535
12830
14799177
2485458836
12731142
65119912
14932908
15531582
904623151
329661096
14085040
3291279685
1711047840
2940017301
16913772
752330580
159946057
1425295999
325583724
3226081491
2274883603
14335498
790510992
211888240
150820027
36773483
1599870367
168826960
666043
714758552
10904
22199970
15015447
29735775
16726035
4048732829
15830701
25401953
23166803
72623
55565885
55641214
1705885393
93460038
2802424662
1153644019
190626981
2835993170
9521982
112806776
18927441
2423476106
2985762016
357040862
365841627
2294616090
2434399968
34119937
1502
241840113
2500821294
870517699
9412682
714752120
2457667572
14205241
20323699
140070953
627673190
2159761855
801751038
343627165
1385166894
2924178513
1697780742
2280794076
2601590363
2523644799
2510882770
2166839438
2297134742
556443204
583324913
402974438
2226085519
302651267
184065976
1669332806
1002309236
2423097876
297613787
226084988
2309298320
2366297234
2849689587
2512861446
2284044836
2972279511
2975229213
2730492410
2784646189
2525224598
370818592
1628017212
574521351
2347232989
583071524
1472560405
2397082800
1035520274
795455300
2500598116
2635372961
1049466415
2672511628
324150541
1301064319
3014466380
104070078
2781096892
47271556
142426053
1173886387
2217237512
601166683
2436072913
2400319137
2793153779
566470803
2471239705
159189571
17837023
1091044742
2398708421
264579599
622208592
205199096
212012026
772494780
1089134756
446593277
60995003
1618387652
336692379
3153034569
986113075
2194344401
1129296061
325867787
325867599
959354996
325871376
734584758
317113519
42377881
742051266
456825963
272158504
358506847
321108172
340230457
574726427
722554099
357839393
85452649
196795202
489387676
342560704
128023009
457554412
599323844
23497233
28201743
3028215927
254830969
103012173
21111883
153694176
75916180
21133007
2367911
34507480
268414482
24886570
44409004
21447363
79293791
100220864
240002593
26565946
526646396
153033874
28427441
105405870
218364597
348491118
632502795
272020464
275134005
453551174
209363195
303774267
119175403
331773010
353586609
393261736
564107298
327844075
2307195656
322648501
3038786162
1055981150
2205083288
36197066
274254209
466343871
1060641402
232905913
420954282
735716539
211158015
3070404146
394970418
1529151601
2534319429
3045286531
1109858767
2229081637
592161372
569684062
1212939678
1163768714
324963068
1618094941
324673001
2473634538
407907331
179865956
1413416460
2680162297
2323150141
3058072045
2322937225
2921244859
219020678
2258700156
283143813
326917819
1449655963
3016594220
1877831
612473
102707504
156651229
6107422
14138785
16973333
16343974
788524
90645586
3123884414
87818409
51241574
428333
14293310
759251
2467791
5402612
2097571
807095
742143
25053299
3108351
5988062
278691695
16896485
452844649
19407053
91478624
20562637
67358777
14885549
112242274
112243365
15441074
112236047
386022923
119101949
2784170003
89323573
787761434
617900554
1058726114
403026859
52752441
1045152966
362539812
116874736
599456294
1096587552
968569038
186478164
36128293
541391090
991733594
1687019287
14426526
348732783
179246922
1362461280
192024694
2266522663
2309294342
186523313
14162153
222189121
28918980
297626273
51131453
437691294
130918844
29716398
128614814
197370475
148307910
271106411
63083335
37896651
114755833
347909288
1024095475
46343990
235093482
385932062
176101038
89764844
42852429
1720913156
1673042550
2975869553
29032479
44635651
281020625
2365416595
17219682
18243807
39804408
596808073
25342036
48570495
27833556
497514283
3027177911
1678823287
16650991
117666048
87277572
247142916
776933886
1500756878
141535704
1534248380
2333833272
635441725
18074047
224808365
100981095
162108013
9059182
606148137
2363493092
1342830768
949248630
182534844
763337797
159516118
102552563
2181398994
54173130
66361706
40190540
201831624
570945856
25005841
501471455
93251961
47048158
23817365
330152301
142964910
1311338072
64372351
18571466
64437645
432424509
2469054301
17108166
388002986
187293352
22783056
3301945383
19691217
19418778
161017363
818129604
568144872
316004341
227674546
270836131
20601585
29960590
2557096956
2938692946
44370086
1362016135
65632985
35498418
1068845576
365535245
50653396
30860577
99148369
22013577
28799075
15225375
16313728
15626465
1901428376
23789795
383130698
1088424114
237132188
57889110
3296296072
239482415
1122733388
549490281
87093688
385962204
372585103
299272918
280199332
2715624176
2149670432
1138187480
15640215
39184279
73084416
110710738
126657041
21177328
87841994
327015442
1466220956
531653914
1908682824
488168035
506052641
189574784
342080796
241544156
35401052
347696711
201241785
796985029
6077682
391269932
24529777
292131326
286074748
1497
1040423101
195035919
305896984
14772687
19561278
59889953
23279911
31624328
2471064858
67315866
1945309850
12988582
138152219
93632399
573755190
23375688
18197179
14936720
746950860
779120486
1860220441
8694822
875572694
35943
1599495710
161373994
2842213120
2841140557
185248035
199343831
2606108492
218938552
2460692024
1318847748
564157285
16254381
2802614165
2789778270
404430210
221897458
327008952
94600119
917385655
195534522
515543735
193488717
795994759
53096698
20526157
356449100
413153192
35989673
57795767
32722373
5665422
27260086
394183331
10228272
67827077
199110089
1408256558
2846628654
15178133
35450703
593569309
287258701
95734530
1066602493
1605335178
14981373
499013001
903803678
2977279808
737363
43691722
1237886636
326363371
28659032
162320195
22159635
14477161
174687138
15528584
68187729
199257287
23539401
1876418532
53545689
240368271
106791242
22256648
19248445
636460789
13705952
1620570242
18359862
3189177235
191229086
1647708007
14748220
181491508
2112251
3388886177
519481979
18442190
2972064185
14285961
1615577820
346442841
478747241
374296895
219059766
810128953
807242192
2301277620
18971006
3218322713
2437750574
2727051
21806813
1650982310
2791010858
606601349
193923575
156701329
521180248
297214832
172722975
16891151
14212434
14372055
2723594089
8302562
9939752
4833
995292428
498724237
19206732
2327295482
68232569
44607374
755831359
98434423
13043082
314996185
132316781
2896083480
104855487
428338843
147326789
246322603
2230966148
545838706
51330974
26025291
128209509
3195613696
372656148
39206541
2924923777
124191753
108742903
70305336
35767793
25232811
544293731
2850371518
41292415
788364907
515539531
3344023715
140766021
624412375
23306793
110927038
15451682
2317505425
8516772
27666780
22695176
20559611
265717765
76767116
16434554
55904438
11296152
1732149811
247365018
110710088
37991433
184845779
233318967
2858983731
760998134
35029650
82554667
2910214155
772012170
424151860
155595642
128286512
74673071
95224525
57764707
16229897
17772160
12055082
23974002
337457105
21979803
140449519
86674581
2230418108
79417386
94147594
186875260
488768866
95203557
52122691
2283651944
4633901
57714969
62017420
59736158
59366211
109064252
1489728368
57714434
190624477
63089417
435427774
19547691
87797466
18444739
366223412
114720711
69912013
265527561
16314904
382088530
382346610
76021182
1926002923
19807858
382341556
3153009075
19970285
246510715
40318916
14924821
90646723
227799761
87808502
455509969
14701122
1494176191
349619303
64807535
381401499
491205011
37125818
90571421
28857497
16832378
46130078
10342272
6292042
975691
793830
177824859
1637701357
1224088646
457578560
48840337
22777641
11541192
125785391
15743570
20200839
162334291
51876059
586930190
19175846
103211084
17648193
124123375
81187755
96417831
12534
21570727
20342984
54643571
200059856
82615436
103211690
16646689
20508477
16180258
20836973
1301037763
56926203
93616231
84658757
76558395
160899791
88668567
22403800
39466561
226197587
17158263
17636894
96178716
174605235
255079026
31387345
537525675
14055289
921818402
377229672
199294364
18807671
28119407
2174525810
1914445698
7934212
545528950
23245206
2434773816
113461409
59830916
573887606
2216011385
14942950
16407834
13175282
63295553
17288873
344753383
2256372797
23138301
21877190
25940364
20236725
142513116
252807962
1344771338
94310316
147327472
1765921
74517392
45518586
14470037
635053388
11512342
19006934
20685061
1320883860
181561712
19063323
125381483
586671909
3126699651
2346132205
1166006239
251742539
1352451042
1501588980
2203136203
2227284242
861196050
1729254468
445568843
2781669023
190003156
2252638299
486895485
2604380670
527770259
210143254
371669103
257843985
507321822
754732428
514728636
298437507
107716721
48753404
337915105
403731744
2283316087
113171084
217759747
218632242
1871379625
373803419
2173635445
1889917566
2956615785
3317579405
306107721
3229136516
878897918
3305553315
3326789649
1274716327
623710447
3316885569
3030544420
3323260163
186969840
3236533682
3235725711
3326931003
10737012
3302498337
3289817361
2430522684
3350697363
1654669981
3214390467
2711869646
885769753
485082540
938330827
848581429
1346680920
1014658111
360585481
870798750
421978803
196656041
991715504
2769941175
9351652
314805358
216825911
107025374
130964057
1146163154
249707903
348939500
320123244
418034772
344566113
268814901
207422346
491589836
569020259
426107498
249229143
335966946
16698201
405054747
19284516
273477906
22598920
626592540
334500598
132215031
14684382
2765750622
539443661
16217035
2839439374
364166437
14261302
1709804419
385564128
1070389952
246859010
96329280
2571367746
92325617
802691437
101279054
613255768
195679368
295854245
2859056391
338998709
40964764
3293985843
2374286618
1623993750
2754895948
702652885
1398649160
207700097
93261270
73917516
2801219173
187408644
23457956
899594124
297078000
3067567178
22694251
331755439
3004614134
3005054062
78087055
235238355
3107441633
3022487575
624922392
20020846
3054356942
1640193144
29112876
3221848805
2986527436
604483062
18195463
3160125636
1680799021
138303925
3187054211
2192045886
2357199876
27099407
17883075
2811884118
2222147310
3168872073
372014378
2422346374
438680236
2399907408
2475543300
133022865
1851448399
2847317051
2738397743
2984656707
1540132026
1042466161
2734280624
25217225
178246193
16303871
98630714
2200980481
8161232
1364930179
215073455
50393960
121483182
19397785
97171003
21324258
154584937
21207974
18806753
17844024
32432308
20332679
31181674
7144422
14921141
28158136
275686563
18926223
14435332
14372486
14789144
16661296
24994219
14694680
2890961
46222735
26531880
816653
1504011
18201801
15808647
60273
13982132
23993734
61133
30331404
26576457
106418338
125644689
24706309
18776131
14444403
382253381
19639085
62816265
96247580
18743550
14362241
8253582
23462787
51040617
14544190
26012202
41553
158865339
14376953
140084640
20013801
147518360
1449000090
14340145
23990483
972651
435299501
20536157
110301074
12480582
15670515
2584381226
30205586
74286565
222959337
14357895
63786611
16687059
24087132
6490122
65525881
20154920
34684387
14361445
35762066
1239671
171648765
17456108
221005474
154575842
532453820
495961852
228847896
878172186
2322261107
158414847
574699535
16303106
1298410196
18080969
1360283702
20214495
479810905
36843988
1913671255
15492359
485546674
524396430
604619919
22589987
175439376
291765839
776483251
2575432105
269135339
2923144437
2870938325
53184098
19066345
5225991
22009731
17057271
12804422
51263711
15057943
15651700
8223872
15135958
61743163
96727241
55615408
398708079
313799257
80541392
149467003
112683666
313769029
351196444
213611574
313788175
9048542
39864099
25266353
2103081
26021668
127306549
20483440
49423415
27272199
17200169
311161566
22826432
2799671529
9779032
13627332
2799697685
22022795
18254405
2818374064
11922692
182454264
2799698447
68033
20291192
2894387379
2802468710
1379984838
267674799
2888090669
274556710
56505125
259403751
243381107
16689804
382267114
66780587
850107536
93711247
18080585
354847710
50090898
91985735
13334762
348664405
14490962
372475592
14491138
70096167
285019665
17163743
15736190
18122642
14239505
2165178020
153069336
134165449
167921474
47323469
14347861
80652657
56699979
227455120
22419717
20681651
513298480
22865546
153729505
19462713
156440878
62765436
588559501
368869467
2322445465
1707281606
145954139
950341226
2575198087
69681766
2326350958
434887634
33495086
527360744
191739600
1418166697
91942071
463680398
275199626
38804737
293649975
361468994
914327953
3181476902
44171091
1158359846
31891798
3069265147
1348660004
3081403444
338900220
16126957
144436863
933580310
35767916
3069456307
1137686750
2613792353
3064696229
35120520
37391190
2814254956
65577676
2511976639
516913516
65589378
2870752193
23135992
1861828543
19478383
2882996563
2883027955
16248319
2613866267
2883022748
3024085581
19713521
18185124
2401447177
3014336481
328990309
2283067068
3019842729
271450987
2303834500
2834303571
2976151551
147821436
75635922
180505807
277042857
454483958
455048482
14731423
20099349
1344951
20415906
26113151
25591906
9207632
203063180
14748637
201671257
25358336
228368186
339710893
253195594
52799080
121779605
29959341
46428313
246791736
49815878
177245565
14645715
315925168
144124698
273976068
120785768
808983408
2326880035
76903512
268309261
133369166
171053277
577495475
2250506053
103367962
32393977
2182695997
140952982
90698449
16186045
34762825
26577407
63371288
69941209
15860542
323472359
690443
20956635
34156225
18223354
247195772
47331980
29007155
15663114
24799500
448083224
849101
30065033
171613435
455304067
19538986
39703590
30564813
84534359
74523
867503322
6996622
17135931
20012204
67026664
317327577
1524497648
1242369648
47483502
20535014
463711519
709295527
109699775
325665143
824211
17623957
145327666
542187379
622262193
24759338
586552943
897149815
100762491
87532773
2427421832
61040719
555412428
2884717841
84463170
17607834
176125547
10718322
24562115
41597399
132298506
45947233
14706065
2381784716
2453504778
1889305909
23789698
33880445
160282553
72839154
24004974
26570513
368380970
14775516
85892684
21054570
150028752
324019095
1108346184
1730412038
2942492509
23261153
99648263
17636405
14196363
188208387
1600155462
119294647
71348237
274566735
336548162
406247742
14359121
132141637
2596755943
116338878
237507695
2432198954
529562831
1176288440
2787503833
1141766659
1117337732
16336435
2875221729
1463837990
25754585
290147378
18138503
38349184
1967576197
477735804
616511758
120072196
2827684639
5436292
145640515
1885807891
103617645
302023697
3003842081
587681048
29737859
855474115
106031993
17417898
41073369
379220023
88633011
2247393576
317680969
319988413
1680828318
231102153
280510451
222048639
209773862
207618695
29762487
399636448
2424186386
14811775
1448434368
857033694
130840832
309083326
309091306
16038995
550478509
565338981
1496464784
228619042
326562254
41420820
1096573850
53930102
150384035
758126305
26829665
415430200
29967605
21639767
74472477
191935946
187847123
481598648
127203910
2493749485
15444008
117590354
409871222
874258327
1623145514
842029063
22161180
523311445
2347646468
20228975
63788496
23822236
34097500
18898232
24127258
353618875
232572741
17038927
14114392
28600640
224887329
20376952
11317842
6686402
13798232
534780281
31662897
362171758
14461282
47910747
189221378
14705188
49874628
24841710
260843888
12575912
570260898
17169672
1371158412
7764092
2518768136
928839300
11718
237114356
989531
6876902
61362837
43792797
348429830
538330383
2251972202
119999629
1127991336
33282185
764786257
61417041
137459120
12633712
74893087
97855188
1118318160
68577718
40298457
37886661
16968247
94324694
182980847
87134287
882013021
172673259
50278980
16630817
102620222
214717295
116305343
10722012
1930390754
9655742
342079417
2923395457
245943348
1372537555
23465960
47765998
14331008
16529449
91352208
26244178
1066793484
1692463003
85429594
10882262
72085801
84328604
2756414052
9455222
17471728
268267398
45290867
598541774
26962754
190837757
278767814
16979946
2201504672
1167607730
222411812
1625039610
599643575
97616319
10809702
19064290
42023013
18321787
361682642
14197504
300860489
469619289
1502181
361353696
204915258
45813311
30286156
284072318
256093789
15750230
863734080
412970124
872601366
24216484
93428043
413120806
106592799
3549571
14498713
16288809
20014673
22607530
2781098766
167595938
88061551
2917178187
193707335
359771651
28822641
41778867
239766314
58451275
2650602139
2168710627
45549838
1590009805
1256143021
15446126
19619047
15056788
16509110
14112296
21872308
17896874
14424398
30834721
16336998
19038849
22595511
294133051
16631172
21661279
21298320
41337901
56745793
33473772
2772489024
1027489166
365951262
2586535099
2577111764
1459090969
64439275
19257180
58025500
313408538
214985705
211451964
171801797
28099667
18772101
418597196
2325442002
76465257
18520806
9085252
150045692
9313022
59493045
2372360846
21820114
2327273976
14351575
244000084
6323872
1857421
55788119
343283519
1642408790
64986040
21065770
98350519
