1436766229
381752297
1093090866
14224719
38267947
906644018
165901642
351470906
2803191
32468665
38679388
74286565
31311757
20536157
379610734
34430135
169274239
190596622
227238702
80886145
269225854
2884771
23188724
28785486
262299947
14293310
45564482
14677919
1877831
8170292
95731075
222556688
17874544
3432393321
1536791610
1339835893
10228272
783214
813286
3344910959
336694809
786764
759251
15670515
246393339
2097571
2467791
1562935142
428333
20543416
97232128
78107495
195514349
119360445
807095
66959303
327722701
301120393
51241574
76679449
243381107
3108351
2822813571
265416359
23573083
88442279
56505125
1642135962
742143
382267114
113050195
209150455
297169759
547511287
3096810595
128216887
20565284
16343974
44409004
14230524
21433995
95465386
21447363
16887175
209708391
79293791
85452649
27260086
5988062
238475531
17895820
1652541
16998020
21866939
4898091
338084918
15438913
18396706
87818409
612473
36008570
788524
5402612
14569869
18863815
14157134
16973333
264107729
184910040
34655603
1102449241
14790966
87416722
7587032
361501426
2483417965
889099657
111750966
