472554272
3309065901
24436600
108196946
263918540
2943160340
3334271183
561634788
2330185344
208693559
99561903
2987394058
4174611663
2241631370
902644770
1935601249
2607099188
3505389074
4049631252
282556450
27445561
218697713
435952332
3621729616
2928086177
4060812039
366244283
3953081172
207323988
3314169023
3917608992
361856122
81998705
3195964537
334984455
224694292
35208567
2883198743
3355740993
3895552127
16580053
2495700853
3769198761
3017907184
570266167
119167052
208139326
3297694960
12920492
28984805
168493588
2382073574
7802822
611071355
21535166
45866207
253956617
288672302
111278246
30198975
309533229
15458694
2735591
16896485
34713362
28140646
3287984211
259379883
92727851
243662948
357488311
15110357
16334857
19880154
34277059
387008655
278691695
18949452
207569022
343304256
1076003394
1386979002
621371298
20562637
67358777
32359921
19407053
9300262
24144266
481820287
20576529
14800270
177172384
149052368
5741722
12133382
14062180
20868135
971633528
299868185
44352334
5392522
252476779
2905049381
1670659183
45564482
87416722
87818409
2467791
3037969022
15164565
35773039
15439395
256177204
88999669
34871405
16094521
833448192
217750417
29950404
973523976
14677919
14293310
227617643
14173315
2836421
759251
267074671
66296615
2423931254
28785486
15012486
26467791
332220364
41084904
335129021
6017542
24968293
2364790690
325805405
450951052
15801023
194742978
21464305
65388721
3032810733
108468506
3947734217
3965078415
412783774
348547927
2927044390
3617137455
168961782
3667945096
3965287966
4012032592
18133595
3948635115
16980311
3194987233
3315236604
2723966959
3368758158
16956012
18867844
2767303416
4172238581
145305040
119480392
331453643
211800056
2759157810
267390486
2341837797
3146299836
3390157951
1133002056
2355165666
924921546
2932871707
118806787
2692255789
3435143092
414819195
1188187316
1044734287
2790073302
3994570755
1709191471
3181607245
3259789784
86899081
146028214
39716649
14454605
18185124
244959564
1252137746
517306957
8820652
2279389820
263743511
22168074
69615044
21771022
500360243
3060235519
31001654
34892616
14134524
2998511706
3354553065
520186529
786865334
3096754071
42285962
74964468
3802891275
23111224
12427412
777456906
24809343
313631586
1286581891
3715617317
467230468
3993458063
4114654462
78998397
1418986591
89175851
93976250
2361707564
1340875314
11762572
4019258991
21279340
3022974200
2869331847
128185354
225359831
3086817838
71555146
1116430566
108339876
3314435809
91889599
14330364
376377843
1563535224
2355312126
83787920
85734225
3388936617
3047887129
43881756
840017216
2851273780
3599659936
960676069
552106282
3123781936
3868777341
3372822700
360305332
3710698276
3320660804
501030186
2882471016
306758088
26688109
3440721
1924528525
103550181
15229378
328990309
821692
3154184731
471843374
89391769
2963296528
2915242025
103847453
262749118
164593591
309907767
770233916
15722602
3880535776
3897531802
1933517462
2762845462
132295511
128243521
311061248
3086648296
3747031641
3558768015
451136428
231184385
3312464145
42111064
21360280
526659779
2853276243
3423629859
2477386278
116412542
219389339
38894513
19041821
3306877743
205161341
1933042237
3091604397
18851592
2754873148
2730350299
3046715085
234304384
2645516899
550499771
561849054
208665126
2714874608
3559781176
233192908
3294261381
3647494998
23018032
293528679
79184890
2166416142
3238606553
3438893517
2849788275
2508155211
538425328
173772899
255945330
2696392345
68971853
119448631
831476268
992711011
17392998
252559205
43841942
607105798
49732343
514620040
929651515
34552002
860190266
529438256
24128142
248469747
41078390
225369041
618617515
376847959
293102229
3066027142
52667346
14218123
445745030
21645908
903578180
3308216663
1591638499
72035843
3358649487
2996103070
860953226
73108394
2784784744
2373884878
22973560
48121858
3386965515
3584638624
3608790028
1878493382
930995682
3159031326
204763616
2726506317
3086804368
49085146
3337131412
1278794641
192749697
115784097
3028816042
1541902940
2837830466
1651833200
21218474
388296115
1557446306
229031836
96501265
571874816
2528739011
3068654957
2238324110
24852215
756716412
28413037
2694128583
3437371504
2315194428
515879311
628196712
2802612447
3396876141
3452495835
587034360
2671028978
40886787
389732460
251216069
1673765737
2914489144
538011803
1359246798
3288491506
219959405
3384336123
1094885802
36659018
54873576
220737261
2362743823
3128164558
3366740985
2828553331
220447768
2525587169
14101292
25061884
1305260264
268639000
335538600
54613836
100338337
2893844104
184805523
788158068
949607150
94690660
15865878
8383592
3001305777
1400943012
3404566971
286233279
128511600
19278408
18165467
1930560800
18238065
2324218631
299072419
259674489
22746278
204928215
338718925
338726127
3145272501
16236766
3119552533
2831411355
2281965301
3290163430
1631514780
16418666
204928138
424574597
3181372414
3020093476
1878339648
317324433
254584129
463750783
3305434060
861179034
186060266
942092990
978900763
40842944
18746811
33014441
32259141
130116429
14744887
459384314
2791172607
1235875746
2198464253
291340680
5988062
3108351
48715979
428333
5402612
21072945
51241574
155498626
206978050
3345325925
31447485
405691200
403517688
2178601469
41999727
87852625
442105776
3298536781
64300247
573845761
2823722310
2196855182
339040139
3001056157
793614823
91460306
97427937
177209025
473764979
715634785
3054261579
3081800746
3300776091
3394284418
3195252459
1261398762
16083275
151355627
344583503
497463899
37817962
982992144
2583963834
1900871515
87403396
176149878
148800323
230174805
478442501
1966430233
2872661847
2540573335
184872574
1396645398
316414631
802109174
2982225789
2252616702
20922014
69521016
2766073483
15108702
14574763
732645804
215921287
53094130
6176202
95023423
25521487
33834138
1028058067
250465437
100236929
110404753
3300249723
2211398449
133290398
314565950
3255076500
372259292
2657324188
2827091759
20438892
142831882
579264441
109837793
3222519604
16303106
90420314
139711964
30257834
817499274
339654320
90400467
2479907900
1719524966
140019951
215957165
19452057
2740141319
627593070
930367442
27884506
171863142
60566044
33895808
279004050
275964327
119052682
1013128448
539810130
252946462
78299426
14511951
50393960
704759622
219978080
385866193
478759937
92985243
2478361488
117338386
171937352
516459400
20574577
1136508847
3289696785
84503659
3094373921
364205319
53378127
3361919481
588898630
485644333
28504319
2803654339
3098305482
481455699
1200629239
32258396
2421072613
38403626
887334206
2308182238
875095070
347888056
2561389378
289533265
2218372561
53660409
278949162
485519568
2778960574
1128379142
93633714
2388986549
744864139
33809825
50596222
378456575
2393533334
3067131032
37599351
500823250
3327471275
74974018
2571324637
3314654597
16125811
244966326
780350892
817651243
229385617
2598173215
3300312316
3095010675
994524589
3130880253
2890681420
407625567
3180210771
373541801
3089295766
3103637092
531141813
44857999
381747148
379200362
1377326713
305767760
1506991172
585600521
281622977
209757482
393296096
1489703012
292819455
347183462
313180903
576268047
358151878
1134476418
1418098086
1685649043
2153346382
2771426733
2730133329
31371575
2829526269
888146749
246739548
278398781
171007508
854525870
2737299454
1947040879
3225909573
2979862073
339626062
713106628
1942910192
120030791
891377682
91784138
964021682
630870896
182384817
3042405832
236036048
2408685091
115290562
2552168540
2965043723
3044600115
2184943214
16236755
1626842281
490612639
61170526
382135791
71748978
736860919
463847007
3081442944
1664918394
402821442
31093782
578780225
293965191
67591770
187845216
142273173
240628915
53633860
246719057
3244545521
47390448
2985656206
25818991
1139900977
384783340
34317133
550760606
1702564044
3207770949
797849533
377246989
393376942
2966427585
278924216
18189382
317079008
474022141
54910639
462783470
222705963
66322950
1364093262
386487379
243175936
348667570
542511781
2459431807
2501322163
45656490
250671481
422170379
15231781
238089516
2994371157
138541210
207033199
320695430
102017395
2613389158
1895186552
793697654
2997834617
50731557
293376319
95013818
215935249
1227073118
351584240
2595524651
207138989
65061228
363193034
3097596581
422871490
32848961
237832107
2659202382
32947008
185823588
37166032
3034932299
2386854188
2858368560
135187797
41559702
83185208
364959413
25269961
347177473
1464120302
15400553
114299451
542838090
194611568
625361126
3011987412
222092462
2492511830
14200732
2934078309
131118665
54520179
943323386
2893511188
30432863
379232195
1123659882
1307011
1262689164
2891810556
438476228
136357538
3110406976
19089907
19936652
2901931965
2218374144
51055638
543254812
475594617
41110496
3143834356
2827682372
82293171
84552469
500643414
2175657026
293567500
54830988
14669951
2998408203
1954697964
1322016853
2823414245
2665340274
235102332
2874832299
2551226329
1359266005
23935889
14881608
264062356
16113532
31460777
489879335
16184436
20050498
41314579
227630925
182369455
41363072
53322243
518494963
467204022
1919360881
54838463
23769237
206148963
278520146
15144184
14781188
887719153
310352648
180063731
260262840
465515570
250640247
2783814702
87391093
1750765454
2557446343
1549533756
2712272034
902334967
15225519
1436557164
207991888
398100994
20428198
18184205
394808071
68248267
841460958
466420346
2231013559
3072070577
376741319
210755629
33861425
295590410
309008405
63667710
108879770
198831323
58819992
16064437
80817644
631887563
16627400
25086866
12427912
1384533836
2331151298
97073640
71838192
2342359734
77961175
191795989
114458231
121352156
409352587
87710468
46955805
74473772
3068597044
1914146370
2698541983
2392249580
273433584
751453406
156919789
632786845
132243105
189506833
187912062
61161333
89628120
82340612
87908739
557353458
110658944
56937586
16042045
25333788
220055561
1174598995
106639813
22752995
167401415
40048015
15644191
13770242
2263945346
18159214
243611778
84314448
280530298
14157847
14424544
21672941
8326872
25083690
43922300
193293654
14122692
18690477
456739091
2494227662
424378063
2313638510
2097571
807095
1652541
38120764
339026150
947523433
14880584
19523339
46614793
555025985
23061112
614172743
2208652104
2773017662
313222570
14542434
122299569
122988240
89149050
141217752
71594919
292970818
17093617
42017891
25387183
6959082
36670025
25088746
742143
89672048
180505807
15762708
34908698
155568211
29930178
16839878
37649776
16735210
20433284
301309392
14697575
122066148
44310665
