2555468462
281766200
423781033
2478045313
1909916257
103550181
2975793567
2347534170
313538452
1349495088
1392356754
585545120
410336490
490722544
562490916
438675243
546389187
348338919
341059884
277953160
355652532
14614206
247833332
284428110
201045251
277147914
161842575
220295944
922919359
92732139
873722743
1685756005
441670998
2232996836
3905669058
4071934995
14677919
14511951
4226380934
14075928
214162237
395149823
611959284
121213242
175605389
204887235
4110654978
2266343932
2313227480
2806322162
132774626
341102954
239085326
139399835
111906894
137478201
798234950
409863961
318877787
124818259
278778939
355743494
460693003
355741893
68819587
534026234
499238848
904918116
257799442
131102007
629097517
149760844
43042353
525821517
521593942
487736815
701732472
843112550
552011578
1008151898
2953850211
85452649
611286247
1884790380
2591795106
710178207
3149331956
894297558
3139900130
583280017
1862735432
2441347949
93998463
979359450
2874721531
134954857
30495613
14222536
185019826
344316738
1088207396
308297673
53338746
355795737
974198634
434700167
853324519
363961928
163645988
2685837290
2156278138
180949358
474446451
139539038
125806240
1374375582
272131714
25363826
25279391
594145781
867047762
581494085
221197757
233930436
412948496
61003804
332788870
148760908
55728361
174382902
298027175
337502808
207426991
390860562
27022925
142371311
66339576
517680491
312230865
345811633
237634998
321445166
3107812466
2685642714
419825225
1888235479
2358149192
158314798
84279963
403246803
439125710
2280989503
2267351781
2286027493
1265000826
2205087476
1008706976
338533458
985030892
176219403
2329626888
368539204
853567064
165447853
1496383520
1315694803
2238494900
1876679666
384737661
262255181
545075817
436922193
79231773
146713393
23375688
34507480
196795202
403245020
209708391
403255314
264107729
181561712
17919972
98199951
1041346340
352145373
568825492
27195114
456901717
91966516
2269507517
2769223508
2553480522
1049129168
2396746634
1069162106
2280931981
2212631550
2300754858
2281305907
1367909965
2465602789
1334897473
2346131858
2973735643
2605905024
2200184356
2452184281
1623456446
574309292
365234855
2373756642
2263296026
2892780489
1643642064
1581602642
2267399092
2326153224
2342933208
623278624
766874862
2286764758
1575732691
2502054049
2281154833
1105261358
364348412
2851331642
2983496689
1937738160
362850018
2298343334
2187477690
364504126
