34507480
25098482
253569999
14499829
27860681
18916432
15473958
66369181
7713202
1367531
25053299
14677919
2555305411
957306920
2664176324
423662810
2796968620
87818409
16343974
34655603
16973333
1652887668
16560380
2356840034
41634520
29442313
50055701
23022687
15745368
140070953
14224719
103065157
468122115
3239192692
1536791610
132800515
44335525
113184599
18839785
113047940
25073877
5402612
16029780
17842366
32372834
487833518
17471979
47786101
19397785
24399357
1070929081
15007149
2467791
91478624
2794955749
4898091
981748794
266792385
270589545
59736898
14293310
59486068
391037985
18228898
62513246
32359921
18949452
20609518
9624742
48289662
15460048
28421825
248795646
33474655
5694822
5695032
18036441
18798768
1026952243
39585367
325830217
13850422
30973
133880286
184910040
1093090866
158414847
8775672
14159148
742143
759251
1339835893
27457788
1330457336
30313925
1023096199
27260086
428333
9695312
21133007
24886570
18863815
1152279248
14230524
18055737
79293791
26565946
166739404
73992972
21447363
11348282
813286
17919972
50393960
807095
5988062
3108351
2955294859
2892860785
46574977
620632841
