20867568
260017868
759251
807095
3108351
45564482
14677919
14293310
51241574
57111966
28646364
1099183470
3096566760
35009875
15585039
166252256
22271644
17060015
20832496
16826617
24898621
17972321
14505838
233375188
17545870
146569971
825613681
2881683761
2852612935
17588202
52191211
2830270511
2361578293
11695602
9109712
9609632
21814628
2337102247
18227519
254117355
29442313
193749426
20536157
34889448
742143
5402612
1002522559
66557962
59880544
428333
18057459
15110431
61649817
2548860104
19093936
36184220
23962323
16895274
32372834
11348282
8283082
18244358
14647570
17842366
117662694
25382012
952334977
17451742
17471979
39596522
20192521
13201312
71019945
14615871
72911619
15309072
29221344
16029780
34113439
67673600
20068053
896790674
1193744911
42904800
3554721
18713552
17793878
248755618
206922006
14634449
19947232
16894706
18804081
17324566
16583846
18214621
17810254
125783095
20019048
16191793
39522848
16654276
89817705
14522630
280695726
25243499
15948180
16666502
8216772
18130888
41421157
38933101
212304085
19940791
487833518
17596622
266767503
97582853
1380999368
17183000
14575477
16667262
29255539
23018333
240111103
28220400
233031584
46715620
124973586
43773098
1891181556
97728046
35865592
191748965
15846407
