3222279669
3518169316
3002595937
15219770
36359651
2350235706
3635371452
3374366727
3110775388
236103149
25169797
164322849
3004335640
1657615980
1915033398
4027435768
369127020
1246341230
143688467
3276582606
2780990159
3326334970
3311730783
3296057963
3197904331
3019413483
2869577253
3046802994
838638480
531465160
2817325172
2169150661
401773134
2878703885
2864196304
2618760805
840794664
513882809
403524107
631311173
339485716
204625468
14700316
16153562
52817078
251649127
69231187
813286
30313925
9624742
14159148
51241574
15012486
28785486
66369181
31362782
29442313
1652541
86024252
14361155
11695472
87818409
92223171
51880717
2599020649
2490135559
2482757276
2385523712
241760848
263420516
81926731
2709953681
2738553508
466105887
836115824
3317327931
2869877543
932196612
3148603889
60919240
17074440
125980355
18213483
357648167
152866991
17899109
50393960
3459051
19673700
579558064
352548417
243291022
71294756
423631401
195826487
26946495
82689705
1074480192
1093090866
757303975
15764644
453319164
1339835893
284602545
522282462
1330457336
8953122
244655353
16664681
197594920
17006157
131877198
35615240
2255182597
18510860
1877831
16129920
19697415
1249578344
389375868
15224867
157009365
9300262
409486555
55058005
1359121350
1115348904
96354656
1615463502
19471123
75367781
84231517
394103111
284650506
34179942
41814169
61206798
34006192
255471924
19674502
17004618
48472244
17839398
3740327235
258035506
52247279
260109581
42589660
2453645311
2834484920
2617527744
32880147
2430741571
2379805762
2308280614
1638828890
1954263156
31328392
107132459
487118986
3313922734
18424289
36670025
54610911
45182880
15876845
32358296
18017198
229129507
1329354631
107589181
245735621
15035484
14659030
117110840
46051728
126955629
14856665
1184734322
226160733
151106990
272019676
54311364
18267548
17469492
19784906
38630618
26792275
21114659
57288354
80473367
36339766
65354167
39922594
15462819
86135637
26688378
24961826
61275359
52487389
69181624
59157393
21982720
14800270
35773039
18622869
27901418
16378486
75069067
15458694
47438401
89820928
30043495
68999404
5741722
59145948
16686144
102700680
148529707
48802204
902175420
146496423
14848798
174174847
300875329
130125655
135532444
128308837
31436859
54340959
135617797
39470235
3253343227
135187648
116763916
320197998
1963312058
927783252
271452947
236526490
330361451
35810531
430250670
124690469
67692914
325830217
15007149
1686496525
19881931
1910564407
167315579
101792020
52508768
344831981
15667291
11178902
12609292
72746232
64809555
10886522
17086475
245039644
317336512
212681975
17889970
14677919
36743910
23188724
131497030
19835881
22685200
56621062
1567435968
4011744674
2515624855
1124012821
1147209156
433592729
1125201199
633194006
37601149
851054881
14795451
438370063
69258379
1119582080
405922142
208639526
519649762
3172836001
447334179
318038838
51127807
89275264
71031904
17150317
25387183
20479813
22341950
24833537
374268208
1153276586
14511951
606362854
616494109
22016010
540892476
285758834
431700627
500704345
103581482
183165874
40200634
34098602
16589206
97334925
216776631
87711816
98015030
252531143
60693203
87712431
54523265
327577091
1337424146
378800745
578238648
100001965
620253665
310517604
607558430
2252505098
38214128
15514266
16973333
2163559417
26579339
17285007
14856348
173170847
17878536
17467699
24048295
2709052525
29854019
305125998
248568868
13393052
536102733
1311211501
216921189
327508167
144153507
46418525
358244184
394264235
27737053
18142371
476011236
3389771681
132495297
21786618
36543496
15472700
82976842
1077599426
78768913
189376144
313663228
34613951
595337603
16935292
1947301
154385172
2185114134
1305673812
135595245
16683014
579433260
1278744422
24992356
2489641405
2240238705
4047253221
1480501880
139894023
34934634
522537060
23125257
815824752
2290372755
505522237
3111103235
49907409
3958178729
3878047276
935291046
1245115134
54189456
1854459900
247117883
311536290
462110621
3317872673
713376499
27860681
145935897
28350927
22545453
86364947
17965523
22947474
266084123
365934285
21312961
735122173
430235090
25098482
20770862
59736898
382129509
24506246
515838635
46003622
18559380
115754870
205622130
28134618
83795099
14499829
256053751
88419273
166252256
110541296
73181712
14224719
15862891
19658826
15744118
20608910
106597684
2359926157
17629860
10126672
54885400
1917731
32359921
589382383
23378758
41592271
21406106
13492102
47336158
16363793
18639734
7313362
621533
17060020
948233000
1215850952
405188454
15484198
627271281
3357696640
3363038974
3428499080
4077439067
608397571
2431308968
2962554894
1497147216
34288025
2499885546
174124701
514208571
82456816
56062730
839303161
473230623
196933737
450307263
41243579
89951255
259736065
2310805784
2467791
5402612
5988062
759251
807095
742143
4970411
3108351
428333
