3272868066
2288570946
2604191736
2413466455
2288658217
2859207071
2203062457
3579423257
2375456539
3065081260
4214569153
4207203265
1543142941
14086764
51042216
4164085833
384745292
1378117842
3921634643
2427658183
72769277
4175356234
2513516875
4174529355
7215652
11859822
4187974753
2348979634
4076610741
45519721
4161493577
32340023
54983317
155992471
1192231830
4173793647
2207482296
985186471
2908857183
4166500289
2395268660
2853756210
1227920058
24889076
61542124
2954071404
405044480
2272839091
4068436858
278681187
85332821
849990253
46500200
9090052
3229252880
1689037987
45203177
2446689355
3154505280
1569525168
4241774540
4096909872
3689578576
456441018
2990426217
127081391
1243086876
2615887795
3252109302
3225144933
2374408578
630981777
334400713
3297004189
158545608
3952863914
235601143
2396424409
3062077621
3192929725
3289745205
2374150718
2930689763
3100256806
3095643082
3109530741
3039515967
2831641844
3092554881
3246880691
2840100886
3031856073
3091728061
3939131596
2965101693
3090226673
3195938073
2196425756
3100598248
1337945916
3074473374
1653854412
3045706477
3095551113
2240846057
3094684208
2912691933
3092590043
572128620
351893313
246160575
22090942
3092586767
3092627914
82390302
3165625278
2373453242
3149593591
464867175
4243139480
1908892256
3306448189
124596859
108192135
463307646
352701848
54360288
176224244
443449421
50981161
66046590
548006311
231983737
206735576
625353550
314834823
341658039
236549282
3396079971
238923113
786176419
128473630
478381421
27266362
467047990
582037555
215697900
2696823469
319861696
2699578290
2420618906
262749118
50184013
181572333
2928639025
362802821
2928570368
3425216242
2928563292
1170877196
3433171335
4183257141
4041840838
2434076119
2784980880
2924829029
87351771
3895552127
2935890148
3089137170
2836451415
3953639534
2968320021
3166668422
4240147814
2563927268
2767395143
2800559388
1925703206
2797910499
2969700808
595751491
159578797
3235334575
3146544140
3215551145
2374258742
2486478037
296016472
1056264067
2585751282
2884248588
2564615859
2523903164
2455255825
2734934637
2641557771
2589682427
1954721605
3082943973
2317853519
636809503
2482172443
2722038352
457776133
164037051
1919350406
371678594
567519615
1054164709
31353685
273993780
716954604
2413148964
2421284818
2580878049
1598951066
2316343619
396713847
64770107
1949140645
2436816914
62017615
205175809
38871426
615496495
1517958560
1678543369
39136655
155736067
353278971
26411861
124911575
337224983
447553733
16294267
4194118696
45037735
40899421
3129885035
4135097697
1303233662
77054564
4141861878
1548667849
3091188443
607458839
1266349867
4174844832
3904586308
3005208899
3965637312
3547717282
3424974791
4175592057
4220153954
4218709093
4143801280
3951512062
50198768
2880351883
3953976492
588286101
3837218122
3996234323
2709407790
3304089676
2801274953
3999294159
3922713432
2923592208
3932241614
3822468072
4208694260
4175800450
3740627952
2431126796
3157856252
3915169274
208051845
3518792654
2546174667
1281943700
2181003753
573429464
3438053111
580200570
3078151537
3878488276
2764197748
4195283893
4185588254
4173152175
4172578648
4124683992
2423343458
4174631781
4142103052
3231303799
552814385
3526415491
2187942912
1108797276
352311926
2954697410
2427021577
369545365
1105431193
1306185625
945393392
4209022932
4121573909
4175571400
4102552753
332106792
1181504600
1251482359
387498230
772680800
443783244
587521242
1070893176
367655253
531201141
732724884
379173625
412305945
540905012
475531264
3430974077
1193805625
4177949477
1663662944
3318524959
4209377954
4175545641
4223111412
3902209767
2949954990
1195146775
2955300991
2750063113
2814133263
499176154
320224043
212741728
3987502823
3175550830
43332152
330304197
3271671326
2476723388
1964676936
1438468134
2414709972
139974630
1703636617
3568411
3430123888
30943238
60548178
2586088094
781319274
2902852672
416949345
3438897639
3296950775
3228499676
485390522
3190086062
3233701742
3248438479
3075377287
3827730313
3827152820
2589100562
4166736203
4159321360
1000699344
4193378113
2646919279
1887603163
3502245255
3014016966
969559627
2754652565
3243752456
201983779
4195224133
4167263188
969019621
953990540
825333282
855252877
827003653
2891666510
831598062
829391462
823644620
851487324
250283574
139055802
86819119
88294888
121962555
94184058
130389439
294410974
146594126
254294852
167503118
327173540
114982022
76177095
306842138
306841024
254079205
705393373
819866941
231430429
382244255
409442030
254288117
283095948
240669917
1640799866
2669612028
2759932922
2565636558
320841422
2929566803
3380369609
34425121
565851415
1898609437
905248225
2361738444
4031126199
3314169023
3001398292
290395312
4032449412
4154116287
4175354598
3876010162
4168857195
3676705155
4209209838
4186348458
1409953748
590133904
3030586610
2831949602
390973130
34877052
2709465216
2248977601
3669130639
3154170793
419890835
4087290859
826615208
18185124
4203907032
2940255738
2465105532
26705006
2678090893
3143434053
167760471
2988738509
4099555763
2661110936
4020715295
268355879
2936537971
2917394612
4238287814
18949452
12101862
67358777
16896485
19407053
1562404537
7212562
25053299
260907612
5920532
15110357
41634520
18126056
15279429
40344299
22536055
20978246
14511951
36706727
91478624
23970102
110445334
28785486
14293310
15012486
14083211
135265376
26001481
29828364
31207463
24788326
87818409
20402945
35773039
14173315
6017542
1367531
15754281
51241574
132947841
742143
1652541
34713362
2467791
77306913
214024891
185222729
14677919
45845720
3108351
8161232
972651
5988062
2217800420
1707396991
3295321972
630452442
98652351
3157869535
3158074481
3389976471
207453252
3041157701
434306089
2831719586
3139065045
279273692
3892294698
2624024645
334007444
570266167
3419801172
1676214001
4213665913
522580809
15377115
99890044
3951784516
4094104573
800711749
9951012
42107910
2420835859
473285651
354084326
2258910952
69681766
3301897042
448788827
31891798
3060158130
4026364581
2931833648
3013196041
2478645071
20562319
16332502
3420626493
2960103799
68553228
3091664697
2755847712
2765058840
3233543998
3042830704
2824072696
3186159264
33495086
3229837970
3425134097
3185276834
2375319067
1090968426
3252072400
2449342476
275437324
3289428249
4058474291
2256965582
1959800394
3393310217
43519478
3032992055
3014502422
3968265372
4103137763
3196409866
2898816343
737638484
525906207
169073094
29886563
3253254887
21727456
4022027955
595901043
205511189
4144999816
3996672976
4103122949
2726788301
3590459843
165065229
488900643
4188372734
344302515
30973
35936474
19248106
117778179
2871283320
101928415
27989078
23613479
123417995
23617610
23375688
157140968
95023423
79293791
236699098
32959253
17696167
23508439
14824849
38802447
30614676
31353077
581971753
26053643
16303106
268439864
28706024
19362299
115485051
90420314
19426551
26565946
23151437
25521487
428333
28588050
133945128
15727981
49658852
61097151
20609518
27195114
297644168
31262875
261387085
193147015
1473272636
3046806924
1465299710
1191817560
36431303
2431136251
948444535
26280712
59414975
24742040
22258315
20273398
7157132
18927441
10671602
29758446
15234657
14922225
3054361793
485377857
68462484
16595025
15810697
978954991
978944851
395477244
168987151
315465682
965808132
1414551084
981334892
2183955705
4001692204
28918980
1096587552
249344968
867635119
774072534
1404968809
18804875
1570141640
1462317296
2476974026
170089500
2508928718
169782869
120898723
162113619
488263289
1258444693
710302327
2273626526
2700452249
3301838720
4064794019
3948439456
1633426808
2360660558
3013961767
1100982744
2985946822
2385357091
288198157
376635771
4152148095
156214500
3763539137
324421084
209405171
8157452
3914097374
763929312
4178748371
2881326021
102601082
200267797
53778621
111200288
15007299
145459615
6015212
64252221
28605919
75883996
22441765
789856765
20457696
807095
26257166
2421110510
15485441
3909992116
3803034273
3954186913
84395206
17546747
17931773
2670611456
319886503
3304085062
3165027230
2873653704
3874811369
2306834647
2185083694
2351296892
2273647506
1604985488
635707846
822217154
2806641497
979084837
145369640
2242158134
129451713
1608470197
375373777
4121281641
245056766
3318511218
328801416
1175350268
3942377059
1442116386
3032110793
3502207040
2684118048
366517094
2286047737
3200593978
16248319
3096566760
65577676
71165327
366812553
18867844
446506935
4102231400
2933140444
4061120654
115187437
256628776
12874852
116909103
444940567
19713521
35120520
19478383
201881473
343598276
62554155
44171091
35767916
37391190
141189815
280826651
3866594893
3758280137
126893462
73986605
3071131380
308380612
331034073
3091369558
4132915995
3927607394
3897467719
53731965
851201570
3491873073
71880823
4089359772
143160619
2974072943
3558579445
4060923683
3198192710
3382611977
3751924102
2770547345
3309114325
3282932348
3963439698
3270562014
3673680031
2793136243
3391357432
3969221540
3727607064
3886528217
3955074154
3674592973
4096474693
4008978073
3428810337
4105927941
4115105957
4141807272
1463143333
4116848249
1627373636
4061320033
471141218
297898352
310420560
2888478987
72013665
459412972
365225968
1643309311
1304739624
2974792072
1671900474
3907874233
3274877018
4123217056
133715518
321983167
1413913729
210243315
2181929081
710890514
199327827
4122641300
283694863
2161547780
3988307836
481557757
2291370697
331726265
3970948872
4204732572
3283460257
3094388743
234666317
4144018785
2636686135
3645308297
3548707580
4030416916
2170438979
3269644536
1965228548
461292237
83758686
4057132695
346909982
398105585
3433590934
251921262
1965255073
3320702160
4122072887
1376758506
2797500421
814681004
3154506401
3284474504
3537510677
124227026
449531187
280668546
271770045
121852804
68710659
104607004
40185631
319863545
98774947
125373038
258667332
15620039
563927881
43192684
3430252552
2985884885
4130641454
2722144929
3078475044
2165750140
69654068
4113032369
1387712653
2487496012
3191503572
3320193017
3302007746
210553720
3886750582
3406120959
2258343396
205957912
3241007227
255354721
2949841373
465541246
3413741939
366348894
69491812
3090720012
2722708161
180949358
2264075970
3320580024
2763560156
3404245307
3424515184
3304555789
3517948403
47081626
70177699
3453390976
387871411
3071874308
331642726
1691258160
3929109677
3590890234
2984254822
323553545
17919972
2246341620
14920785
20322929
176566242
17019152
17074714
169686021
268414482
27260086
6480682
23544596
31080039
25460615
46296304
55117855
197598287
3303293865
3353566654
205302299
338778225
993094381
2863900949
118843285
2681157129
4157377349
979019473
2887330361
1525342994
2829691397
3248533350
3064970422
2566862269
455051657
2540511578
1397434368
842485376
3867586392
3688065015
3770508072
76947892
63847576
84725346
78723428
3906543985
2854923549
4122341788
247487404
90273912
4069672629
84195118
39874069
2673571045
67022569
99596811
113965079
28622388
301388143
150397339
4115406051
3293991014
300992195
63730093
301108782
55475881
3232938156
177335495
100147436
137763526
234493797
301057390
1560999841
1468241238
3434857817
45499590
2420814144
2845782335
593877807
459854503
2252069544
3833679374
111222977
3321444745
1583481553
4174152205
4105638683
3502132036
189100606
1576755206
874287482
2707134918
54986495
398814056
3118896727
2239275457
3313842625
162194667
93455665
261922057
3700801816
4067081782
582667556
4137778934
41929478
4119750495
2186734153
1664934326
766640173
2242816082
32509377
2895954925
635521807
91274231
2964890403
256162655
4121126867
2838027941
1335599142
1414753321
1633565935
3038541493
3082053312
1064313104
2365482356
3942362398
3962774178
2953685626
3364079325
247161663
3974482185
2925972277
3068239503
3189247759
1625597406
3383504529
3763079116
2152925191
3436564900
1500759469
4029547159
793265569
3043910381
2599954711
2396777448
2941412347
3430223652
3199906534
4099029622
1292609238
2951450573
2516484264
2243317305
160097595
3714793038
3832680074
3221423004
1688868931
3312174680
3764259447
2757132879
1265295037
22797375
89825875
1064294677
40798442
555580130
173413459
2334188497
630669007
188230263
3875953463
3362726595
3954642913
1328827076
330217920
1067288923
3761280635
212680759
3087656786
3062133284
1635698354
124334429
347864240
2286660025
2300655132
2988177020
74161330
2868402552
241832290
3090341071
2869951502
2923859073
59889953
2904931027
515539985
83669360
546178145
3322975702
3026449291
2789642567
1160402071
3241459452
3423006701
2365650854
16275044
4098174919
2943624468
3386588379
3774182745
800883968
56938863
3783094639
1578738596
3361888521
3361964398
3641395272
2754843121
2841111007
2733022667
340399669
1292584297
2652608395
2902801541
2869230185
1454951310
4096017983
3078637100
708657533
2669657311
3168789758
109599001
257485530
2396797500
3154100120
2590392480
156665369
4100416396
2310363583
3267216672
2874279075
14587949
2698530961
132601097
2615793896
25514839
3170076946
539362113
132538100
2313729012
2521019880
3192771883
1552968564
3396146007
357075684
365617235
31415281
21689411
2893674708
489923779
861400356
510492731
1390142784
3851121251
4059564479
2853485580
17807401
1965232034
629527663
3442263075
245509123
3438817732
553114122
3489988516
457973298
1605903493
317630994
3133972156
2361826866
1725984061
543519058
582762258
2898158810
2488123544
2572712341
2965490887
1353696488
487830546
26646321
43171999
46182314
3384297507
323576532
3348015739
1352576413
16671869
33918928
147759481
2448415632
611234933
3347046537
313627424
3366212123
1365374258
4052523184
1576849484
1077553076
2651131370
466637893
2705202001
3378740320
2833689479
2987943133
310491662
192287918
519586980
249096055
2953258016
122790434
313072096
2963544345
71943222
4112632156
3156163104
3192668186
2360562750
2757686374
3303486484
2695819537
3939397697
46509070
501170935
583208775
301023859
389550205
301101385
924567937
38387104
299858926
2719988043
1473587414
321214958
2398168969
4052994196
2889147084
3019200771
3382995909
3874913360
1906861849
1266727230
144386424
40530952
2607687040
3394450698
3017493006
1319231868
128938943
3130363649
3278858844
207739795
4075450888
2854795781
3241646585
4051356319
2879670002
565205617
4055819177
2218809108
3087541988
2784797223
3346764082
378762874
2278397088
3091992205
2614098541
635162748
169128613
4061124437
1434699608
1872741241
634960948
2815343444
293552451
1350035995
34840206
3305896041
283310563
3271525806
1531915508
468775154
149309820
15400055
410718261
1573413918
1635696302
396593095
2175604884
2345104740
2433935083
1060693213
1872351194
553065923
1708688490
19011262
128170796
3010647900
4068431836
7006662
2308724444
60222351
3731648422
469974359
252272685
1605587857
32508654
540136149
2511734922
1963190774
3260881920
2463286946
3941466497
846550958
3243014643
582681344
315325124
3184682750
3431845792
351889456
2372586882
1957822291
210969105
1478933640
3302602421
1897491810
2439432815
2974860622
167484829
377197332
4050707182
23536653
728225378
2613339578
3352332382
2451567420
3284984539
394369164
3592359195
708766649
2909505223
2823920459
255747686
1560693217
407183932
2376445596
606486102
450017544
968856518
1394184480
1914665388
3396826347
3987267923
75625182
199700520
4072228994
3047849532
4004961801
1707803617
1393895672
119860149
37094727
3271086024
4074054552
96815639
2923869446
156821279
133789902
16506495
324029863
14275291
38455069
133707016
19730781
239096527
34641036
2494254306
62911461
136024252
123642735
62824212
88811146
52878788
3101989980
3352565381
2197919424
2778537414
301062906
233070040
2984801495
34141531
289544895
3415222786
51285853
4071132852
1089969314
2587082672
3311423489
999546355
2909953052
591726526
3433277892
1040895769
472164286
193818082
108072914
1069615404
2465436362
1247362951
1663152649
3047142632
2392620686
2528257891
3188617471
1540418209
148141469
3665707156
453857487
182026100
500075276
14203640
2382889897
2449271882
2322799140
826751599
3834628573
52273466
3310929728
2913309368
3174326048
4075539562
424632005
3736246392
2837752901
1321956001
2246381850
2263650558
3855497537
3834215472
3421201235
3896871493
2830675537
281402123
3536524695
3191220634
17345990
3377482181
16206570
2293510404
358922259
1857043670
2600526000
1724928566
4094441727
36466855
4095783252
2210410015
3312426195
3287334584
2193309186
2596673712
3350688411
28893013
37696377
2879144120
3240418900
1638148770
3440048969
4086737769
2605160282
219409141
3131539251
3869145209
3972933214
2817193147
522537060
1613487126
16262203
748559480
1898338722
18221650
1900920732
27943891
22085184
18142856
48504743
24429991
50517206
62971680
18033062
22838300
63263205
62917505
124172948
67736078
15846407
102482331
74654129
16861311
47491330
524402549
3137855561
141425000
2565444900
53434213
1451718865
444775265
843832364
578026783
1375130095
84876654
2770430750
83487249
3091921569
527648434
3311697763
2376040489
1338601314
930303686
377825859
21982663
225556458
98249335
226285866
46740920
15891115
1016696390
532368832
718625752
3382286495
117277374
2349141357
3074753264
2727090457
301078886
3127305585
2422770984
78926478
1704926844
877666716
2995630705
376073243
1591687903
270453961
3081941545
3239152049
3107374443
3097082126
3136312621
3141827497
1599684787
3074645696
2826814543
2316955686
230022571
1186288022
1673394672
3142791924
1544198407
2882564229
958967508
3075192793
3011799253
3008097469
2586981318
3405627502
502534130
3154361692
3094777224
2979369681
2751461283
3151116778
1189521264
2401675068
2893505132
3174357498
162818874
2883398493
3022368233
2723931895
1583466104
599506546
1178011
219297355
307758523
36417162
2978645610
614680383
256290551
1335436776
2950706446
590088905
3001607044
214219294
3022317897
2923070694
1289855521
2546876088
3072707350
2898445154
2664181872
3095003136
3092338211
184910040
813286
816653
382267114
38679388
2815651984
3033503267
465679805
3022781429
605579799
3074711413
1543966681
15134782
21111883
34507480
19380829
2459371
20536157
13058772
10228272
106837463
59546109
783214
2415765410
2416860835
2723171460
112991934
396601079
3105867572
2418979002
15474133
52484614
105564054
46967053
28201743
31311757
427475002
436266454
239760107
56505125
2838136708
97000038
205437050
44408594
20884891
263221718
3282859598
42964523
153523222
40880134
227972295
2530876621
887548195
2820512047
122445177
3004681451
20612535
2321244163
3304349127
598717283
3293705430
867193536
2886569174
2942182453
3698285788
17456140
25463808
67693464
52522194
34040385
3095399581
15749983
1194947442
432742967
33539627
462122963
599602890
1340135869
297917731
416690137
1048144502
3011733596
3248630125
155923910
1341840876
621312758
785913312
464219067
228023870
3921470775
2957084955
3958484236
3331699373
3118388923
2402088770
201961976
308759071
2914532481
721470494
562159372
2670463578
2508667477
2361461294
1216407811
3005289386
252043327
2962872077
617561466
344845236
2404755317
202121006
750050767
844787880
788724110
377245304
389322731
2240612102
1465606238
326380075
270623524
3095065414
1586175360
2749432241
319266372
1535495605
334870378
67377408
272058058
159900473
2466512624
3366103065
1026893864
3403314244
185019826
1644143382
2876326470
307904254
3381129333
1628735084
739786778
727450663
2254040826
2767658103
2835127256
437798374
2873912223
3043352032
1706689334
2565952662
2285539452
628531243
20453073
1370512962
3073411057
1877123958
770713406
102129735
1393099704
2281302036
2396812460
2378973386
18200220
1716130250
206352323
979359450
1912839878
1345061886
434700167
2441347949
208211058
1556393042
215103276
277808821
2210851958
1629171145
2156278138
2576040270
30495613
236963398
2874284436
3039719083
3356501362
1953143100
135483017
1054515128
1922325727
216150097
114628033
62208151
1276518294
2936227495
700003673
3216880270
2364660613
106113847
1344824676
2950768180
595499489
3000005564
2296494996
273232319
2256488185
1717181353
240791948
296974676
2283776580
29612198
762127388
3160328785
2174027082
2603604546
3036935095
200751709
584793255
3543255192
67761066
1831833216
607871889
585071785
33606835
609356525
603585249
2868033876
2224965174
22944766
2788800799
431758911
2916322332
1264655204
1725584282
2918939056
2688474894
343228492
2654589595
935792930
3387271385
2366323280
2799175888
554088639
2329179422
20707076
2384359758
2414998903
1250384629
3064998112
175886179
1666564344
1650187340
77240955
2452508293
3024426078
3122040046
963008875
2914565039
3229753495
769027580
3233987917
22888930
3277804134
2843590295
2368751048
2194470188
1590960259
3304334802
632252317
3506936954
2786979678
304556289
74726511
222613173
275882593
3374959059
492498057
2733541640
3117706795
248099525
3219261074
3588048695
4009634720
2443319659
3185828923
582009543
3939613097
3987594263
2278105706
3406428089
2865664073
2332425114
87403396
2298619879
621498500
3092375633
399044513
396897593
471577230
2911859933
3012096148
3401067569
3301013874
569945841
2553213384
1265883582
95431448
2395522038
2394466375
2589686495
2828209511
2648164431
2976796522
1969666135
76593802
79650494
17881816
23601477
282339186
10350
303760268
14645160
3094809036
2915580479
3297355887
101660733
75355321
182384817
2889442146
852360432
45289506
2399728452
2806922827
2874968886
84110391
2974127018
2744841631
2603622784
2799312318
527506747
168163922
2769715802
1860177644
2936479788
154558180
3029728840
1110466422
2927745493
2628908908
2791242312
2595253993
2936814668
2422095793
2944001442
2852934376
63314819
1080611286
2895837012
3168884332
249961399
3124959249
3058188954
542909031
3077067224
2739068814
2862413726
2968102696
919284722
44141275
3058259683
3110840019
2937817357
2776551752
2606791568
2937821682
3064994007
3093705194
2888955153
236830133
2392666141
2846310748
2797144105
2314968708
3143238679
3144965698
2868316906
2894956028
1401136178
2744314436
144590452
2841140557
3141047312
2988080995
489929682
2904425400
2373222710
2797405045
2855869626
2981407749
2879783127
330335035
2984080123
1259906557
2891848920
2919266245
2922521448
2646844122
3035609840
2287590174
2907873631
3092630189
1466273623
627352246
1341837966
3100784056
1124745625
24835826
2621191159
536671770
1280739612
85240140
2827932636
2640877913
3058260139
2654401442
2429960011
2609001092
621500476
3123909949
2940981056
297059066
1120095661
2278601196
2434449122
856458654
3116398484
3092723596
3071271994
3044399984
156381381
3089478448
16334281
2871259737
2372598813
14592723
2718639853
2742010921
2834221130
15393700
2841076737
3129969223
1036732152
3007421875
3101166413
324673001
3116948611
33259095
2884329337
3093569022
120165462
27922157
2413826444
3132039499
105242077
2976640304
2918872201
3038138254
25950355
1226784751
24236494
3120242844
3122470680
461056460
2781691536
17442457
3138562613
1223508265
3117093866
1689977762
2651348133
620160310
2553911144
3134656344
53335403
2689144026
3127284143
1479568758
2541971330
2266023237
3129331189
40918963
384996932
3109087581
2720780149
2687840425
3021661970
3003035851
2805867217
2880372042
3140033528
570604863
2467160324
2990079896
2338618502
2942830696
2729334853
3115516454
3100699165
1567896834
2576238121
3125026990
2473737432
1958569866
3098407271
2975632738
2741752771
3000498996
2173409392
3021477167
3141039930
2366371788
2438849011
2989887770
172397445
383041034
331164466
2498429210
98658638
68876738
2651020308
3127618452
3075871480
1137808705
2982320130
2285217102
1338741331
522290132
3024838644
319598588
3081831854
3110285385
27087276
191264072
381864048
193187969
164386441
2715815976
2267146754
2277336560
2791328169
2899200187
7668952
199841160
47336979
2172087701
2852668657
1908608630
580560669
119459773
546393478
2590619737
2854306598
753585031
2613214742
2976526319
327526116
1452657685
2741867721
2469279200
2891491923
1037414108
2890303152
2222206525
2785240666
451057674
2466467903
192538987
508081252
2937533263
78734383
602297552
586625307
3084735911
3008441383
2938883964
298313267
48772376
2958777866
354348486
2999857778
1245064351
2324263021
1895622577
2440883425
314285408
154248457
2728492621
608324819
2742709030
1721812080
716471246
495065593
201913086
2285190925
328349308
485918668
2857967952
148070318
626805225
284878241
250346728
2188478460
2972709617
1090514047
32712325
202938709
115488162
1682288028
75400580
2493384126
154982943
15267920
362707700
2563734218
62679632
228739981
2161870429
267592499
26735842
19276719
806000204
411111930
133435685
2366582844
591364442
2793446473
1563692491
2954623320
1388193426
2958483409
56440764
226328807
2985104083
3016427892
2420638754
68433206
2659538059
2856399227
3016719187
2411600978
2885174556
3036985170
2440494433
2406010071
631712123
2172898128
156781724
83420028
59564035
889929258
2587535550
1441481508
190775945
2931472440
2361745446
2332613598
2664868249
2825637094
449007429
2420794640
41973331
408566484
3120961651
617003784
1142828953
860176891
84239103
2303408390
2281172497
616198810
1252387646
229822963
977278830
2433086970
2902004616
2902168621
2902030526
81126713
377481181
741788137
561674923
2902033922
2916205321
2433114481
1887590629
2907212060
1069302548
1607517631
2953995278
383953014
1862634846
1478263111
1622790582
3127649287
3106552470
3085670024
172174776
239675279
1033441783
2923955280
1561047254
2743930294
187257172
495406480
1007952132
2205171299
20611084
1048105885
1319489018
68254602
1126430538
138052924
194972737
2788112653
1887662947
2422413536
275286534
234113882
259456185
1214322852
37263469
796170523
154178600
151583276
265346491
350968168
2107671
722481078
2784764369
1212939678
126640753
96178790
222201897
94141048
2736406403
155428494
140734819
2261967726
163333985
394561204
511300149
54320191
71593566
129174061
179530472
217458422
3080857976
1231435110
102060509
101817388
431985339
1912627682
47907754
72235629
416237579
45113599
931978454
22311903
1335312702
290041970
516478373
427883660
3003681690
77772351
911670445
178985995
3080812830
102741941
2883228220
1068844897
2961439203
41158477
493421830
538352238
134193956
1717761266
227637419
2232830550
557412806
2853866697
233543018
2980235193
2532242793
2188480886
2944268282
3091505032
817725570
2962316009
197537598
3080858786
2945764928
2906694936
2194624524
51207002
110863409
3093683163
2183413212
2896038501
3010382550
149369271
3093705314
1198023240
2960898501
2783122613
19158346
438175544
2881467999
2970023895
90379747
175035751
2780227838
2482985635
132646498
55652002
3022889748
3022952269
1533367800
2790800877
2834864131
3023014788
2866188220
2266522663
3047336839
295004759
3047250804
208421329
204066815
904574947
174020306
2911962812
382312313
159203186
2956345542
3040067499
3125536575
2492318498
403341827
2870570160
358843709
2297228070
228037886
2931539329
2793078290
2892436285
2761720376
729521743
2713885547
2815546168
2909806762
2723654300
2826867896
2777780881
2896383907
2921567287
2993383668
1387739389
2989189975
2830166402
2271890102
858431798
2717819937
3014708607
1315065288
2573271489
468898117
217892977
3123721710
3017414119
425405340
2256308858
2936577223
2931517514
14619266
2969428040
3140212224
404480285
352988535
2348676463
3011126953
2943006842
2938412976
2709748092
2946517830
995367092
2809324165
447363572
2846409211
377032968
2682120156
2896145509
3114553519
3136895883
72329138
3004402776
2973824508
1251824480
2941778520
3032032790
2983414298
314372628
781028822
2969486118
2992342922
2965340006
50155819
3052000170
3113599627
2958149892
2854167024
736170386
2661548678
703728724
2924574312
2847646308
39651447
1410552228
3106844193
548171573
3016616057
2193718015
232487911
3008846515
403450037
3096609744
2872718833
2910768482
2939007541
109556826
612903408
2993429872
2585347460
329367887
340307218
495288124
2811718220
2285472835
397566972
56039266
85653101
2524906234
182812885
2913040362
2849247413
17344200
760239025
3067335362
3105098849
1269347568
713955745
2267928122
2533060411
3078409886
1681202364
2736511277
2726500221
71192849
3105664439
1305488773
3007996825
480993668
1212604386
84020674
2893413469
605581023
344375004
1593262698
1002171691
2958833430
2757066616
192482422
842250709
2990401521
978895537
74036960
2550014785
517808570
1258399524
239227561
217273661
1601931716
1475702682
45964559
2984684581
1292506428
2984548314
2422792250
371348311
3083565183
2953416707
2422145600
444028783
198578678
15203144
96843549
2161162352
552980168
2894161718
1881187309
2764294143
1487502889
2889089469
112323540
3054944936
2870780897
3116443579
3116068310
58371299
2613211806
3101994560
2247635610
2809102031
2547765773
2957757554
2956188192
298484176
408908347
198325712
482019610
384542292
729508760
2989160135
564411003
1681396668
17070787
2341011580
3084599117
462465329
2834550677
2773168419
2960864561
603360127
2422709604
58026534
2916848216
2913508368
2264166826
114161917
475432506
2996155466
2767955837
2936611574
2915455459
1522677193
551513922
2299772966
865527421
21239717
779757103
2790777944
39496172
2338844486
3060010586
2343022050
245892339
2302920134
1378743727
1617816648
416687978
2234813473
321633283
523916388
2905047224
2767003425
448176493
212319985
284645262
2537919867
580223886
519929459
3141879764
66004740
2942690190
70301887
544135866
98789186
2880385982
3076762237
1258193028
2508503438
2936138365
563285047
234061294
2337872935
25488627
613293671
2772410906
2891956984
3022314943
2889377113
1163813478
2817180378
2181493465
2892032917
3007257486
2942944358
3011810097
2934272436
1391035256
2875052947
3136469458
3120693595
2723075012
2401292358
2716886185
2989630575
3004796299
2883759713
3083351322
2539414298
2810510874
2836703130
2701116498
2338658462
3112283612
3013599710
1255680978
2977296191
2733799915
2719234380
2914157479
3139551912
2914903134
2923330886
3137333917
2563676017
2851427468
382414379
2609829054
3129137804
2921559475
2777715368
3023692764
2934993530
2905785756
185609552
233235756
168198209
2755427468
2303896506
2814085479
190975653
141399995
274642784
2837289847
176548608
273320387
126332866
23194178
188522805
2905749174
2728784058
22043187
137787586
2999293428
2793073922
2285744808
2972442960
897899509
355051064
2854747228
3131679885
2760460355
2745418935
3070276964
3059013119
1350806342
3097419892
3092695991
3099109407
3095117470
2987612255
2871787893
2913918908
2997822778
2399296919
2866455041
593460958
2625176466
2900047022
2298311473
3098952008
2859838855
2894876455
2846665789
2965728932
2547050562
2859154649
2650458288
219913962
3080606782
2913291492
2937958184
2154817962
2959175282
2183570942
2699985241
3112766680
706769805
620445782
1328750544
2921254921
2853285552
2951347970
2578774956
468725222
342881789
2691921753
2975587974
3135401597
2872824536
2760125603
2779069256
2555937916
542340889
2568464482
3056236923
1230599916
1342690112
581204458
2746182964
2845857403
299418687
636530074
2728488134
804312260
2729223054
2588754918
2727130356
3060160009
2682013394
2848206734
2894922343
3004614841
2911432900
2739062796
2858102865
2494571396
409181827
3138596400
2921569937
2877557981
276836017
2184784576
2439642140
2868391154
210917642
2347002620
285086024
271526282
3020621667
1649118786
547551794
120393696
1335558037
49081015
2519107898
163730859
443216748
1079859841
278328390
539617415
1906234147
2482379789
363961928
101617959
1088207396
2828093814
1705991035
389238190
47846709
825989060
2800754185
3062071608
20897273
345098678
846303746
26276569
1481351628
2685837290
840897602
1631128196
853324519
308297673
319175529
385039748
548945591
1381707282
2785793167
3026543184
2851672915
2324637756
262257634
3034255723
389549550
2799676560
279870172
1531514912
2265406459
330705266
344316738
61003804
313087874
894297558
1359280496
618336955
382402366
2629502950
1396698397
473228419
355795737
2179185590
125806240
2830051135
2739800508
310072711
73171449
351680821
2849169807
523317538
1489866055
2945446215
2799000361
624376674
177506241
3032089346
402467579
79079088
1384245210
132865155
348305539
30706896
2846221296
923656326
19409270
30500021
290738877
85192516
17049258
248900032
22178780
138839984
301388743
966677203
3092236817
2472201992
81545830
42562446
599434138
1380227275
26297176
257589996
34430522
74518740
20265254
20346956
152306040
3092206642
127614046
283090686
71472601
118562822
400368152
56126642
1308739854
94371922
34130762
171165627
230627444
25632341
25317409
28681610
423868716
2598435022
104602841
174562724
214537859
369665603
3007938286
20641934
43565249
2972212486
192343075
2324492348
3003759319
187897893
273675268
2312917214
231948615
1665398179
26250653
590979169
235102332
3085092965
2230727839
2456159687
1129028324
30357579
630676501
370477634
302231807
61523451
3043645856
899423592
3122432994
1725387636
113982508
337374913
1328497939
1201382161
1624268202
1194913206
2296239904
2859575777
379408088
851316548
262369018
232745526
354508293
842267617
273692315
20228233
1473189547
866486742
3064793289
485259990
46527223
3098497431
336186680
130613344
396945853
318474243
1367949007
965303263
127873874
351207072
267433110
1518218509
148862570
1367581423
229614044
82629642
2875953790
2538714150
220742208
216998174
223622738
373539722
790331797
74431959
93163171
62886649
301858966
547081214
25373841
337038376
89788329
39197897
126085826
372604703
19581632
468030842
2151262242
194327389
2874230781
227233892
1562772511
125224471
598519925
2759340618
2834744039
458322044
33923443
2381785178
624215118
2718113058
2645038853
1248961495
719359753
25560407
2360036599
2930058132
357668606
2814279505
149289239
2893992213
2963160099
3130731453
2911415899
2944983568
1551263370
3008670849
3121216855
2794081470
308676583
2457206376
265102488
372409057
759251
502232234
1302010249
2932940666
2522517895
2275470018
2440641445
407699511
1377662042
626955604
2521039640
110031486
2286841412
1352294174
753149816
2326307724
811174262
1012231573
266354723
474230482
2732329846
2763989263
2917183123
2341283197
2903302840
2899153866
2903240133
2871682343
2369524416
372253748
615296357
2627223434
1919825012
323986629
2938691619
2871783108
3030867262
2983203766
3035627927
2784642364
1539933986
144310273
112652550
56521114
1937213959
2703530701
2743151358
839886384
266275034
336115302
1706666298
1624389961
1551464900
388233266
3001979242
1366142172
3033691865
2731181248
2892201365
50027667
268376801
197658113
2269508551
704001014
947065093
1852094642
178931819
582897439
1398984001
1959790620
182218386
1002715513
111429630
2280087415
188103460
22591125
2322018704
2646991661
2595885932
2882597733
463844654
531758843
818347754
30836874
2720002887
80256008
248951046
99056552
64051613
17093617
116351908
97759726
1321799126
104050682
1588657051
318650539
24725413
168033508
24750850
380957466
62740747
227921622
303616379
40307393
44670915
1322632638
82816237
73208083
85391668
525264466
41673710
936241338
240993078
48872070
14996251
214730291
291666235
41502343
2979292089
214906550
15518331
150896916
1083638856
150470216
368944605
1394399438
3104715206
15530529
2959324792
159935487
275836449
1260595735
1868923704
168559296
2835941120
627738931
30926551
1231513861
2934729916
237968554
554976568
2856041127
284683160
155147696
2365754642
47890034
291296167
469658316
2793662921
210138735
2764230506
416548392
2337864746
348579540
2398078375
77269816
64626724
232882120
327649741
743607920
141943563
3105076018
498077228
1476215329
580847938
342386644
2840492034
2285940288
891266538
2174468454
101347926
2573224201
307586553
167225085
2261119284
483980540
16702542
1091845382
2531470844
351984035
134012373
2999691154
108710104
575735392
956902993
2383455242
2909804893
2516587266
2915244039
20955713
51450863
318594215
2362606172
83046880
66392495
2581709502
337305138
802716775
68891742
608409704
175262772
165536963
537544496
62912627
356302746
2580499010
24528253
78549076
560619863
2177537796
2545752699
1219131588
581815967
23001804
487716895
59900378
334742763
321923035
3035887829
74705029
1546703899
86962432
61452308
29036076
399506095
214118561
86669030
2796642808
277180205
2691791452
156417961
2636820363
419168262
25410548
485207048
3061552274
2690208978
2615915766
301561316
2342319420
27394062
1024529593
2336922498
2915324375
145893338
3073523747
25365536
3088636871
430107760
1273036716
2801197355
65194422
2779080613
161681397
497952236
265555434
2698617434
3018974039
2195579820
2257020128
3095151173
340431323
3097728695
2224149121
3080301876
3022224903
3094824687
1591525994
389490668
3094805147
305697266
915828438
306789964
104191345
195747980
50936011
26362965
2337599587
2164410678
2820242688
2467329642
528766080
257226960
403897860
497636057
2521042969
578363644
115787031
1195445648
225625338
2651445751
190764148
120257917
282741821
300567139
2884617466
3010711072
94154393
85452226
753256795
2260343037
2962582763
69572573
288451642
2934676426
40246348
2509406071
159566960
2944896575
88036228
605744186
19490930
972661074
575405765
281425790
1602035696
79785932
2316581784
251214309
908443171
111195515
1647753776
1131580350
246983067
1442266819
2735383877
72139119
2458722553
1388760492
316456869
899271805
2886708783
1677333600
2159190024
868487544
239884703
2564012533
2954230079
2796475812
167594163
2811099230
1119547279
2544410653
468764276
384061421
458350214
1567318082
312149036
382296252
2927773393
42890231
851882216
2217417240
2405742820
2732753069
300213313
2347212422
942454994
16499590
1647086328
48535731
2200580216
77065086
482524779
2393261970
1395502320
2698964352
70337531
2913977684
1396518548
923688540
548788388
2717800216
2919650476
437125007
2396646607
3037977183
307877361
242865537
108499915
2560876154
2946106660
411712367
2299833733
160986824
2397270384
1393268702
1477519472
22018221
79341841
611431968
316628513
394647302
358868343
1257790873
1075351266
49447769
827516286
609453116
3060277799
284704229
440428435
3023067782
1112646092
703821208
2756300797
2452419049
9695312
3008058035
95711439
148581410
251922978
177176161
259784288
124053720
118161896
211374036
189373152
270983744
294249896
297164177
1494010274
121817564
573459961
85218024
2594960149
128388418
74770362
286349996
106937704
2269341570
17338014
65457585
1024090933
2755995707
820260950
137059347
177796250
611607769
279175038
237583991
2865928112
133990828
2938100741
2818156344
2938100675
2938066737
94738494
2938100045
229334080
520024203
934895780
2319004853
27831397
3016069674
592162476
153922568
29639913
3051428338
476142080
479806408
2555227537
2485811094
3059684476
2952050607
256915287
2964527417
114527419
17676713
249243667
1132239944
279649054
65369125
1325515404
266641960
2480611754
2162361149
412199931
300135299
21361705
16655296
259190375
320789821
2792475583
939613218
2945550899
258957276
1359968023
2856755140
16272172
2304857479
359587264
821288161
2273842994
216301342
333019445
222480003
303554258
119178755
155629354
713882198
1924412359
2303467272
2973799330
307875976
1438213272
2890726874
336882993
1550821693
2751361064
387442557
75852262
474178953
198665370
45921393
30238832
197586292
855318870
557147948
582255893
44258570
716743340
551344179
307129908
1707976981
2975571389
358131477
383648398
2686682947
1046672185
1108695031
2716721012
274673392
1379423077
2548435469
408704168
2473858069
568860324
3002113004
244296542
819867930
152203623
229144847
2717697042
262470710
51581070
2800412675
1459019443
2974551923
189534066
272091789
119776110
2544914191
3081850064
864009686
955881139
459023266
33928656
215149908
347492967
1071591181
71993896
3066974375
286703523
2973755979
2914512946
596815797
108374256
84358248
201697938
267850782
2548722008
41793920
417395561
2828747621
78449682
2810700779
2871389103
2660469554
260609772
22921836
2180929803
804869077
110858308
3099288898
2850462601
2771491199
2612731994
2865765804
284338141
43318574
92810369
118149285
2912361343
137921743
1781193487
255615395
2571391969
38386328
979073125
380751880
404764547
350694200
205421177
455459354
2424328458
372951154
350731980
2423097876
2937617090
2980014143
2781308136
270579033
3085608865
230824313
17135313
2986075434
3021392361
871178814
1096489345
2863999067
74580436
213883469
5796972
245783263
2600349854
1015862263
492429477
611686687
57494392
82622908
65668018
78004261
2997815572
543787174
1716402072
63627909
2264452751
110079891
2399971434
320428357
2990838598
2927874756
2989993096
1323944575
2546787156
478078267
29089444
165111862
244730854
24702915
301630501
75855320
15648827
108626853
1176421423
196311760
2168699356
44879515
17505585
40527958
109295221
1414182186
298317641
78384881
110827653
87808186
23605048
142519598
28641033
1087680728
16409683
46130880
31133471
32745368
2477868655
72047325
119573510
73824657
130870129
47736553
1031482964
140465563
153295172
102729125
14230524
121540651
31133017
77512825
65186457
94422249
22952132
92670884
294294136
414799352
133880286
69413371
19397785
77694285
46452468
76785359
71114686
65432405
26757599
2317654044
270005881
161435068
57912874
43888858
35804886
154605679
104974333
1177985534
282123511
2695057692
25401359
57099808
42434332
80654397
36483808
103074428
376799037
264693907
25482356
76262666
133074605
2204282785
16212685
198975780
23083404
29749448
586198217
17549677
28058878
41221076
85603854
25319414
107636708
254274083
5885732
2179145490
11026952
2377147800
275096313
119332466
39797433
73012597
14085040
15973392
110213431
33884545
5520952
116362700
34140316
40924038
12804422
19412366
2557521
300392950
19923144
20562637
35785401
372575989
47288005
43152482
40255499
70162012
55033131
31927467
4101221
373471064
21447363
100220864
44409004
