318835155
135187648
16589206
25387183
14293310
22066555
96735431
428333
4970411
59037337
85961526
138369105
85605195
2444930061
14159148
108388673
20798630
5402612
987085243
15492359
21111896
4898091
56891751
19407053
1447305066
14677919
20596281
285332860
155659213
627673190
813286
742143
41533440
998332610
27860681
74286565
34613288
7400702
293495174
14499829
29757982
50393960
40892016
19674502
20536157
33933259
15846407
69181624
14700316
38002432
16683014
3225076323
600785063
329666643
589296284
1536350275
230845588
91478624
2577060228
82103777
28223477
5392522
807095
95251230
18017198
17137628
1652541
1179521676
61536089
759901363
95717136
116799581
265902729
343627165
2097571
1280690101
37601149
31514451
759251
3404427591
259338447
51241574
36670025
125481462
433590551
31160294
96845237
34713362
87818409
310754088
78183672
17899109
2467791
5120691
1221534859
34930912
558797310
145935897
328936148
179479725
44024059
17065389
2928906378
3108351
574796131
2248363021
125480328
77117012
22138357
3099875613
5988062
19397785
189868631
