44865582
2169969053
3045941493
54933722
47462139
3123755332
321970500
876182094
158487331
912310262
599138588
2276158580
3887827095
3122515237
1360245540
72107355
632792434
700135018
98756886
23767944
800204802
303463702
389082709
375019455
302741659
268414482
144174895
1607143357
196733852
112764971
182330628
1395576235
584971884
2524388712
1403774238
97097538
176572549
22798110
92367751
110827653
45266183
231953303
207579964
18091904
274715985
24929621
1889636426
2964807719
635841714
547922610
2885600758
466531564
1893989100
2158210513
2197795329
235900469
65992743
3206039682
87484569
15093629
176295495
56312411
122995784
53556894
88856792
230140702
2938181798
310821234
1361744630
2990454408
447384911
341429354
3339919595
248883264
1395426901
2892026694
1153820575
3017358242
122928781
330663879
262794965
2941936320
940756777
2922292123
283876949
3368879653
2617670916
2417593453
3870994512
2260276352
2958432817
3302836854
3307622173
2871836375
1898158483
470037750
263800151
3011954454
3648797184
3311348964
3273796460
3278617495
3258606132
3174367375
3977501833
3859949966
3689509520
413487212
36973711
2249225456
181294543
1192725955
16190898
3240335695
2832592327
3069521702
2786755487
3302401010
560607996
157718652
3323967516
264107729
4227075319
18673041
14585010
21777177
76970560
3037260732
2762497383
3150178518
2233233769
3079196899
586160252
704362416
2697076531
4380591
51492686
1268919762
1272540925
115382856
195651241
1137984020
728592182
128776370
117610558
968656740
720763477
941019637
2347156400
46788715
468668318
153436029
71308607
220260168
172782604
106961801
2291521099
137415452
2975096291
2402073890
110662925
210358191
199013425
138659622
456497995
1073336054
280938546
3080561839
569358733
201356711
2962784343
102962790
3186062322
3659201657
118024094
108936259
79692602
66075817
102594253
15941979
116677732
23061619
66334209
53790896
103603559
140867066
29479000
612441972
1548317628
75854417
349213280
118201804
3068581723
1963699760
609007971
21756344
138077726
2326526760
3128659191
3141987266
259683667
44588485
821045162
166128698
239124932
3642009198
3234766341
273557471
1139001474
1011806840
233362316
265982289
1329389167
3976165791
140070953
23083404
492399548
3142180802
29803913
350922801
194450618
368220699
16808626
3249572312
172664717
148720095
3147289455
287834630
344634424
230845588
240349159
22910295
2578381970
3221806381
1416345721
359621966
105297123
454862443
1692240811
831763386
2345275375
493127463
4181330932
233335916
252753618
216264820
20038950
221939197
2317800996
35787166
285332860
2405486082
23613479
27989078
32959253
157140968
236699098
15095537
171117515
7996522
187890010
124125666
273984297
204002663
78058750
403580183
142204481
309340221
66306024
301921037
303973428
45022448
1653237805
50684862
1704998570
19373710
264120930
14824849
258758307
18863815
68399705
1114200326
2860160796
45025729
426738834
152987149
177838266
1670174994
75974281
70179948
152720747
366592246
2377884038
2500955780
123287206
36311396
2859287020
216299334
9409752
250791516
3042848626
394581283
50374439
1337785291
2230987464
58214898
301440887
85452649
344801362
2669268050
2420020489
293539344
329789735
3427423390
74286565
45112524
515087396
14677919
618420295
1502405005
317708215
2220638376
97893963
140750163
196235064
617066753
224839276
552632832
2648673366
423384542
184910040
436482631
26767094
1147824680
366520644
3736119979
507026258
79068093
428368142
3938582272
267274202
181280529
995418788
380915697
411351121
407775884
607260531
446747042
258370261
1485512838
297994844
420376232
282064204
16542390
313245901
120925670
151123001
304596944
3012383612
2906564618
1731532706
2841624445
3163018818
932429090
25487201
1964571728
21111883
23375688
3097849946
95955871
3008955709
350091271
898058054
137017726
22940219
3179189467
1900356463
350224247
1302871633
2904058617
200150767
382177268
57024049
26205064
482357921
1320071736
560641368
56311355
265395882
194280910
418182185
2616831888
2240076430
3079192483
1378680608
170977970
551119301
555078467
69888666
131604135
2388725209
967462188
2493989585
150429478
1161195822
441190132
466820825
2938689634
3079180435
3079153321
3079147290
180505807
950165300
242567007
3064217373
357032926
457415970
2987922705
89405110
211658230
234719575
3053840468
315948008
2182033868
2193723061
2229001586
818644434
139876086
92424604
409089061
466882955
566237773
239411196
2648636198
1895917904
2712433789
2476631694
79293791
250831586
31927467
584183544
72857723
561697934
158128894
1561175676
287117871
177547780
316577087
18681139
94163409
101695592
79708561
132385468
14872237
155659213
