14677919
1542533869
72665816
1038293940
2324645354
2943547648
3238295587
2334366985
216765454
18322918
68441962
24026381
61824637
15764001
7702542
1895278116
56457399
2668634133
616523858
1226091312
2382915487
2420615033
28307361
16745693
1149804854
19032103
2303751216
16246688
1959405613
131040190
701534845
30074516
28346181
36724576
614820968
23378774
26554892
3379993816
35890043
1966864220
1587206460
25389599
362189733
138372303
140070953
300392950
21897334
7302282
3214936257
1032122641
3193537158
3092454640
14075928
2983295300
2416169220
240957258
599099414
19091173
16639736
113503757
231989667
38688377
37823344
27698202
512613427
17051641
25471833
26588937
498961017
19735580
36139166
55424198
202416362
22502646
44457290
78183672
14885860
68540316
2209802017
596841936
3031773216
78140378
67974410
1115148079
2996538880
349719397
487602166
21865953
42560650
2205087476
25355724
718728986
521321191
91208190
245063923
18963641
14532539
2351789212
27862658
484190186
24478346
581971753
575014349
15729027
273060588
37106040
27821859
235441031
26144265
260523318
34998642
349297814
49883265
1397342508
2646334135
90959399
21254264
2458560776
16963843
297492186
21129105
22323319
19159726
22159122
35586563
41509142
432865330
2907113471
25019638
40891771
575044060
41197114
28370738
1413836762
1212079375
265758015
820944121
220125263
92131516
52529896
87954771
2934709193
29264626
23022687
1074480192
216881337
1180379185
68093719
1547513437
1034119346
2266760886
1246759412
27178817
2246115428
287148538
86002394
3118436106
783763632
3129895331
96223361
75579435
24277551
24580952
209233393
26619516
45006808
59342982
183330212
365642635
36354710
16807883
14963032
165307416
354653518
500798892
37196577
56940681
138804063
31122496
23261531
143514419
42258864
61288678
3119330729
88763317
488011724
34930912
59037337
95251230
38002432
96845237
153858073
17299063
52529345
40390377
234521957
40892016
85961526
22066555
45136444
96497966
47848627
75296671
58669256
27934142
19509884
33395719
16577011
70739029
32765534
41908847
731516941
48849410
3091728473
2762890342
3053764273
2786321073
1495880262
587817266
210911944
246467892
563827167
17947361
709198849
19383279
31146793
40197535
36240413
47464716
34422817
77338114
50146631
75646062
60348130
62399052
35761328
41738179
75266034
46124208
63854335
35001679
26553086
59040285
47275328
95819875
40519997
21843809
94885230
44122437
29796303
17461978
62902439
22657202
38021189
813286
129605773
34939760
85430150
64105882
62173515
32135704
42302965
56738541
46052685
105248359
23083404
80094297
51263592
25365536
34104616
43456674
45605747
14637243
65166966
116362700
215790341
33395822
84353161
20322929
259379883
110839423
129617013
39288259
38063946
34701524
22940219
141062646
34416644
19362299
122195684
78652602
36137344
55307193
229199253
158076780
48492831
2557521
35274814
23967578
141433559
135239380
34630995
32134081
44452312
94889434
123141948
28870086
32487448
32284802
22823970
257314477
39922782
222712142
35936474
18785654
42384760
21454322
105211981
33995409
3004231
184796869
43139414
19357128
16905915
16812787
46139542
32306015
169686021
259036505
96915603
61830970
130997057
21761627
42566291
42994444
253203055
61277941
41280851
31447081
110592684
135679321
239605051
109418805
235181669
336176677
101260005
135332595
97560002
120943272
51745373
308201465
358944592
65247887
715420250
65341882
116697898
762330948
608213228
336706082
237891648
262012014
166270127
24903274
453514087
181180906
19257315
131559091
36362259
96821645
245681717
384197213
41651800
94409059
20534425
18915240
104111340
63227257
358321187
379501142
16228398
23876550
16672159
14279256
248900032
138134695
195985229
273258515
32382050
116857325
158826313
195154074
304554996
272991400
19750789
245927436
189679739
972658502
50772918
53120768
33673365
50464559
23985200
325846450
115597898
19785801
455268600
270949258
20605648
297757789
97139275
69357071
18774567
110415837
790136510
1013925158
95293947
15111011
20344118
19212622
24804726
394828982
64523032
1059194370
175165436
9611062
188145339
257685252
1093797236
182958910
39886924
21933460
762585164
48212218
807291270
1146853526
1154672096
42956737
758747256
991277714
195863506
422065791
144312283
48355898
432874640
281084047
273182091
25015718
42562446
56411751
93739148
17919972
900451207
15781427
1084214130
950588342
359174974
407175305
132690868
293216865
552810834
249408851
431038775
367855368
432170995
361320446
263003328
739988366
249995501
257812180
603835651
774804950
186863046
148950115
548981100
383334098
807299275
382804532
295916680
45213856
284080446
381585321
448632028
168270638
113196311
290323917
250442306
102772238
150052624
395082340
72103125
636419923
251455988
251466919
250724249
795302958
1245066295
180442923
1368989749
198830228
301498023
1231841528
62513246
1392536138
465892381
306395251
572393823
103294637
327032882
565593575
1396167073
236969966
61046338
1105054266
584031440
307478701
432497940
492566290
921494653
7117962
289316864
1044257047
256593427
73402979
18402337
577508577
156332438
371466753
560489253
890891
13213122
16745015
241964676
1498551414
366334208
63503096
248840047
158630551
28665877
363954122
808066214
790264729
751428847
357755782
365790284
1558353300
919708950
756377204
166338669
127336091
1593945624
363122798
1611939709
285291750
35472060
108031696
535930252
556023028
352645788
1626385620
36692042
20000346
305120398
249357254
263461149
1662738822
1586403307
1677159198
751651950
468865808
607119694
229408154
33324885
342918897
400321930
242796539
312797900
1358062944
559928450
562338854
1428219750
19426551
57100687
71023061
26257166
1686724213
23632910
78769710
153546863
168769498
1682308039
16403943
90864867
21247463
1625443591
386338014
87561924
78416694
139961822
740895416
1713141583
1663546770
1513430779
726454964
1096752877
1581846648
284266455
1119774546
183675164
1431251394
789483913
1740607825
486308406
1915511666
1916306742
1869267674
378158952
61001001
62536604
525333852
510322989
341431366
13393052
2153542610
858903494
1090676550
140118545
1362168127
90011799
1125745772
242789048
252819544
2194292254
342371346
556174802
516166833
774135416
132646498
17974068
14572574
24383563
35018926
87791392
78431026
28023330
160820894
17965667
774036337
246094583
17444764
904664118
148416176
5162861
613691067
1557403710
1553816221
282869398
268414482
2258028332
373219150
2314803114
2272254045
2271518078
2232282140
234161639
998297593
343049079
386181241
634808718
2353872720
235176484
74626521
17786601
2295286454
2270850564
2272028274
60381597
19312353
14266331
852848130
144917147
52426912
53086872
589417617
358600457
283740396
2334285608
988665763
2361786983
1669749096
2291861731
939816458
1570675538
2328791321
2334717642
1266052711
243394827
42111364
281284263
268645956
14782148
1036294003
18645429
93942737
32206777
2261312409
70202449
548853089
2377201722
2324649998
14599588
123417995
167155452
23508439
342165503
360099026
11856342
365644014
65536939
1283809237
425938818
529060969
2477011873
101566422
20793816
264536484
2242772408
2539925094
79706196
2359926157
80057264
2282634636
16877611
34430522
50811932
716711030
1078539542
27738655
2291445948
14348350
980732322
16790200
74518740
22178780
19923144
983480443
16302242
42040091
193095044
48488561
23778898
19500055
50323173
284089166
324098537
19356263
2767350163
1140648138
1939151588
757972657
1392528421
1700657922
334305075
