3840
1605697693
419710142
3571253115
16120265
5668942
29054405
18504810
1274561
14653404
5763262
18937279
44224256
1700977734
324870954
13666
44886859
791900562
14237001
15307727
29238944
1500441
17463
36184220
20431922
3448008448
117662694
14426771
83508798
18293952
388388380
2482358756
323305899
2931766174
4109744234
40458121
3409500819
23251100
2914901723
494514667
582221915
24967547
270481972
1732749098
2533142156
40404150
467066383
592758438
2913725883
1730556139
3904423214
2892180094
24329353
2412406063
1652865734
14677012
1093090866
3970724595
1330457336
813286
2995866097
15164565
443697381
35773039
8761432
14511951
14677919
372784800
3315192342
153006015
116691691
281136865
2884771
114562218
15467460
428333
1877831
51241574
22757888
16664681
972651
2097571
59486068
112236047
13475802
9534522
446119141
15441074
33657314
225412363
289013040
5746452
2900439489
25562270
1645239654
180153573
24411256
1358967548
221140420
314756516
2839555160
81305054
34977164
3406970565
3515120173
3164374787
2337087786
3408683926
552159727
16074627
218779849
350355393
21887420
2939564188
267084551
933143924
16548434
2991948728
2603125525
59845307
361951062
25098482
612473
27860681
18164662
5120691
87818409
328990309
104237736
2289618368
23484039
3834372137
2342604252
3988136147
69620713
28164923
22469324
94682674
3269520709
150041805
1257862764
3244990554
2555057107
3506117549
752162378
165696075
2999860941
31173167
218634414
87899852
49979580
71330454
125400714
19290107
3190388565
16126957
1720885284
15932734
24685927
26478467
4067660835
3396906544
2364562272
2610771553
16865889
410836465
17531205
16877220
2252419496
2333864406
2774641566
2306228096
4795561
330740614
1885474430
8170372
24296208
893834852
27097871
15730053
301715055
934681
16887429
15811342
1560583646
68119671
182345692
59416825
3599739316
3384286749
325578886
204750852
52693210
11014272
54555320
41675415
256210681
621713
1571068567
29964546
28087293
207392880
3409993127
3404269593
782426713
3307301377
3310186388
2878533622
350757083
126051220
3565133773
3200721971
3640978815
3183371910
3408577755
3318440689
3958335833
1117174969
1964282761
153966123
3390799744
2344469252
1963207927
1488262922
3818296582
3306954646
1342158481
16542582
2797042557
1009292581
4015641855
3971916809
1489703012
167760471
134525639
1374370452
2177905394
1116744858
56314952
870653330
120036324
1707545024
3590717356
137352522
4068200603
3020223969
3363574034
286674780
165673241
3055387405
3312324930
3313024038
630981229
17985280
3374191402
82415390
273540698
3415106867
14372486
31816737
108360875
198618575
115159642
1693905925
184997446
621523
27015055
157981564
24918192
7315022
15841837
778772341
57682960
15808647
205315827
1391776140
869894239
2803587655
3092760839
2834737241
1713619561
3351263776
112813602
3993526721
3195964537
2971342553
29159687
3063341919
838879130
2914541789
268925007
1964259854
113466518
479758700
96268118
450178104
20640328
27960823
112243365
15015598
2724519558
1100038242
2244340904
2438893861
2305378238
33602654
43166813
17471979
1754641
22938914
16580226
11348282
8161232
819800
43562201
1636590253
621583
13298072
34743251
3878166434
19689682
1693977098
28172926
7905122
44196397
491188132
34713362
14800270
10876852
624413
18949452
8841372
25053299
32359921
15110357
28140646
24775410
67358777
16650886
3666305537
47202037
2716414825
19720395
1081
15317462
92372528
133269253
95931513
5931792
329879195
191381510
902593927
1861780184
26594577
3962700627
3379467837
1708295113
98330801
21189980
12874852
109237155
3082336246
112242274
1399071
182055312
3049427986
1132738686
230567042
1611458532
594550188
493063481
151242944
432022976
1109129574
262652556
1901084142
14278978
462775249
2493701
23135992
19478383
416949345
80759906
33495086
968634469
69681766
3301993205
17953214
85323004
38399138
22020347
35120520
14579415
97487983
431983412
43570256
58559649
2831321209
3429488757
332971856
16529873
3393438658
468605512
545605650
106846344
3289104284
25503051
1079955560
3300332498
2347919978
505951105
3844898952
54159997
278691695
2735591
20562637
19407053
16896485
15492359
15536454
2905329448
25535493
16242081
2467791
5943622
849429727
50393960
19590713
109515460
80006218
3754891
216999512
817209
24691376
14277276
108698830
174978550
112434740
469350872
270320322
1263795530
16344012
87725458
817386
2893971
168857946
988432730
1207579376
60642052
19661363
73147282
750109567
1561756226
1396731912
30261067
310172494
2833715308
275686563
80513844
228039835
1425568370
3247894203
2890961
5988062
15333914
816653
62235168
3332169393
33548291
419504652
1577825089
219776551
130517489
15028114
252973785
962515730
219680535
124175093
114414972
125610043
3108351
9130702
14575107
15846407
2799525129
19492192
807095
20536157
153474021
109702885
11856422
26378439
6519522
14075928
10810102
22752559
130649891
742143
759251
136361303
1652541
10228272
25093616
5402612
23864985
47459700
7144422
1344951
16164520
20177423
14499829
14885549
5392522
16561884
50940456
11518842
91478624
