2317191402
286727389
563371138
560726633
2321596680
2543384857
133045742
371934504
344831981
105590428
40255499
1960809751
14464390
15762708
101695592
20674741
15821039
263955277
14499829
370448015
42927636
813286
116393796
96424165
59296107
363263202
601855844
43974007
325457405
20127594
142196592
221362917
67828592
76196585
331554375
18630168
21967342
2327860633
36670025
353904158
412315106
52262865
2232398257
1440769824
335893756
334823748
974458891
3621436695
475034021
2845062879
532236773
105851123
17569478
83332133
2203227956
2917750623
42885020
2858812311
518993159
18448699
20247035
87467437
65418411
59019388
46482757
2825990185
434520660
296962729
33692238
22815350
80542580
290510075
2416477157
1252323860
3312952269
3342729742
2549774162
2458696080
2545695739
39036572
305043574
1618023072
1480735208
1506421506
1208146405
1382397522
2216558833
3010071094
2815793626
2949868667
413327979
951831066
119543048
613476750
193710120
38209063
20772540
926290836
303075553
539244060
88165761
575070470
385311382
3358121153
223672526
3165992854
1604931252
366353448
2248555140
2201208311
3366311493
2992677224
2477533344
1044777354
1362008011
36886968
494996993
2304814165
2188240556
307354043
605276285
86680667
300515046
1428704078
250193410
1928702612
44588485
104240924
95493216
2491748864
414766160
798879662
636938383
2883808867
33300246
865432140
39772409
88757512
24736757
606412878
426730913
19996158
798356976
73857275
181471978
818991752
145627974
257836488
3126813833
2426902464
57666603
1113408414
116969801
33933259
14159148
18213483
134574334
28978415
404827424
120982880
436652201
136650035
14700316
2065391
18327279
532304686
56973036
1019967199
153810216
393919703
1068454040
538104730
289980669
15534344
78372858
142434079
19642497
301937258
18484823
115334423
319388447
58888253
425265892
2851196163
395368385
46155954
52515442
54222477
21387603
19177501
47591958
272077769
19834221
1598605909
21713274
92772674
28081157
18943859
21611368
155533905
949579766
180728300
358165174
156265400
89675708
3079117510
40218646
951493892
589247365
2611669729
3047561012
51375408
23172657
32950484
222487879
415474076
510722928
14786182
400005396
39324725
314044524
2821726537
188289863
359974971
101633763
269952004
1045697720
21089170
188798952
16688083
25358498
21314814
2389398355
17118903
356120039
73633047
596893898
17627525
1694040764
367481082
948169214
2361717019
1217511
762518053
56875220
85555796
37963496
266020632
466712385
551426814
41822696
86182150
21270225
59502660
46470600
19235437
27763152
14329589
37005435
18021496
79295663
97062761
21669123
21925979
344592029
86776195
96916661
47601406
38515613
305732399
18301196
366606110
83487731
15439395
256455823
636904303
32774989
18495473
140025559
2680961
21692297
213295930
78621972
21748010
19608297
31583882
18916728
194307466
485771943
16616067
19230279
549943155
285626945
133860624
30493720
39578823
251153469
22560739
20375332
48665654
2984674548
994658642
44219327
2931826017
43785081
27987687
19651284
2650854048
888940591
234763847
31135856
2891898418
2992951515
493272887
2813644258
1384353066
1179034440
1042385216
227774647
961196552
76132328
64691977
2233806434
20374624
460286728
901445059
215779616
130147902
27399614
74150233
153818168
2585060713
202194744
62946383
77200294
15229581
2659633734
174295296
60699857
139766307
260379389
2719538389
2180733476
