813286
3108351
14511951
15995155
522250263
14677919
133685739
126095165
82322622
16143542
26235265
90636188
87818409
108247668
742143
51241574
58444150
1125565232
59468657
134189118
1855474548
537579055
289998339
23743904
15473762
930995682
28297965
17023762
94061417
27623650
54565474
40040788
1619641
27154035
69197548
19247966
19251458
80685646
206936115
164242095
183585551
12369372
17229809
110970149
871686942
36497578
18861666
34918353
19909207
21996235
295632119
29695131
1630261
132260979
18844557
17490571
91096410
20758087
106692145
282617736
5894902
30205586
796749475
69557313
146579141
309186875
97446178
229025302
78155228
347772955
32340023
500582008
14124083
275569375
572839231
16468227
1953001
25485248
368870733
113687072
247028030
402704054
210795921
138773905
21642976
268345035
49441153
1276119673
95451510
90875138
29249528
31488328
62840317
115584650
70743241
84379342
177526987
20181862
19333967
36732619
63788496
21966989
65525881
19096593
334999986
63786611
77113713
89713248
89691970
115503707
470336591
22537220
45478891
275932058
162338476
21350491
19656975
17471979
4898091
1877831
102707504
14569869
5402612
1652541
83814679
21866939
5988062
26221733
16672510
34582313
24871896
24447643
199340897
226087776
52064012
81883430
170045086
160544630
347527603
613871335
487524212
426156752
18273
300850662
22698952
23968944
378569384
400616390
270030778
389406328
10843122
93723543
164285840
97088934
2119161
22854176
19591826
363052517
20757963
201624466
211061155
38292468
125070221
102655763
21858974
14112296
20165367
4969501
138352859
138766695
17534598
21217761
38151231
52344859
28160194
157775633
18934825
21661279
18905236
20094535
35186991
27838688
92735171
16664819
17388955
18800265
11833202
19977449
69008563
22622572
29626951
15687399
806133
16631172
7087112
15823855
19770241
22967319
103036831
123969091
25311070
196779214
109224937
123577980
133693083
22789110
182764451
161392491
325470850
39151916
20041408
