2457805076
1111940934
369238541
29546945
15485441
356885109
14075928
14677919
15693493
115485051
26053643
30364057
34036028
19697415
20108560
16312576
1774391
63796828
972651
29885622
18996618
21852720
749963
41814169
1900694785
15808765
17469492
104277809
46696817
939922981
18170896
182180556
1707321486
14377605
1536791610
743585142
16303106
40754566
133880286
57097104
91390383
92367751
3221190907
3245135844
254099404
15458694
13850422
11856032
16664681
2291725663
67407500
3249638810
321970500
171682730
157140968
236699098
1200433244
562381032
361274334
256859727
258388627
21642126
14823017
3197498478
35762066
2445809510
391934171
89095048
415859364
25053299
40744725
26244629
175010693
14592008
62513246
25589776
84554399
200452582
8936082
59157393
34719119
5520952
14420319
1615463502
33750798
2151777325
2097571
14293310
20609518
1652541
69181624
759251
18559380
24890551
813286
21114659
221712794
106348473
87818409
15846407
35773039
413487212
32335189
586671909
205302299
71294756
1330457336
595515713
50374439
52551600
30043495
262754149
18965916
188801442
17629860
9624742
66369181
325566376
613673796
184910040
5988062
17446621
20255162
14780915
51241574
5402612
57013363
28785486
28995328
21982720
14761795
1344951
27457788
243284052
329746058
27042513
1588486417
456910776
1553886565
1630896181
44196397
15492359
22587869
82826066
2369638884
21447363
761815699
14511951
411582864
761806794
91478624
153862414
16789970
2467791
301933967
295663598
355906128
1074480192
23134068
113047940
18814998
16220136
131574396
1404590618
357606935
807583898
1339835893
14159148
19506790
17503180
9300262
72198806
18839276
16581604
19674502
232268199
318020997
44345790
8161232
807095
17220934
244655353
18215973
200712612
433102406
121964119
1211730200
1232528683
1112037906
209708391
71201743
44409004
61636488
164903782
15745368
939091
15007149
733751245
79293791
128155589
19010580
85063070
93957809
65493023
18217624
19397785
21576543
138814032
121887978
85436197
12044602
17061263
153810519
5357812
134576047
30313925
103065157
185163514
183255291
156529187
5695032
25587721
15764644
36412963
50393960
15670515
39585367
30483847
101311381
57188977
21940835
21600671
35695228
57928790
193459090
142953715
17588033
58743813
114785416
55520719
18681139
18354016
428333
74580436
