2516072779
780363684
2523036198
2892731713
4212097992
2734353931
3062752044
384467585
301910562
128163440
328990309
2752965008
91324039
3186045798
347723084
2900796182
1725892435
259150741
17248845
190576139
190997013
1097313854
2253853292
218822300
17704658
4208155220
3895552127
22216521
3729328816
1957130606
232750924
2512416025
2226736370
120007918
556232979
2237331469
3287376211
1642415419
489584376
3728239152
335751421
76561494
3267840109
571630416
96049545
326012438
200057976
90359547
70502545
2586242707
70352000
3959762838
3865451538
2784420134
3437655783
2720418200
3320365247
15089174
80943051
14420689
177249340
47916936
23080244
3172336522
34643446
3816296056
3187123097
3246977883
3230536556
1070558916
452755918
3869367623
191371430
34570323
34294667
19976004
38142665
19341180
338985020
8350912
20230015
24744541
21313364
34867057
13353862
68440549
38395124
8460572
115710058
133663801
35773039
1917731
20150502
18396319
25048816
9300262
15164565
21918310
32861321
18424289
21982720
16012783
4970411
25049056
14062180
23424509
14511951
408454349
19397942
5392522
1994321
34374472
34655603
16887175
15438913
105800463
102707504
153810216
380648579
3305815219
2739960643
39871442
2926595984
143779403
6107422
33300246
14138785
2938974446
3253584721
3904759398
328634628
3307929149
19977759
16973333
316443850
129720313
454912739
3561131839
3279117342
335125248
554680668
3247452032
14677919
147977998
189537010
3650037055
3222453511
112243365
763426327
100799517
352897361
3760460596
3311623507
117777690
16708655
15010349
61781260
14291684
5680622
1282992704
14281853
56679400
131859965
110437588
159992511
15348883
117366399
465973
16139649
26985345
249565463
179887262
60845623
185306056
3253875013
3513181212
23937508
8170292
19530134
14157134
61183568
136004952
25984418
20699709
20543416
17062358
128216887
14569869
21866939
459557733
14884472
7841652
228747444
87416722
371465104
182824991
3230027654
3730153934
3146647861
7587032
14839147
28628850
334053327
36452050
25101996
18646108
23970102
27311044
2835638575
16664681
110445334
86141342
1367531
15012486
28785486
15754281
161801527
2884771
17899109
3184181922
39511166
164263382
515838635
104277809
46003622
105231326
148517828
17137628
21303235
165688313
2215407589
14361155
3328000190
2156218140
2281943539
1712795095
116646038
14700316
20646711
87818409
27830610
69231187
33933259
277419798
2228360576
14159148
91989865
22484685
93839201
31379888
3231709896
191269022
21995123
19535900
21249332
35773873
19301055
2862153292
19768204
14288822
15515919
15790423
22637799
20908109
207477965
16361000
50627903
15735744
16345202
17133807
18334825
34258758
15632759
27844479
20225875
15317676
55678606
64418855
2834181117
41469938
14222518
19546942
25326324
1879831
14791162
16929349
19923638
21401466
19212009
72950235
19028615
15933910
80371182
3140635606
173988421
39601084
58462957
28635233
153474021
44415931
19390810
13018112
223366324
2444379433
2787853712
1300392440
21208444
98942778
65104337
204491797
41338503
15162193
1922861
35880417
20793816
50687788
17475575
17137891
89084561
133865373
44700469
46177695
92364185
141330551
110775353
222473974
166291150
1252183921
46787681
220408603
60152652
287728935
3228207062
29644051
77319691
2835084657
3689075959
28118830
19414815
174697564
59522201
105340932
143552619
426019002
3936446957
3178309800
4134700994
28611240
104886426
28134825
69693290
4114939654
3361170454
22652957
25140894
16697350
43121121
26035198
46186400
15225275
18220767
15613133
19933480
18912121
41707730
290081566
64574086
87222643
130522705
180418331
30888244
851523679
97933019
106185357
15562456
295230825
115095041
53359301
8792802
17524927
96012350
289204159
181701500
22197359
1055779670
394697624
568839495
608187179
40793336
296307911
34015004
185712494
438700992
81374693
560748808
7528852
126764623
15388832
366727434
15790110
21232464
123665680
17945015
11332
15811608
14292954
14105540
14179549
114049072
37895093
31520228
20154668
17625560
3493884253
3370937399
16492009
21278966
8055482
59604142
20955168
19245826
14438417
3022048466
49061402
3656787439
478285314
14206711
15842160
36782022
17086831
16581734
18775850
29730065
38696332
20678895
18784113
16310534
2464344769
133710839
23613124
278535751
18997715
203558821
110783278
508727464
67037642
29818609
2574598850
211854428
20770172
16983244
233631354
1964125430
2800039118
245795318
2854260631
165503959
136712882
390602999
2186404530
1528892742
1307136086
631897963
3284544565
2478321282
2343886706
875396568
536036390
1898947332
554937173
17330272
16571541
1650350804
175757261
166219122
6753582
16877448
10814422
94919897
620831158
15843240
14537303
1727930917
2689375933
1600102004
122461906
153492935
1456889540
27953
628894229
51346078
555839365
271147332
428806093
2517089258
3259836433
2426625860
2831112408
467495963
2570637738
1012683258
740110201
104400985
373773960
169410723
1388697056
476608309
300770083
548272217
3314982259
2827971098
907745214
461753187
106148615
245944701
2243918402
3267103632
383699169
1533437995
617945319
2898184646
2346381919
2478837271
234580841
408270873
3263056728
1659708559
2543405779
1723107493
132830448
575946941
460096296
16957312
3266873827
579159755
2754460730
1930201237
122878893
123823627
1261559408
400561424
244430409
219593218
95610648
244360740
1217911796
291536637
1196382632
833071844
1614423126
1091102972
363546926
914012276
2478054241
2195805673
503518929
1258568222
2369850955
3017058304
599948922
777729278
82055424
3270783145
583900248
142377494
9034852
2368655227
567215077
1882824708
1686285133
2475422682
2378460487
2479413380
568971830
2231770020
2297607464
617876027
2284632950
354777007
2881735165
3196082312
2284766174
2833887554
127162099
467362466
2436610890
854622380
1474096028
2530395287
275936928
734165059
344530029
973444184
1493532854
47261130
777837918
205187179
141274459
2879431434
400486594
2414059400
8035492
3637535539
223411066
124194767
107343575
2787290420
69547924
2410791109
39551720
479679593
302811702
572584542
3075101184
446492229
288674098
518447431
164175228
80872447
170272116
502922019
1145113478
531134764
3301229498
3322210872
2896016989
2666790409
3248484506
3105772195
3481672212
3678169153
453984100
1731042450
2569494848
2988924275
94253702
806207330
1516195886
56272639
388806291
912657794
576164511
172058334
1094995634
986278748
3517508953
134906686
3104511810
3319850516
2545701750
2713971102
1562459647
32905594
3557490913
1418662837
231033118
992983208
1522131686
358136545
138822469
1550085606
19929890
16323656
3086607960
2778805381
472445165
139892086
2611310594
1153341570
21396124
252958822
2785671781
155871868
472790196
579885372
220610353
3368162219
597349258
23563830
39441245
2396003209
41900457
486553548
943130996
79379963
984139622
58200384
90672407
34217542
2397642349
3304849422
99471291
202498801
277438010
1584134191
3282247526
59440334
3613332444
292801988
2375775776
2853384925
1535872880
1039264772
48656673
246153945
3191168663
368435117
96709645
548535910
2378710598
326876906
91821494
3017320867
80651335
2399388800
571647154
50999974
23310483
20676810
55540018
891553532
1560952615
1182257984
2473021682
37432982
313211291
2777921666
586632298
936950809
116366915
2205391411
143766231
2955928989
189493795
118009775
19971600
986254466
40400019
373410448
247212988
3245949218
63073975
2615362436
3303454596
2873290892
3603134480
812539081
2358413736
2361446029
2540057640
141633175
119456978
78259714
2540077909
2439361592
31656892
1681289238
2182353464
1324040280
251889582
224839276
21367580
2242180784
3304958503
2849445313
17692554
3300423967
2595540824
3138727082
386609580
45800443
124404916
3396545441
35028422
2428675976
47753886
7144422
18080969
816653
44078873
2218274526
972651
275686563
14372486
2890961
5695632
11348282
17471979
17842366
30261067
1020058453
112236047
22692199
15441074
2789640931
1270150182
103770785
211413815
19898168
534322787
498707394
583594813
1850292348
34537386
480286332
2313218292
3164714622
2160812880
15338256
239760107
205437050
1513967203
20431922
3300241688
497776199
3196324087
1671463620
5402612
51241574
2097571
742143
5988062
353701419
280716675
158865339
2735591
2791668439
177453674
2799607758
5380672
7040932
15131310
17242874
3237134827
3345014846
4010820736
181850923
38883394
17796018
15380717
3240531776
24266551
2771113803
3177540398
2607751238
292910698
2770722377
3298177520
117407834
3273018098
3313183165
989137039
2829455921
3176983206
70931004
23592970
106345557
17082958
30631766
176888549
1361387029
3309060097
2295929078
88748878
3534907093
3678265754
3604855873
3256439238
3221985212
232038528
21453226
17671636
21901060
302458717
2462995393
21748938
2409330238
325137457
335873700
101983276
21214200
291725714
2478190514
980256967
2741698794
444369178
882909276
45577524
119802957
481262323
30985586
2809732520
800379037
3910944734
250062140
38949480
237696445
39211877
491958010
54870206
72254901
778574724
2390623963
101462199
588217099
1416137946
274512091
98923156
478570626
358038943
3812905994
2374709912
426507654
819722048
3724077499
525348099
557162010
837434124
742870447
1357448353
2777802397
817302044
3293769605
3646237993
166551949
2900115554
2857616305
3670960519
848692922
387795960
1133444370
143119637
1542918302
593350459
1316016488
3245973306
197359055
3305912857
2903468137
3130239084
138730691
110384388
2274354530
552009726
515616254
3425786848
371709948
2989854943
74414542
80404504
89336577
147019183
131604135
619586351
491258363
157730313
128044583
22129677
115621365
543622226
3319985874
391204136
156959228
47562301
112764499
6540142
3305945622
6989452
1632679345
83598887
68069915
64028241
17674644
49928921
297952445
97073640
3026484969
2997192263
1674881040
2926780773
412020132
2725500535
182384817
135380360
297388464
335874396
2475297487
3021274715
64643056
1955939365
160498109
3292213657
2458009934
2423719458
3241068481
2551942752
3312426000
125664751
3232535485
3735045378
41463518
106637102
3676399812
2190080713
2643570793
52128563
125752523
25155195
22813058
27038653
21942365
129587268
17984557
53147055
63253045
63679163
17540485
205339205
124242102
346742249
205671915
15383636
138787183
183398746
155949831
203144854
14399483
18481641
34395888
30180137
16193578
78021221
60259832
28384755
24250884
2885489051
2754965688
544780599
2612210384
2227476776
1621679142
3747630317
2905431997
3265755864
433233559
369514419
109702885
549470860
250911289
180124279
221392767
40080940
3236811889
24047612
274040176
465723566
60054156
49239873
40851965
73359920
69615397
145582395
68399194
221382131
937294358
18647765
114796408
90774609
1156866230
60659498
47459700
60649803
72568426
85772748
44084633
348379865
16913418
32469566
326359913
23482952
1088062616
20177423
28363090
52144234
136361303
24208073
194151454
80073493
19303815
137302538
85728742
2930572765
3212808857
3318031362
3153027128
176132812
18199855
3151247719
734775872
1445778192
172660574
41589809
283812849
21341505
92346621
416702699
2371638354
3286367556
2842862791
3308810353
2915128442
2229308850
3083121807
2881690033
613235400
847045608
1356591872
568010185
2989100295
255924292
848699666
402561634
29149536
2396545801
1725100538
2251804664
2533485582
106082551
2242595293
27738231
3166665469
3323600598
3179062465
3186729163
232342189
3323854608
2962313263
3434178500
903627188
428570449
29097048
2770713623
2771137157
3187568299
3273966404
80001355
188525525
3493753996
3349189798
3590548886
3527582412
3537416838
3317964692
2811917352
2900642462
2892283032
3363970463
3322051110
3241649083
3320009185
3301161966
2677324338
3546880273
2993877650
3314927064
3321246564
3254556835
3629406552
3118438754
196967095
580679102
256444987
3312267696
20595220
255526432
386012908
14095706
170808650
321025486
257150288
18942463
13837292
1198594368
18555180
3677092882
339760629
3314277547
34460525
2218232978
75040646
1326163250
2539347410
71651542
876401887
1524700548
2315222574
3458857874
2592819528
97837716
227750926
241047402
3237589741
176476612
80089336
357492864
121713803
106811268
47911050
1595914069
2264849412
2237652775
361113772
852914215
270347578
156556954
222067668
1475013896
166892842
3233133157
414554508
2474980194
382502207
384323443
487604783
361791843
568859426
3253420590
2421856723
1649669402
346563928
169342730
144831399
3221328852
3398686216
2337834499
632817372
2197439803
852443222
264010646
89879669
1669770884
2904256754
2284717044
441667882
2175950101
524196800
280906852
31632905
869701801
368795262
145511158
2915432514
188264868
111795081
76726886
34551119
2412565495
3342718354
3356614874
10383342
150189063
75987959
31091170
36644847
64634804
41066148
106992339
113887676
2766337514
2303459167
17438388
49610561
872252526
3250054009
1404493177
3227898590
3439492450
3267016818
2201121492
1883512009
2666443610
2190012637
2836354206
215917567
38800236
1009415322
100303374
14548475
15999286
864695774
3293247460
3297428378
2278920590
488751763
629097517
43042353
315916204
1305995330
1079559506
156187803
362342954
87189122
738377160
3289032426
15492359
1530122682
13066682
9027932
524935792
2503554708
2151671676
409172192
313823966
156733266
1418651880
58572077
94166168
110365072
173195708
1311041005
2283468600
1001112642
17158140
871468176
512361565
1433397452
1032443466
1026783576
392679737
154063747
460076040
274354919
266482118
771401353
245281758
291657679
430490230
3400915092
1907375162
2672794778
223383707
62245485
10933582
436576766
119318927
61210886
34667148
21687138
26782958
28995328
19644356
3181492585
286299323
243562328
466381396
366452402
256414968
218787859
195646797
321983444
630983947
538883407
3005075279
16901691
63466763
140321947
112373283
96745839
2936849904
2571238183
2616874136
307826219
339215011
482033870
1264176392
3119785177
3220200972
41329146
182754120
63665995
888416311
376706088
98637937
485732236
2639625036
618790274
84331413
2773289766
2357514276
3230633863
1655082780
213939296
53031786
139680088
187823388
1220875086
2753871751
62760644
2949348455
3309364512
18756471
790912622
2911128487
3159432600
3150116942
600717499
1240725092
236445660
465338034
105412287
346665479
467178586
1552782638
16281670
3123833065
222087935
15875921
3359314274
84284332
111237080
182721283
3271613520
145999966
1680371953
275587125
28307619
437275213
149741178
143054375
1968223843
712891052
80823700
3305370656
839283151
1003614715
403932498
292765961
142163539
2183776513
381439794
154095149
545057389
579573829
2714505854
728495882
1100158760
372677761
62762183
48318008
51104731
414946220
154510590
483864598
715499154
210722557
97886775
260695842
1607926004
352202650
300105046
3150940290
355989081
2982269822
2787327931
702547508
1567813080
320648035
356667460
38394689
132414383
447908664
338555581
2902359368
2836641865
177565998
300108600
89648227
58837642
161125071
89159223
236387798
47797696
10850192
119159695
33645850
43430484
48497136
91195372
16529238
75016467
66408053
98955572
89183429
12221852
17683011
15676492
98533811
66395780
415392862
1675281750
21915474
494939290
249090055
102323621
87984807
317373303
38170974
349714440
57016932
323319539
27650674
1545994664
17351972
20348431
300114634
415859364
54502344
50883209
424359649
14582285
77516151
295676500
303940878
17998144
164613279
200865005
869356358
508651577
117680456
14789032
29493065
223780834
2616679500
395522737
64510593
15290839
14140913
874060801
37042180
14369314
19407496
50671851
295852803
2603376810
1338774278
2675817710
3007767901
3324283338
3268462754
3246639979
1394403979
2813502727
3013510328
3079860776
265822877
2939210797
1185110089
38824552
1502360316
200490829
2410373155
2585746411
3167013360
3105101264
3221193735
2382048774
3429101931
3197312174
3192129659
3222383008
3098306564
2800140169
3037372716
3243937062
3018307824
936292777
2780564023
3119188088
3246706547
2925397506
288195815
52513078
2218445784
2302599864
331554424
1417780406
588286737
78242874
1583323124
394073923
358251690
3178006883
2596594686
15079916
2380338361
2340016094
3192357818
3071259349
3022086464
3230423022
3282741331
1968316472
1227681864
614178630
402528751
427258135
791517902
360474312
145592277
93825359
227638401
90347940
219273338
66319753
2522699168
3013245632
76011309
2922676045
3108028201
2896180483
442661191
899785153
31584502
594668379
739986732
859285064
746942322
76427043
1907181925
3234012486
1943920615
2279415294
1504557926
458158428
1516561490
626328682
125621233
376795175
125985383
210825426
44105494
44583722
184884851
30201783
135570048
1655188404
146006978
710694396
786630012
177859427
850854618
101189388
435779366
745026025
3108283243
1286703806
1605597301
879097704
1251087086
771400850
1605282109
2497801022
1734402163
2565582690
2456257813
2742509310
2935653481
2744425458
2719116884
2651060209
78340597
1432406870
2512460383
2175613232
40185823
607999792
1013915592
2357364530
890882492
1189783388
285498906
152202167
2221350770
39924146
920639970
1078925124
69326269
385008554
2228046800
156935620
388721683
292736321
2785480981
2253142422
603880251
33837043
2897598746
21003341
12870742
2229517448
146750920
289175531
19896810
33456885
78858865
29534491
204273895
278952098
119690322
139676169
18135599
160890393
56623527
311257431
207397774
1545143083
951522626
17484733
224924551
2846744437
3348723401
3317073619
12062292
41542549
82827734
2228086802
3020252279
3322435746
613198751
1162810482
884114593
123450039
2395850160
502062144
150597743
600941533
195015654
412999143
567988240
3158756533
30859883
1969337858
1943894047
96945488
363680599
1579889167
1339696784
74805389
2408879629
2478725016
1709746352
3081681246
582996630
1366521204
1577439990
2870348492
2946848449
370005464
144771485
543250751
369436632
2885374754
3180831914
3086078080
1281335484
2690193624
151332299
71776841
1656127026
22133169
1690351196
1642608906
2441132022
1546700586
97423419
2903556373
1850695706
1032088939
918409488
1882007113
1617331680
557773412
1153045459
15030179
282449687
3108029856
2855489750
611480120
1432779931
2311845360
2256827918
751308451
226087776
2682155256
1667055661
499505517
505759060
1711911150
378049415
607920107
2478103578
2601575742
1004479418
897316764
46649078
191391062
145495347
2748538872
2410828290
2725927513
2713837740
854119141
608300029
2312316238
179030314
39017868
354152553
557429218
2294744629
110649971
26490164
16143542
2479593294
244890156
2222593117
187901439
849051374
45578562
200279198
2959411436
68941804
819114680
1500349357
2470674560
150220875
2317387909
139639440
318925189
1223842854
2290898083
2470501782
1156486100
2274157770
1595699714
1670150874
2443805311
2283141744
1140135786
249031630
3025239456
1545763104
175461759
1702213458
2410454857
60564153
39495487
88918563
151549941
99878596
193606044
3320429677
95404086
408254056
61126132
585790176
18759080
236788447
70465951
70622752
21629095
62802866
2897254658
2326996770
2563727017
1882052538
715662259
2385641827
2941721204
358152247
2596204046
192411026
2402972148
25850871
72784218
2971214239
2971104072
2766802861
3113436178
3045604309
3123536954
2603742193
120400410
788618750
273244263
814815882
2308212302
899301740
1214159108
587659755
476504920
261197164
343878438
883790808
519718001
2665357074
21824580
2791884254
3016823374
3314391234
2311350464
102670674
2388395473
451427423
2154196226
2435096053
48981432
2512201639
2512217324
2512219369
3064332419
104451299
2697881166
2572687309
2910906847
479318598
481111953
578647427
575315852
579052614
2423485134
63829525
551751446
620622778
579530378
2257467866
3189245115
1342759663
1342581715
1184886512
448753938
324851540
579542871
321913988
478583196
3224179586
124990026
748989494
2436769495
2881628498
151393952
428848035
2237264300
597208265
2905128746
3010820066
1429672334
927195552
234337156
222747282
1376977813
853889922
618161645
179006721
88164343
267609721
2219494916
2427744414
2515114272
3054890419
740348352
2864712757
911744983
507315615
113263142
964957262
274965343
2517498018
77221493
3305720120
480107662
2431501248
2642491598
3240012739
1401800160
435643114
994504513
2208411978
2741468658
412891199
165734429
1538347795
1100435856
436564211
1275608606
101546731
220993039
3010063788
2679609626
199633722
2700225878
1201969051
2884866943
140359517
448027612
134375145
158307773
777576193
857371548
63656988
574785534
749226648
263301330
126911002
405618717
433990664
239687319
626445641
349627446
481762975
1546415204
123915254
877626230
13633062
354716516
2299699574
1036696782
2397819378
2835907638
2896550443
82640602
2590878146
761621234
719631948
3059510896
540729836
19195914
23518723
16145224
7768622
38493451
1775731
20710809
25170188
3289679325
2202690007
19440535
36057824
30278532
61156375
2202861697
335131129
39214789
98649937
1446166398
2369987821
421217367
555739729
36611777
1442760536
376106733
1290988321
202506299
293993676
74412615
178345751
96728819
2373803034
2563178382
255488343
101449464
213562136
102963616
2410914254
2316743822
2769536827
2616962989
100157763
521508380
440627910
210777132
1391932442
423209268
167696597
490190836
507172525
607247244
198942244
1655559871
972473700
236622791
21788247
32854561
15300520
18694861
57947109
1021937828
298552136
2475273985
144792607
233973953
72345740
172327454
862566816
526191412
196131860
344663083
341946135
2179523612
2235932994
1372754112
199688464
1725063128
191000091
340238864
208408753
368183460
1703704490
1328745223
77206797
445702899
76635253
2751753181
2175586194
524332112
595728617
1322320669
618005735
543157318
625489551
459333188
487419084
561796264
234713570
462662754
440659070
2243794818
883985880
289208683
263113526
757099712
342012616
423190436
348992702
886676317
2318311308
1204534958
930270762
2338035984
2516998464
2160824232
732591816
1910476196
918869826
1856414335
2230398878
43744299
517460836
461884798
102049893
134235202
14168296
18447238
256835387
555310997
1171829071
2250021950
76365399
3153311641
3020739068
927385039
23283603
987247627
461307957
323227806
875867971
459915895
368779416
134666628
93665089
413055374
56363343
51458804
2453046836
779766458
1933897982
1871174502
2176027082
463766394
383125671
267088951
450521815
983175763
1024441789
46322915
2330598018
3406497874
2377570901
475199073
20514552
65051962
158122818
20722851
6018802
6018732
23112346
17791762
40349928
74452613
155544257
7831092
59553554
57824414
18450106
32152579
17944853
21659166
84708371
166294813
42900237
55416850
90740879
16936018
14601237
98964533
15087766
47706817
74175429
16657605
33542214
37008048
70772762
36980856
97354038
15023223
76430569
366594737
22401519
161375991
280557152
454213077
534249758
41122993
23085995
70553530
21346619
236711681
66441732
78425397
25210607
18940252
36975564
20265142
300878069
48362513
300872812
23789087
82691931
257551606
309220197
105145017
50741466
19720019
194616949
34369690
141341662
31143489
18313840
8771022
31444922
20632796
11018442
18139619
15392391
167421802
71026122
26787673
92793164
335207743
121149217
126084292
30973
2268593424
248034946
921759169
1669854601
185142711
177547780
215936249
1026332905
508656152
114671033
233418418
408655981
582575475
320590836
538984228
67594122
1116035010
357532461
756728718
225425967
1116514724
264698351
183541994
208952158
172824384
322483404
341917659
183536636
459065337
163735232
171080353
499703086
16448330
17097223
86479411
375474419
47698869
125593434
85272486
111270224
113290836
716033959
135185193
986146326
90830064
297174372
605805760
2459371
2982250369
14749606
38267947
783214
106682853
2142731
32468665
31311757
56505125
33838201
50090898
93711247
10228272
20536157
2803191
243381107
382267114
15670515
74286565
533164491
51406202
18994444
809273
10194682
15956519
69687111
14390109
14462907
18929773
270771330
17833687
50623693
84316208
348427175
218763149
576971305
122022996
313205358
98581590
125266275
34907365
380847666
263139238
80784434
102285890
89443197
41994925
124090316
728268703
1282946089
58749829
1200570763
54516116
389930987
426380346
146371658
2426723443
2213981946
2762038488
519279300
1682889085
2867180767
2460859956
436694720
136213320
471727112
347124762
2338455487
278573198
2534368692
2910183678
67588767
401471773
118757160
458451038
3226507058
280414503
161634802
258283931
154106304
97389694
112376689
18071597
1635310159
98560085
305469508
2999397990
81094780
81097060
81096591
81095223
81083473
81082366
81080423
50948283
36322857
36320241
36321592
38624666
36322145
36324632
36326146
36323511
36324030
510018542
54259935
2289627816
2676735924
24727891
2391222146
183093247
37942193
95869405
134059205
368202586
304925210
43845681
431336956
25967276
108900981
46134530
253954849
94530194
246280347
80274630
176355348
337552244
61180382
103323813
116747394
10650592
145931959
63752206
714003800
183230213
84795529
419298953
588261604
36325225
121407739
2251588934
36320862
96087281
81091668
237203346
2257364214
34208984
631810714
81083096
68927629
44839509
225012752
420943164
161318053
22205952
50279781
1313929238
147508103
43855487
39743812
177829660
29958928
256495314
14444461
218393576
38647512
17673635
132817648
123171317
17710740
1073676020
1056850669
6509832
1100927498
16542390
35695228
19897138
18071358
134758540
39240673
37034483
42606652
20751449
36327407
240649814
15639696
711694309
405427035
