35773039
845743333
14677919
54730258
373416209
2166171609
3017001183
1979377909
195885165
26201733
3424175001
3425480255
3435808869
3420358961
1583916901
3438589533
87818409
14511951
132173768
93899982
2884771
73100393
20042586
140488453
19014949
139137509
18447095
18549724
3176891
18263152
897220225
389133639
48410093
3004231
316756361
52551600
24447643
91478624
43383705
1536791610
30047168
15439395
20015311
2239388190
3345469623
597380014
1917936038
2598267734
27233100
555267755
32453930
1452276234
113047940
327649209
2287858127
143370877
49575216
89437211
18758353
34036028
26053643
156132825
799757251
702482269
44209472
312544868
614064002
23022687
287413569
1074480192
17995040
25073877
50055701
31746718
1093090866
595515713
19394188
9624742
113420831
19674502
71294756
1478132359
15764644
11348282
186154646
17291393
5988062
15224867
184136149
757303975
20608910
807095
18948541
18891923
1339835893
30313925
7713202
1330457336
1883203927
470937613
5357812
18766327
20609518
8161232
254186356
21619519
389383741
325830217
884451912
20713061
16303106
51241574
14075928
18622869
155161649
125481462
90484508
18812301
939091
254117355
41988894
119784192
47438401
11856892
216299334
244655353
20551303
50393960
20280065
19697415
309883487
30043495
50325797
48802204
15007149
813286
17220934
19397785
10810102
62290422
17461978
425365329
539462986
143976971
115485051
256573865
15485441
19079396
58550415
308686769
29881603
295202106
170166825
55564288
36350603
18895850
28755582
3873861
