3115775917
2473057418
812185519
1249979323
2480013506
3377482181
90420314
14824849
304679484
75641903
215060612
66263785
87595338
31080039
24807616
443215941
88749392
56405314
71876190
26642006
14677919
19397785
37106040
613542402
1643876071
176887325
2369969058
219683269
132553705
225957303
41147159
144548198
41449204
127125677
1352761788
184795298
68734647
6017542
16664681
69970838
116904515
18734310
51241574
15356900
19794115
32709170
466807381
94366662
444913649
17683011
198975780
98533811
26823392
18198400
142839300
20963461
358195118
342264350
3011587866
55347515
57552477
2149481989
3384451879
20727775
52529345
22720424
26799554
40891771
34104616
17469289
225112909
58352839
243234156
1416683976
302209247
174533632
25389599
138134695
498961017
23967578
84353161
39288259
95749490
38234856
80094297
277596528
18774567
54238128
40390377
718728986
316073719
260839822
37736234
17808932
34045434
223599338
52820773
29547943
182094740
21193261
741770449
21196272
18518096
32562190
18177317
784304
25830909
193100641
1546270652
462287315
53418418
17890396
304658938
342814879
15111011
58669256
59037337
95251230
31514451
30074516
181289133
68791040
8216772
44060695
24725032
389112596
67995848
241264057
217518231
19081001
297047872
2778537414
2249043324
14955722
17224076
73412535
33583496
28603812
1595748462
318531174
1391451
20197768
234053160
180821354
12449542
538549040
26763420
19980906
326260097
123337390
115512512
54999357
119875281
858261980
958156806
221399742
2938833612
96666440
153122546
2954340370
1611403818
381132280
96013710
24734659
518715968
17351972
783214
114793310
68482130
22184271
16577001
17918891
117662694
22411875
65525881
18164420
18665800
22650211
189248614
32625314
3459051
50393960
48410093
15846407
3004231
40104936
42519612
415859364
111946118
18278965
340380997
105212657
316511921
19054622
227879769
488838893
272604633
318424111
292071258
296971297
299431654
147869906
61355746
29675916
122130797
110195330
2209342956
266881291
271130230
273081851
43180081
81980396
15871815
21740090
19159726
24731098
35586563
19923144
27649623
75033472
55424198
40168339
62587361
42040091
44163738
20196258
229219088
19731770
125481462
248917209
241382835
502135911
17525171
3235399375
3131655659
2435921556
2277988314
37360915
1008166189
597973642
2980278085
151115182
703808448
15234657
17610785
105297123
23632910
59546109
176884255
44629884
30878844
48690154
26573639
21816904
80046343
49751516
18203090
18908973
16405564
49666825
23447418
95453782
3120349060
1537814868
309314422
2151130166
28006093
198560066
29300352
29307276
23778898
50323173
48488561
1536791610
26619516
749952350
423853387
54890077
482658470
177988858
219783628
28665877
336124836
119593082
2370233761
105293348
523467122
18778840
198521390
91388229
1524557191
138625631
107534649
516745054
2555393190
385501481
451608000
57255273
204810045
329141880
1470722864
107146095
133448051
12844642
11198092
13784592
1944943729
123417995
202416362
216387646
46195370
487624974
34352904
22736710
34352990
325852608
589296284
1059194370
521321191
419603915
27014239
42405873
67904558
24580952
159523955
16403943
24277551
241964676
1201661238
200163448
2951538370
175234087
180046891
1265999616
238319766
20012204
153226344
169959878
223612990
27071443
127130580
764290508
36243342
787748780
1330457336
19562228
57097104
329746058
436292177
124335068
101566422
43139414
1320073344
26647688
2984460630
22944753
36377736
500132844
1342966129
2959981122
221050514
39403465
2866392649
18139461
1483855976
15876379
59576786
183330212
19362299
31451408
216051071
360962043
17000333
17590505
128102424
94889434
391834260
235441535
829673054
135249573
26031372
15736490
7786562
35017255
272250951
23626238
255858570
2259043280
254151878
21454322
41509142
19733898
1202033696
105211981
360099026
55307193
91208190
115597898
1598467849
17681513
27760317
329806553
106459663
121580502
33237078
14174104
59566191
12670242
19781934
11757062
361431365
119492135
18652832
263183706
17493398
2652347133
321812411
313582007
20479813
39184406
19404587
101894425
337894513
270193608
1262376080
233663430
45006808
209233393
95431448
126048399
14885860
157157264
9411482
251432707
45911235
24272129
41665751
855703302
1344750457
325451111
18091004
754585519
45027357
471287735
117266874
194133424
480711212
75037076
155997273
33281941
86972419
235157481
20188834
116947296
60776593
87036741
44606764
34891363
299674713
102325442
10678292
76462445
2511477648
16331010
786796010
525821517
1493839940
1132090693
41404125
260540115
110822758
927285830
34930912
31447081
1641150530
179374724
24133242
59342982
20480232
38002432
56860398
20344118
34296189
143947826
89447929
36623013
54626493
16425462
85633543
431429137
7563792
140070953
138372303
126990459
1113747361
1915012974
997320600
153629442
1703554242
954590804
1086485478
1598644159
1582853809
1557315432
1098364164
34058469
555928038
978908012
900894660
1152279248
23114836
31126587
237934390
77117012
26831769
23126914
147808431
179841982
50549572
42665580
61277941
559313958
6480682
196917975
21035409
38536306
22657153
16190898
75974281
31353077
53120768
1195683247
404241645
49061402
38531995
16561884
67961159
36139166
438550809
356536670
20710218
248900032
6539592
23922282
22677790
20221159
14681605
62591681
14515734
398092540
13838562
21254264
381090926
240660198
770022234
19509884
19098792
27758112
22624340
270949258
92636901
110509537
17427779
325898875
108382988
19777398
28412100
1228516999
323658169
113897988
1132994426
74712538
46187065
32636546
41651800
15755096
25432501
25355724
188216279
75296671
168570138
57100687
637342380
790136510
108318595
13213122
59578815
14963032
36362259
18771223
34994415
33615152
20899023
343331728
226813554
20015311
36686415
19785801
488011724
16672159
341494468
15163577
62290422
15503557
39484438
90959399
46549079
133880286
158414847
34685542
22410956
26565946
30364057
78140378
313039347
163479877
348574891
17299063
16302242
39784977
169633610
35246506
25758713
293038129
284089166
259375460
336116660
52529896
539410127
34701524
27082680
78183672
207357196
17461978
80700514
340420575
500042487
32634863
85961526
234521957
26291588
1081426135
170070724
154684652
15237844
20524259
538207435
287772797
148476102
20176827
631329226
157072539
331685869
38724725
339283603
321500559
85617701
586198217
436266454
373471064
300392950
15647676
30313925
121626258
20630639
161128687
31312972
57084769
56798334
266768078
256083436
23501022
50773530
219703427
19735580
185420422
759251
17074440
28785486
259379883
16303106
16685316
47848627
19426551
890891
18915240
2557521
27115071
120943272
23083404
28370738
52551600
25589776
16312576
44039298
19877186
32135704
66561957
28870086
807095
14075928
21319635
48890857
110485995
96497966
26257166
113425681
42258864
71023061
428333
7768692
19212622
23207184
27934142
14085431
40892016
19058681
15224867
20108560
25527966
14327149
19636959
275197798
19697415
130617778
16228398
10926202
27457788
26053643
19780938
62966902
17442357
12079312
48849410
33395719
52757166
156132825
50374439
26658046
79797834
18131961
165511377
29344169
109571377
1715051
18948541
28644174
14780915
35184346
288452305
813286
19656482
14506253
142157505
5827292
19637934
65414320
88763317
17017636
15485441
59507141
34559099
32765534
23478416
18396706
149216211
116871109
27240352
39078808
41196442
55131039
43191012
89033940
63133026
39799180
10121422
28153561
40918816
115485051
14089195
15155074
51263592
96821645
