316528043
2983151443
20068679
325076723
29442313
216776631
1536791610
14173315
28785486
759251
19701628
14677919
3108351
742143
3105826730
273065836
92631130
2459202212
2908575324
64571585
238763290
353029369
51742969
2841975896
220721264
125777025
29383464
380613249
61047667
4083254120
470735203
784680583
32501175
422665701
2213119814
82770852
184910040
155678554
22515643
315043163
2571922069
1071430885
312882483
47458527
33030436
358254470
249554161
2666676242
3265682599
147279619
50184013
1262853115
19899273
987965954
1281941779
34868950
137260976
2283108835
489042287
29417304
2553764215
2372460282
257436924
159225370
20646945
2874263415
71664844
123142805
59682648
1566897042
322845615
815537202
2284191128
380055086
286949379
262794965
45974502
3108737430
2947145749
23859156
2802692700
76131466
154280902
17913274
3165860838
471496827
260674089
212283120
2278516160
1235386578
256883252
3086419243
3091105764
102891361
885364712
1925298883
79293791
3045032507
348685588
762446412
166747718
67352950
18278629
40505249
19028953
2269629698
22518487
486955518
748020092
434542249
1117190744
741811932
1936341499
235834103
846421784
312359843
1683767228
1053586850
2200266157
989762498
1488024456
212032976
858524736
1002881534
617790599
1177292630
2227661545
243287822
991691270
18395177
22344279
287373216
921410941
863708342
277291626
630759660
121199319
189982245
283391676
181572333
1488460578
334333355
1108096867
53530504
184067422
263440882
745609226
1164795782
777080701
41061486
409633364
315323889
351226451
