192942213
268357486
16544818
17463923
1173863894
267463438
243236419
2932095565
2893347043
16248319
18539631
71491041
16025112
14677919
103065157
26784273
16348549
19621110
62605366
85289376
19673700
16186995
55757131
17462723
11695602
18225966
757303975
161801527
36683668
6519522
16834046
20602394
17899109
300519766
300489295
300520640
22776526
17819033
34657934
39511166
4432431
813961831
119519642
423425081
257097577
142890368
600742243
192267295
388858648
385374505
115618332
8719302
1043097751
297688038
16936686
709732368
414962189
15296929
73572581
533297878
550010708
16076032
2739596257
192547775
166284293
407579699
154532994
26163517
46721978
24258355
115754870
128636277
1633453286
455983288
145950787
21418647
3310528206
99329240
258283931
76558553
1405220132
1816737811
71266025
252592692
414946220
2727536126
4110358692
2982269822
400630125
22120359
3966015679
17839398
20646711
14499829
33933259
27830610
61155779
149495617
210792232
3017843777
2432070745
34351681
71487564
125944392
1086797376
150536470
298959564
16153562
18213483
17137628
104277809
14361155
412681753
2675947616
562189730
405667557
127483019
130104041
241178934
371730289
219617448
21303235
61731614
69231187
2467683194
505196587
256556724
122453931
6017542
471741741
405427035
898058054
319755562
976602686
419336983
1453707452
2597682786
2731351418
1670240430
1393508160
2826244460
2425527295
497728987
363735079
2458207764
70985635
515838635
46003622
148517828
950249762
164263382
55015468
1422244903
143600664
813286
20596281
51241574
226671743
105328660
12904012
402239681
76348185
92373281
218763149
2799960092
268676434
923971573
131873356
98362607
68977380
335192881
256495314
18071358
39240673
6509832
29958928
177829660
240649814
36327407
39743812
19897138
38647512
20751449
1709953794
3412276126
1334601709
2097571
18424289
270569708
2450291
94972285
295185707
355579635
48788647
23630483
2525041256
20803965
16589206
64643056
3096578399
349464305
225125082
3056037888
2988035299
501825960
284181046
19199288
2447157140
111921807
33705556
17889970
19314650
526425773
239819612
19966557
177446118
6705042
19656220
2233154425
29282820
30345764
54730258
817845968
14871898
21744554
22001973
18055737
427475002
373416209
14123751
17064593
54203238
369405466
19390810
207477965
65182307
63196333
15632759
92263579
23760251
95229500
50627903
19923638
19148708
185314895
20506424
20225875
47459700
59624844
18392906
15279429
17487733
17215053
20985003
27613071
95204203
19535210
26719898
21751830
92806602
27033505
19341389
404248209
17133361
226105842
7400692
17632266
334616543
14796276
14095052
19255050
19651284
3704391
294048727
2599496443
24916036
361501426
1299769218
6107422
17895820
14569869
87416722
87818409
16973333
34655603
15438913
16887175
7587032
16343974
788524
128216887
21866939
634474628
116685369
2432970960
759251
3108351
14159148
742143
807095
37034483
428333
292735110
14293310
18909186
40185823
268349503
40015678
80606026
1568105364
18448883
107540002
82853372
47331384
138037459
80588808
384388286
14353202
219275799
18904582
41118393
382527632
143478208
34217589
424383119
208019751
348974190
130557513
408338751
66346348
20578408
761149154
15416816
3091428232
3194966932
2260373173
1924560522
3228164317
427634402
356685886
3164132867
25966181
2885489051
487118986
948028520
87283932
15143478
262704969
44588485
24705126
15531387
4970411
27726303
134758540
120965579
56304605
19929890
2241167263
2478900072
47319664
15492359
17842366
16913418
15439395
6467332
16193578
20536157
136361303
5988062
50393960
621573
17471979
3459051
5402612
160926944
14224719
17481977
36042554
612473
59742254
15589815
27844479
14700316
14055301
91478624
4898091
11348282
8161232
11695472
14700117
7144422
63681020
158079127
33546465
14399483
1652541
783214
470837550
1192740715
2840337730
2323831023
1699686433
2636586992
2389737330
386543228
138822469
147035585
