5392522
14677919
284401927
1030450856
427136193
20646711
16153562
69231187
14159148
15007149
117662694
30313925
50393960
2792366293
17842366
17471979
2220374328
25073877
1536791610
1339835893
176566242
16294897
813286
1100569219
34507480
27260086
73992972
807095
428333
759251
32568971
23375688
21447363
21111883
17919972
722466702
95427261
96822166
126002546
249150179
55233020
18036441
15460048
48289662
39585367
87818409
5402612
742143
1669646641
1010095842
240478776
2535287532
14732889
213538183
720227496
192846892
99918629
284190115
216444984
21313816
46591472
21316293
2450291
261120811
86937589
