2541363451
3779726712
4134392958
2574232910
2597413135
586361294
754613281
1867843520
34197952
145607857
124258971
14159148
1330457336
30313925
1339835893
19897138
19397785
32959253
260837028
813286
428333
26565946
6509832
783214
76641426
34507480
21447363
68497896
20751449
950165300
2345362022
3110657477
41814169
11245502
1582853809
25365536
268414482
79708561
2097571
3184725630
10228272
107318424
23375688
20322929
3223860060
25521487
2469605695
366947884
16303106
19923144
23083404
15846407
1021419306
2253142422
11348282
18665800
3012237294
23151437
115485051
2884771
14230524
27260086
3171712086
79293791
17919972
35813369
742143
23617610
2149178965
26257166
759251
14293310
38647512
2303045042
58725026
122995784
134666628
2467791
65659343
92724677
87818409
56304605
2368883582
2846700079
34713362
121044171
4898091
807095
138822469
14800270
256495314
770459730
68977380
102594253
15093629
54829997
25053299
14677919
76294950
15492359
57928790
128155589
5402612
16548023
2507860964
3108351
91478624
19058681
17381587
19929890
87170183
2587437961
78941611
64049044
183230911
94163409
50393960
259379883
2183816041
33801019
3423735975
219617448
591717533
240649814
37034483
122928781
16983244
134758540
1877831
24705126
5988062
8161232
53556894
23061619
118024094
56913467
373410448
66306024
57879889
75854417
70903729
53555106
108936259
57998991
60937837
58777972
208953154
116677732
402903287
126401018
2509452788
31348594
87484569
23002923
327824794
145125358
1279525442
43568964
45805009
18681139
108252113
101311381
88856792
471741741
468479147
113278275
71201743
1447949844
135421739
326102999
2879172577
97865628
405427035
51376979
482019656
70652594
925796862
52076232
32803478
44588485
2837912425
19895282
23283603
132385468
2537543701
1698815113
463933489
37168231
544996587
137303098
2790461299
177690720
2191966004
68399705
3023979832
115622213
241487494
482658470
101695592
56631494
277434037
352145373
281693138
2489010493
195703895
446123934
30826229
113419517
18839785
