14677919
14498713
82828522
55117855
95023423
121597316
20346956
36511031
119853553
16510537
26056727
366322245
3144551847
2516969455
51768731
126146818
23415096
17365848
16211434
28535982
10937622
13049362
39701847
66339576
183735872
1582341876
35802347
40627166
443215941
31080039
24599923
108382988
282789898
255388236
301931359
26650588
24807616
19102343
28209292
157140968
321970500
515034648
1312191734
39860666
337512005
2314076370
515922563
496728349
15212652
813286
247477207
249351675
39364684
17382260
424814020
221185711
34174511
449151171
1855578691
325858152
79279719
25934979
469471913
95125085
175091719
452790438
16562949
156766682
18132494
24786796
14293310
1582170972
60230609
77595423
3075621186
276899361
579528159
36611130
1020058453
972651
428333
14511951
807095
759251
5402612
19397785
15693493
15846407
90420314
15485441
954590804
31239408
17915334
14780915
169686021
27195114
27260086
17919972
26565946
79293791
19923144
57371662
73206956
48442572
17796018
14353392
16145224
25170188
20661539
30278532
19195914
20710809
130603604
23859947
26053643
115485051
688583
237630762
2533494373
551209811
124249869
2451945086
2439614358
28230399
17860266
63778739
