3306591269
3413439081
544511026
46666106
3246514911
4025105918
442157814
373539846
122152861
25311450
3434298299
591082001
932415698
2917637414
2624325970
14146528
14144238
8829712
1660295288
26137127
14921141
106837463
14677919
2896631678
80452707
24907255
23959776
13058772
2902123382
38679388
15813140
571753181
3307414453
564741817
14885549
19661363
42703075
2689186680
14434070
18164662
29442313
28221296
1339835893
1093090866
970207298
1330457336
1536791610
325830217
256157454
309926154
759251
807095
5402612
14323845
36406700
26554000
30001674
38021210
23829268
112476445
2437079335
47741593
36659880
871547965
521272277
