443215941
21264292
223599338
182094740
455869857
1283733338
158900243
17224809
25629056
20015311
44196397
19658826
717313
61592079
42861755
18055737
974198634
316389142
39587637
1282121312
14202104
18028249
116994659
811350
1118691
187697563
23827692
1094298674
14896326
16337290
16027653
90420314
34381878
21148293
65148953
88749392
36686415
16929282
313091751
21414413
63357409
290736861
759251
264350749
1326336512
20860143
103651694
180044580
6480682
16303106
39021586
15347020
49233038
24083901
860718883
200382163
30364057
314299168
2303751216
265570421
3331907962
4239847872
362720950
15439395
375499570
174110843
232344053
115598515
41655821
108441652
2605027879
163987140
17969153
21475746
272659808
35513139
248592605
257436524
1446109890
992051491
48962636
1088897935
192251930
101625584
3306991336
3401560150
3089666692
754861190
87220502
237917678
18174844
713989615
1951333903
128220033
28871197
21529035
18482735
20886245
72065295
57456422
76682782
21924518
117447277
79260631
18970051
14075928
177052156
366762435
1661268978
86235696
177639177
208207852
175145606
239899350
3078715823
24583789
22657153
5392522
2977669374
14780915
46335511
38536306
13783772
178088940
1273559780
35026040
14677919
18327544
1536948704
2426027413
104203122
360075549
3313536932
3761836760
27153770
53462625
116070512
382734054
2738301254
