3690788664
2201635304
2266386377
2510644462
450571744
3317201593
320774937
250884927
3407044235
2227477172
3242041527
3239205679
87403396
2338496930
20962674
18760102
894651967
2853359594
372557797
3154497789
3291639288
2233622228
752320794
1102447298
297110882
3222277455
3414326585
2461742575
428145408
2699551454
2878587334
1877322198
3115062681
3254326214
3283739400
94129050
193028329
3099897763
1325144750
363284850
470710380
4097768532
220585859
3012646446
299865718
1851376058
2491994646
109993791
2303848347
22215886
279422985
1686840319
2752296016
3343870102
1616781818
2901531683
3018834149
167179240
2566037825
265055765
3095368176
2939934178
2983367537
1389726661
1141826629
3065010583
2911704744
3171580070
780879068
1946292782
50412487
1733251958
2401782659
3118753664
232394869
2440991406
3053579798
2394109370
2592202373
3251274733
3296672305
311503225
365112118
2200095639
3129308542
388750848
2971411567
44189590
4140186852
3434360212
4146262679
502509404
2222238491
32228063
2741066962
31164584
2292321878
2765875305
176918273
253348048
2528014534
2147907367
2169542693
3465704356
594275724
188952962
14677919
1268473266
810424
4157814199
3288739378
3369372100
3362182690
3285343560
3164651592
3392975188
42938207
3207864873
2373347040
286703523
3539301194
3197493873
2691970336
4068629418
4149207276
3793130121
3259737010
402667329
3228678591
2579127607
2387705120
2153406235
284682595
18548136
17881816
3142856533
130079738
2293661761
440599230
3301970012
169322880
229385617
2830134361
321751412
3259936555
2887254406
3399781917
3240994413
3177255746
3307369952
3297009343
234955082
435399784
216998174
182384817
1035684055
3071527972
37599351
98743946
267774883
2359206206
15177871
1057725806
1695131834
3288061647
348200427
860121114
1203569816
3357242123
317910939
89304457
769065691
25880402
415376671
407474584
3176799895
2814259184
358638349
3236802305
3114218059
741350282
597771429
31326846
3357565755
522794267
334868458
380524583
195441023
2847101747
453823345
1332491754
3166061639
2902062601
2340223903
1128625632
3028946955
3231864698
1516039273
402969649
3301411732
133524869
2937681131
2545236572
1876690188
1053789554
377481181
66843173
298286532
2922212319
2889392663
3261791186
175214093
350757083
860045623
18361825
3054923423
371271216
2462739667
97856379
627844679
62637497
2491790119
3256945423
817975424
2631383639
203844592
23036402
2975716255
109451470
573454601
3185557134
169086915
3236697299
1062043820
1403489935
334331683
167899110
3259762472
834360468
2984441645
354726803
2912920750
141864252
29585812
316756361
28076276
26895879
238319766
112747576
24795163
40908929
16463853
26516984
47186755
26027481
31652181
23795109
24278900
24775528
67982898
28471026
23280648
104235481
207923746
145499533
54951973
27406401
35757323
16560657
30309979
17560096
17929027
24275419
18653699
21278412
27673684
17696167
21475090
38127255
16827333
46769281
117778179
18222378
22940219
20322929
116362700
20567939
27195114
3211038628
296099810
2988922685
311158351
110007447
2627223434
2748239304
85866196
27585848
872423437
358464823
49081015
2986338775
2788027832
3215457322
3177237320
3083558630
3257063702
2699708857
2863860513
15377115
2845559127
2594960149
3231931404
2917950950
2915294740
25461473
419854048
103430343
256628776
3208610483
116909103
3001577560
2870055603
1943709852
1102266782
2467329642
32187100
602250265
2915242025
35787166
542237726
16050296
1558302276
3229003606
2365377655
17354555
108838948
423398760
260340277
2874145254
3077247304
1624389961
246866759
280826651
2941539161
2922015099
969776293
2716720865
18266559
12874852
23038653
2606690065
3177308923
2816084326
2968375125
20228233
257618318
323918881
55891624
2960124729
3156705419
405042955
146714531
735254858
2880224321
3344007333
3194791262
457361103
3105426519
2866765676
985186471
128500019
1071898992
1872143622
1260595735
46557935
2257020128
1339392342
1950256885
1303233662
45747471
81364296
2977758552
2995645414
378272832
2261119284
184477052
335427216
2793662921
1394614874
2885707365
893840923
2459464976
115132643
37531802
1498388114
608443319
295622377
3018019580
2722295607
1664920142
14505871
101479749
2956188192
3074941626
1732624986
1551073154
3046845259
50027667
1135573411
132844740
20515090
1941562752
2235577028
1096695584
552980168
2804060912
3082904350
2809501922
245509123
347586885
851456899
3058844755
763929312
343157640
284645262
366812553
1682288028
2209606452
1458685543
2766387252
23024053
2351296892
2754271427
2914565039
2946464193
2591388360
744619975
436726603
316181803
769068180
2555627401
1089204217
1281238860
994293373
23742744
769070390
317473243
1856205205
2806644423
3196073247
1942844600
24523347
220861569
3109643149
3208712068
57341314
3293488421
2802454135
3174443445
284817053
769074014
2908742042
2996155466
123605399
19053307
210530552
3209192661
339106180
3161798312
940457744
288016571
35767916
187257172
3191350845
2932281130
2732292953
2444043806
2889849190
2818059672
2856041127
2684518834
287080509
344280084
19478383
2724886600
2384268476
2826729006
836363622
2460872714
2842007512
2344494386
84121407
860381371
2877616637
614906097
2926675334
222691723
383927796
3083798892
516119793
3193892526
1475702682
3071671052
2776170355
2210877087
554633518
2151262242
794535782
3171567331
1063812788
238794914
1876966586
961394077
2949084429
769046161
3103197140
2937659396
1302368978
133044732
2776703105
2915250123
47487735
332109216
1141341918
2765700262
387180478
3111053506
3192875567
393453224
3236687328
3043344156
81882459
919797284
1185550436
120257917
2538714150
3131320061
3208645006
264501955
714973075
2865516159
2830018640
377540832
2983806828
3021633464
1634565493
868160948
2440950350
486541519
2465106847
1623614054
376976294
49269819
3076139951
506450829
23051792
519884679
731437664
447483026
2806641497
2401583658
3165147263
3067356248
117865462
561257503
623407305
2560876154
3192664001
293765724
2838336809
2874056240
96663570
46035083
176878645
2284215050
298526767
3226366651
2571650767
1392101881
84332906
1631628644
2243936017
3300923525
775226636
262284707
38721899
129352780
769206295
2421685260
2573440922
527552410
775212625
2880262360
341439895
2905492912
2169381201
3016064338
2509249831
200751709
3306075515
3036145847
426303650
2929297348
2773188533
3165402158
2944758356
3063126855
2750673036
775221582
2919610151
2916253804
2512859474
2452243958
3140103000
775204423
847679660
1106975390
2956659583
26411861
1135914006
1016308824
16275044
2169060462
567519615
2510242314
91718411
418221407
2360036599
473285651
2204009131
3292382495
3233075532
3213136985
1203642157
602502101
3191864150
2415184736
3291942123
1651692392
3215931490
2312917214
3308960771
2700452249
2776179746
3226449510
3233931557
173413459
924697910
2966357169
3232893765
2883044830
2863249328
2970594879
2727090457
178125646
2911624735
2586581275
487149096
237761113
99283207
27515718
83992890
753781147
3220696601
3244142411
113416805
1233630978
2341634090
19039286
2752942779
3091373190
617821277
20641934
3141536666
2733067891
361201608
212052087
258099750
384987434
2728492621
2974254779
3311567037
3235824607
1008115902
3042415620
2871693166
1505772181
2198682144
3225416071
255396950
2932297161
2881543208
314803254
421407458
3033107615
2179009154
319998692
759332162
2779153627
758147461
1660439467
533820537
2925215312
496551847
2491834813
21452519
36895654
3135989745
2905054821
2243039978
72416605
607019692
93701716
331936328
3310167658
2796590370
524515848
155824160
3246529913
2997540263
572128620
3186864242
3186887832
371348311
1151545255
2447298853
481373931
370477634
31592215
267423412
2562327457
3095562196
3086877973
2940937873
2915242085
3236700079
3152442726
15415651
192523220
2875906957
3132764420
2889383061
3152528310
2718980845
207278860
2765126486
1438631552
52864228
2857036498
1284739868
245176432
26638358
94450761
1876039627
550362700
726316416
2580878049
254862844
2656274780
2840492034
377626072
706025510
2986794713
2959713196
496099141
2981541245
2674223424
2717765796
1451004590
2490232848
19490930
2944352455
158270026
2811718220
3054161098
3097229335
326617380
375779799
35999840
1102456254
3160109997
2558569716
3068871284
2547233616
2646844122
632685899
200306133
738148470
3294336801
218724648
584971250
2671980042
2271890102
1525932812
279314637
1340135869
2689134955
574191431
520233000
2911962812
1560826896
164386441
1459741795
3303737411
2912601913
2853149125
554473068
147508104
1004075138
406596192
3065929084
2547254087
2776551752
2890437081
3124852210
3028530903
620445782
1268453094
2737860981
156295103
24404437
923689645
316262182
371639054
18435191
341829686
3007613504
2302881020
3246809866
508062831
2248215552
189747883
2915218179
3188089428
2188106156
200607665
1709449897
2213657162
1964389159
2200540916
2751344487
155923910
2763289757
217652270
847424280
2361745446
2352603978
3170034531
2273504501
214730291
2492122184
2924442000
2181530584
355277428
539858068
496947377
337661694
284887698
288773448
3135425499
246983067
454093830
3235459491
2735383877
88776580
128246602
407912092
396140617
1456345771
330505160
2815264997
2744266841
131966008
2935713311
219758763
3066588689
772298556
733587458
2600613109
26653697
2873946332
2306834647
312894499
1002715513
147846373
268640730
3087277078
3218938465
231642487
2893220417
266354723
534816166
2255270322
2874931903
351893313
1293626713
218509483
3003128621
2207965626
282569265
388621421
2796284493
3196656955
2921703964
2223412524
47568726
2900070884
402857508
604099218
3198666961
3230998650
240385982
72210634
3047481875
611686687
3219801751
3229252542
325765703
2201812279
2520643068
14742479
2393512436
2782849280
327156994
3001569634
797532091
3014418007
180570995
2781698334
463307646
2355518143
3120517850
284090018
2784642364
3290268659
2244255837
2829525268
3258408514
23792798
525613523
3158612482
3303866422
331034073
2730183152
3226257893
2603001246
398235956
2703906544
2433507131
383830912
28897926
18760392
26137989
20754457
40816805
17391089
47630741
577860219
23489663
167947308
574311511
31599883
23976874
278822333
560456083
84358766
28442098
586881665
27781680
1025143662
26703100
30892248
246127773
19898342
45964559
427883660
2915455459
2884737309
273557507
738923334
2914532481
3170920852
3261455854
1112729557
34651840
2863354063
2483744408
38102970
3104832115
87525822
3299946802
706301012
70536539
2923941843
3093855192
2848595214
2864583111
2507458814
3221395659
169175724
395773875
310053689
304539152
973272540
197600964
482524779
3233899517
2391959983
2773435505
341648046
2762170829
1169488916
3184924941
2422885897
2395608026
198565074
40530952
3102167804
73824657
3223913786
3017496767
706030238
2594142181
3125331375
3164015010
1215149347
19785863
2980836652
2153285306
32508654
2339570984
632597076
167176831
575015276
2174468454
1280753730
324946454
2316096312
2964437393
3153902676
379524778
630806400
2894049645
2342732370
1395999006
1893672355
975480486
613853194
542340889
235681940
2952124689
211992616
1292506428
615496495
3095471458
2951343643
77269816
50166957
2616977977
3154219234
2993771210
1401025670
3105701468
2842033355
307601699
3135394077
2889276133
915828438
2590619737
266129869
343228492
148182094
3016952820
769027106
3262246103
24337912
3272984283
2850039227
2157743257
281148613
48431002
288592392
379476398
30658559
222189121
2939065847
3060160009
3195041008
624339896
3178585343
3035072600
2527680156
2843411121
526728012
1688301584
2886337875
3154342018
3288268937
93654731
767374783
2814317503
1531514912
470489295
3073523747
16702542
382653040
2842978995
2827500465
1167477294
2611268708
2797207663
378932270
2854367228
2578774956
2413826444
3160998193
2758370820
3014410664
2588754918
3025560430
617671320
3109393381
175743717
3094884509
2888955153
2911418629
1159271054
3016815626
2838658081
3085558940
505767691
485360467
2929203243
2695319100
197201507
2894922343
3040797925
32696335
2934731035
2539414298
2897911683
110608919
3040751894
2723171460
2872718833
3104236156
337914268
427716150
109499856
1609438297
261020215
1500842184
1587608216
2998630410
2181493465
3071724644
1108695031
2459653010
2777247285
2914157479
2887722064
52586295
3143238679
540293987
276761848
2268578216
41980278
63946520
2864859197
3179021480
3102693356
76266300
87888304
122286770
2484928562
2905439716
2285472835
2830051135
3115254270
967549476
2557232442
2883759713
990972343
1888434120
2875953790
3180375289
2619959111
2549647958
2863673104
2696962970
451057674
2926682593
2151805808
2743266287
219913962
3005119211
2888866114
2993047767
2789342022
22921836
2216702966
2642438760
3288776176
3288589205
2937958184
3039726701
2471781446
470556983
604796812
223622738
184005620
1046672185
312149036
2912870274
1682111138
195747980
3097066417
1328750544
392845395
2172087701
243456489
3023482896
2597319037
235601143
1239182238
2913918908
2740128811
93163171
3080553140
2148974662
412700544
262749118
2450011843
468764276
910217863
3106844193
266076333
520924684
2799000361
565535782
119259877
220089447
369570311
419168262
3190300310
760177543
3192614815
2327579196
382414379
2213988367
2882597733
66004740
3086582881
1473587414
3294980591
3044600063
224622978
2883435348
2473089120
3189944347
537544496
3120486132
2928639025
2697810728
2997716084
2696823469
2928563292
412281764
337374913
2699578290
2784978114
49655953
2937577448
3040193294
232745526
598519925
2734076368
802716775
3095940429
236095380
220770296
232882120
3111139077
1625245562
318594215
3288766991
458322044
2185083694
527399695
353946577
2362606172
743607920
2368205449
103466432
3229218461
2779080613
288451642
1707976981
608417616
2263242730
3102167548
242512597
1256726293
478930404
27394062
1611438684
1194863629
56196054
2316066637
3149222664
1608311245
3296579189
3225945317
2273809506
2922341111
40246348
2322723667
3014553106
2963296528
2305540434
883992384
3027034135
2521304295
387822078
2468581443
2736406403
312303488
2984927031
69491812
2729889866
2861857841
2717800216
2335849027
1165212392
3295187896
3289327822
14395912
2997943633
1562772511
2349265940
1968869096
481926866
229334080
129451713
2324893837
2733104408
906942253
2992428465
330459879
2185133110
393057992
3082321352
1571861401
2748361054
543129165
76731604
379831820
328468216
114619177
2356036528
1215927936
344836457
1968801822
43918058
2955180297
3006665581
48048580
520217322
1595137603
285275626
242007590
2757066616
156456439
2799962795
3186676958
183309640
769023781
3038919416
1048144502
116147861
1365138984
2861631592
352701848
3253145794
2929319363
3191678114
2937165796
459752689
357668606
276536968
153922568
81982173
2439432815
215411520
298313267
2296494996
838795892
1281842598
3293426481
507150971
3294389134
2691412650
618852963
323281282
1550331799
2197220155
2556166230
48772376
15730340
2364797214
1223262276
229822963
487735216
197657553
590550707
216252954
31041440
2169310196
418730092
403450037
42033311
2250816523
3166718087
940037748
2727762665
2260956151
2556558171
369665603
102892844
173055539
3222676176
2377650708
543787174
3152024006
295004759
422400099
3232527310
2787073507
342881789
3058212022
3023271440
1160199025
231239078
3036820422
22944766
2784764369
1634356602
311091885
2727541204
855070626
2290411335
3184881517
2291838379
15933910
2880542829
598986879
27127710
254830969
71016358
196365883
22728120
19631906
128023009
209994211
104249727
20620967
132399627
23228600
116310869
255216186
46038655
226835223
65022265
86876958
28295738
178462340
34969708
327019649
319728872
163530567
77504008
259096053
58545637
73992972
21111883
19882775
24852465
200913899
85603854
62513246
274119641
18091904
166739404
75661935
294914639
158941108
147352409
195962503
23019705
37457377
154280902
84020674
2998921113
842738174
1657445335
2872524713
1156344793
349390574
1566174187
217553490
157467084
1392236496
1659333062
846598686
1707839418
18804875
1588367844
2569866715
930805326
3195956979
304626992
146551162
17673358
352945856
317323370
3141024500
2928232988
3141077677
20490840
3141090139
2893800074
3126767041
3007928359
55350983
25600637
878685044
178074070
3102027827
714184586
3104529406
485739639
2288972707
27266362
1463734525
788374069
68450342
562159372
2548721419
3103245845
3243555351
1096961108
1636175880
3245450537
3051953933
1650006709
568804399
364285445
3011539927
592184584
872427169
2918041316
1644143382
2448844823
282345815
189554283
346201372
770839692
1979162636
2179283948
1383286602
2387327995
1564622898
633130881
362645826
3158263802
26646321
443834930
451640430
2920297358
3242580627
1230621110
386816159
190764148
2463639804
285321345
326366955
3082554324
1581487489
86420395
3238050713
400482282
1107803796
114391867
167781199
3140731523
3079818935
2965243150
2890264564
23274910
342512565
498177610
2288895493
3252782181
2953955281
3040587379
337502808
312230865
2962625197
14760559
2758427583
1891803061
170296565
330863269
2920921737
221039166
518060639
1404887066
1140299700
3050951111
14553620
11912362
108965777
3059280077
1939464290
1165443450
2878152780
632819417
2993248570
471772542
834348637
546842397
3032714363
21451687
3102205577
708926149
2686100426
1400964174
528849445
616349372
3010711072
3189958950
869496428
2338844486
2593821619
1393268702
105656870
372253748
790331797
549510165
2565473791
2183621775
2994479452
1931226613
2640915448
1598995471
2980387168
2957749866
3056780380
551344179
991893426
68433206
355755136
236161953
2174929807
167043188
2337837390
447749616
2536193239
175529531
236265294
65838676
2561865031
2708228226
60173757
795701316
319861696
233614681
175262772
1479992432
2971910136
398408261
2342618959
3192677738
273690405
81545830
2568278114
2984177458
3247065903
2997815572
229938496
71993896
596815797
203728247
3063880865
2932929352
2230431068
2349238777
2393835408
1163748396
535468901
16482279
2433935083
397016941
2148693998
3228552742
3041894823
30114946
2340007250
2895312995
1554772885
63119714
2650224350
870241974
15713835
325778050
2335195100
2957837869
1288442766
156837885
2565248246
511107301
1308292345
2751453102
150425432
2281462855
70614644
3244895975
1965237781
285913096
3207962854
2329422788
2934003706
2636761317
1416858218
596980260
3089641259
3115987820
19045202
84279963
18220175
34261387
53460727
3213023213
362308808
1056629125
63892409
385625684
1238488357
2155766672
3184887446
3039662479
117498674
391903528
43837341
235741510
455220878
1713831066
18470958
60571908
735168876
58383256
121734503
514538551
320357246
61788692
383589592
190074321
29844055
22736017
393145048
50184013
23561980
19028953
17915334
34507480
24580902
81216996
37008705
27772095
55665448
58309829
79536438
29898542
108538006
14425825
705963169
36704352
50037051
15460081
25970331
30877647
48177728
154589345
71626835
467048692
154590712
152674544
1242205638
199999865
1027392638
77808694
586791261
103937052
492399548
84041774
342978482
69476014
102206775
821785831
121234981
3231162773
2747645528
3239978861
35787759
3084352704
132845256
3105103325
381033115
2884949508
3184460660
2227338603
1700279634
3143254775
348845436
1222348183
3145237538
3233275421
3180973141
3171931300
3229536255
2440783440
2957580505
3045157930
3104391164
23613479
3225110673
81825702
1232505740
44461190
1396161031
1370986902
329418923
414441388
2419237316
350139944
2235532575
2316862488
3168257936
3183089288
3036832230
2956846828
2874189547
3131392727
1384868574
3203670459
2963171740
14619266
2985779828
162368847
1468937466
3138799427
2985018241
1457112960
331311248
2210992382
3182772737
1566670063
180949358
181561712
158314798
209708391
264107729
403255314
403246803
894297558
14469397
1692211585
3180976160
2264008194
2938775221
96844548
25672645
313516080
2874272642
1096162904
553021435
2951542550
2967203931
189974017
87964841
1198645381
2761200656
346300262
2917285656
3114608863
2971217545
3114577338
98586663
3181923745
2876808428
2517928877
3095970304
212963561
848431219
553738279
803315846
3041230358
3131449139
3226299423
2350278277
34141803
2228755386
355755643
330620293
2925001509
369879478
2887129773
1511374453
3057326608
2759032120
2660469301
170304544
19303168
24193530
155620016
22733444
3017261102
403245020
125806240
119509520
24966423
621364144
2337779262
2320635279
1132189957
449100630
562466535
254576506
2392449700
2314076370
2493616654
150878890
945098851
363578561
2190025991
729713450
1357866576
3068940363
2437955872
415686739
326611485
463867552
1888641108
938371620
2652078655
546943573
175805388
476368394
3028083528
1252895720
2526156205
83066034
105571016
863929064
2315454550
146265609
996292392
729889740
607717597
485222407
2660965581
1383368720
3150585410
2500987216
3029402015
2311405909
418231933
3028196359
409062401
2506873281
3142452557
713509321
700047568
861982196
2500748441
1486674200
492749958
626077475
1436700176
543036240
332511662
2182712549
2511177683
528876244
14790817
1239524054
2843080108
1236851654
2711860851
2783360358
206877728
999656748
1325758777
528808648
2725546626
2357849939
1597590175
45564482
1691992386
170561188
2823047858
334550714
711285248
2532945357
1072708610
17074714
306851164
2413027059
1009683955
595163973
2212414301
1838652690
1490808643
1018532587
2743177427
841019708
26257166
323381401
2284128790
2560514049
624947260
151178130
1113269240
2777037818
176866222
197559285
1497071660
384003410
2152693079
2788243599
413487212
41265813
24407244
2259429926
1493089004
3171823720
24357823
1173678211
2296393744
2255341600
2288951116
1189889138
255126571
3193289883
2711898999
2943389302
73509664
2955884531
2400735739
2154495575
256531569
2413729095
2687793880
23375688
3224798099
736164728
3058195797
1499706013
2849362085
2505300048
2293623529
2721346125
1309637918
2651990378
395434749
2806324570
63965282
2339569231
267910797
2371949743
2779796224
1100034942
2466159044
19562228
18713254
44409004
6480682
53153263
10228272
26565946
14075928
20015311
14230524
21447363
373471064
130649891
109702885
19148708
16193578
15485441
15439395
79293791
27260086
90420314
326359913
153474021
15693493
15846407
158128894
11522502
24190981
4101221
10810102
47459700
20177423
100220864
178111058
262359713
136361303
52551600
60054156
14399483
