1168724300
127544648
66603078
2862767236
260674089
93665190
2459609448
2515925815
14199378
62513246
14677919
141832160
33447743
18358971
17057271
20622594
22061737
1440641
22415002
377785450
2617471956
454981972
16220555
14260960
149760844
2220385945
33787936
16908562
37710752
42368820
19725644
61050169
29296901
173677727
216776631
813286
1093090866
1536791610
990738090
22520148
35364809
30395398
233288673
15947602
551290354
279319647
528717274
372891057
325871376
17500821
19127774
218521918
255022055
2174266542
15057943
489387676
8283082
14955908
57279246
596912223
45266183
27585991
106618405
596893898
19100811
33323849
532079312
612476419
217477505
351640699
27830610
16153562
14700316
14499829
18213483
15028361
266307214
119809076
20646711
69231187
33933259
14159148
28370071
387562192
292409371
45805162
72520597
71016845
66496796
186154646
8736882
158396623
36375825
98963477
14216661
16044997
16434613
17881732
293611387
6433472
102448827
93714983
