14677919
1877831
15164565
454263522
2970466317
36184220
117662694
17471979
14293310
2467791
23818581
1630896181
388076619
15485441
488981714
176226391
2292454922
124690469
90169053
42569972
3219643608
3238209547
219617448
303916100
213831149
159933525
2905967386
1657730988
245687754
570289441
189376144
943576158
99045947
539039257
388297228
64658091
29257613
51803449
103537059
2503480063
15143478
26538229
83466368
102700680
25390350
5120691
169963553
25098482
27860681
33933259
20596281
17899109
75069067
757303975
14514804
17889970
17681513
15492359
34743251
50393960
248557341
107225267
266635682
44196397
997629601
19697415
16303106
37710752
1330457336
1339835893
373416209
62513246
556151596
83529586
56304605
788524
14138785
51241574
16973333
87818409
16343974
1652541
15954704
86478153
256495314
17710740
43839575
117425066
1027970952
2367572856
177829660
38647512
20562637
28140646
67358777
621523
5402612
91478624
2097571
742143
471741741
5988062
20609518
807095
60937837
1447949844
2183816041
813286
120965579
711694309
405427035
1317076194
15439395
2172
19929890
14761795
24705126
17057271
19658826
36327407
138308245
29354234
