1974656874
183918658
1569836690
2686962655
1916669779
284003990
343627165
138372303
8159472
627673190
140070953
250831586
236789144
3768412453
3042104576
2706597253
432100027
3008111899
1546242000
76906162
712241778
91478624
1367531
14677919
16664681
2884771
4970411
5988062
7587032
14173315
3108351
87818409
2467791
3309362263
872168798
918259591
28471460
244483252
64698539
233930436
19562228
18665800
136361303
257543836
153784150
21581503
69231187
26792275
39522692
28567809
155924984
104201057
16465385
1652541
51241574
30631881
38624666
168411989
102003881
28116759
152888203
224589285
79293791
15227791
16153562
14700316
14361155
27830610
14499829
20646711
33933259
19397785
117662694
17471979
11348282
3185116789
14159148
17899109
1339835893
1582853809
15762708
28785486
50393960
5392522
1330457336
50374439
428333
420931744
759251
191774720
500704345
18839785
198172757
361274334
1536791610
813286
245687754
36327407
19897138
134758540
39743812
20751449
156113844
290906404
1181529638
1568130360
308959719
23758430
277492254
364761398
62904987
588991231
3241480459
465410950
2308483814
74679662
354838265
788524
1877831
14511951
742143
807095
156651229
14293310
2097571
5402612
252901704
2366659675
303862998
487118986
2861716094
1105470817
