19456795
1652593748
16664681
77888423
16573941
87818409
2097571
15164565
35773039
14677919
2884771
6017542
2836421
34713362
3108351
15754281
14173315
130898528
631478663
575665291
97739866
26585095
15012486
28785486
7309052
89084561
309679834
209183686
3420745193
203628199
19509868
3023037452
306529464
306600317
138153529
463392331
15924198
15291818
22664880
2804264376
3221817385
6519522
14278708
728673283
759251
17471979
428333
14293310
807095
742143
1652541
2467791
5402612
51241574
260308303
1157861690
2516614945
28321749
1336670436
14097829
14381339
1653856952
41602160
32682950
3248496587
32172942
108377727
3355564372
28368542
1383633248
49061402
104257930
30981554
3108583567
14868699
620473852
260535090
3171962293
29730065
36782022
17086831
35767850
2496809209
183421683
44445344
70730866
17307463
20102504
18818842
22671088
57747185
44831623
53609345
1151710669
22823061
15327385
35818549
52847751
1383816018
900408883
36231804
250257803
28373103
14213577
128732577
37825906
40962005
137102430
250899808
30809687
3009507264
2999684378
48441756
19682623
154314693
1396001736
208354454
2790228264
27678682
17493831
24922821
82706345
61825658
15093279
27089647
35066660
21777470
380692063
16675413
109028947
281698463
15042296
2992751
40940457
15638912
14276094
285771742
18842256
284260334
19799261
14607517
20728526
2163026666
44964128
58668532
61292335
71294393
134005964
1301103236
193915733
191380185
2518970946
