807095
14677919
136004952
19826509
6295972
43876479
1689419970
20699709
20543416
61183568
20106852
179222056
14190551
477680081
263055971
16717978
14132591
337886919
65647594
1451773004
1915012974
718899114
3065661544
2876083899
3068594637
19429176
15279958
3164275883
6705042
1115148079
196540885
1566624816
872462647
1399885705
15687399
42890254
394081026
111323990
52087269
171404842
279513123
20098015
465973
95663607
61781260
143145579
237670274
3005486819
17674200
19977759
18720595
1201051748
17387399
1412819761
23578176
362391461
602317143
38142380
138044104
239770835
377866149
38638327
20155652
14700117
20136892
19111767
7376892
19530624
93219986
47583067
18887526
43963184
29739553
153810216
15580900
237963290
18713254
18713314
19095849
26727655
90962704
7076492
45341566
95646321
22907871
310960217
21356261
2423478840
13341022
37388194
32241558
164242095
335373412
2447241241
5402612
15439395
24447643
19394186
33823446
453988135
928529347
459644242
1490162348
40537687
225253470
