2496830232
34713362
14677919
74181714
122448345
16494304
3108351
51241574
2467791
2097571
4176978134
440251734
460486837
197786215
391534379
181316132
82969872
35058008
221621122
146607992
73289240
37455319
29516220
14616690
2318554140
794021574
14935175
565030282
19624068
3327201440
283641695
3686438355
230930518
32094010
20534830
48028397
27079921
36690652
21343176
88070923
108622115
1476129229
128781736
3128996062
14342564
16878156
17451742
14615871
60654735
140457196
246124588
20655960
813417452
61853389
20867568
38516217
57625403
76348185
7573792
17977954
36771809
18687463
16583846
17810254
9409552
36439939
16631821
34687493
16191793
3012561271
16156201
6977642
27967896
2557521
20486228
813286
18999989
46136236
19611233
19124313
19251838
2530838197
34113439
2831020248
310463188
27073265
1536791610
1216849512
42040091
586256463
52529896
91478624
40168339
32765534
50004938
1652541
742143
6017542
19923144
23083404
428333
26257166
14075928
18665800
18479513
759251
5988062
5392522
5402612
373471064
14511951
21879024
807095
