24775014
586542951
28601983
21501453
72426152
25101996
27311044
166990746
3456496461
3830912607
3939294374
3896298147
3772913417
23970102
110445334
112047805
18646108
223970563
16031927
41634520
266928362
26933252
2975997355
2845817157
2977866861
451450856
2550249877
2978435349
2300284268
415017203
14935643
254869396
46744256
114566034
70994545
21327536
198614401
36129908
132577546
132928600
26502641
3888351
28635395
20252482
18720099
18719880
26082923
21343653
72882689
24333544
260920107
26267040
95463107
836586444
182550591
52944689
893856362
1096901059
118401061
26344615
45450902
212302405
329323059
272388054
16710420
44135635
1493267851
885733974
379962842
554335063
547969112
50094643
475811383
73657657
101264587
947843994
115945502
1128075277
22643800
2865078826
339832905
2902031256
999453985
585373512
942868836
254732884
1370971824
185906955
33611715
50836292
149315713
23195603
915594294
264268489
1065869268
829735580
561654065
25713562
96442308
170025854
23315719
4165883603
16585101
469780873
325027634
46503530
17041360
317791224
237783643
240319075
468739424
257177039
467022947
371308089
820274460
747484536
1081064942
587749644
26278305
1432029667
16992416
373703200
112562263
627635062
185237363
264426309
1861958372
860490409
333748958
290281987
289035804
792201920
2770293623
794476272
576425311
427676695
57215100
21651982
315878798
792660210
2167674121
3435876064
3622003277
2333795292
3556369647
3533426543
3447742636
251851394
3422027841
584401097
520598014
183846312
1002665528
896141394
2450776264
2551462339
3963514933
3493943965
3572994617
3622416915
25601532
16256615
12947382
26523333
333564015
41679903
19400827
135360688
28639077
48991729
288649171
18152874
3558393866
3723285615
12092012
43129645
41830628
245932669
3822642500
17393196
9229672
35773039
14677919
22059385
16715398
16299627
15864446
9763482
27863115
8862532
134846593
226631680
16145875
37683414
55338739
250884927
15723732
46598192
130238521
434568798
41688436
22700059
2752677905
38034200
17689859
18302386
163164031
237474460
735499962
10979252
80430863
484393122
82422662
444953982
444907854
13590162
81173277
26811908
19364233
15393552
221991281
22650211
356574022
378171605
517348099
358740981
327778665
262132380
523341113
1268076456
376884532
377269825
336362358
730358833
734764088
258772925
403274516
385967577
545924154
30660739
2803507249
65772461
7235292
39876885
40948604
3035911264
179245596
7702542
50769180
15976697
38495835
14730894
16366471
86177206
940368062
3022045469
2493874620
3159743469
347057474
101395252
15317676
64418855
41469938
25326324
14791162
32469566
20177423
19074134
23482952
19247844
40965341
15934926
19546942
892111028
502067536
332637055
120181792
261749735
1618641848
393190233
2290519230
715044396
35216399
1549210021
129235890
177584156
954124423
19923638
19212009
21401466
15933910
35459922
72950235
58462957
44415931
98942778
21208444
41338503
65104337
204491797
15162193
50687788
1379288282
26900055
3365554241
3498858673
3564988876
3564620295
62815642
2550624768
89084561
17137891
3629061677
3454604847
2174219034
2252839610
48388653
732980827
475274311
453388204
112737515
204513240
750111752
38054887
25712327
361984699
1514277163
1161114397
78856502
237348797
22509548
19739126
5561412
5357812
18891923
7713202
18916432
733751245
20733972
11134252
15207668
14344823
73238146
43963249
14377605
15764644
16789970
325830217
392533751
1093090866
1330457336
68999404
58774211
64707698
1002337266
571931908
478296745
1474692756
56232220
2500763553
1231368306
3625314021
400579817
97013801
3221014499
70060419
75069067
161801527
17899109
16348549
16834046
14055301
11695472
27830610
33933259
16153562
18213483
14700316
69231187
14159148
14499829
146569971
455024343
361903576
94588784
18170046
105242077
1285842918
169782869
981714912
3474771979
3574968134
3311020280
3622172123
3546390975
25928253
892124395
607585159
3636800429
142198624
139858167
16861311
20457696
27151820
548006311
3976766235
1521004093
971100848
151126436
109254866
28449123
22286712
180250256
46217991
410226900
1536158677
480116984
33896484
19192178
3337171090
1577768954
403868112
3906341116
2158869941
554064860
3382884448
3207342471
856618064
374568289
123340852
198586850
94937541
17348525
21008297
122468024
15078448
72334573
44409004
29271212
1465135500
228968594
19223156
17769598
80349611
19191229
15184249
15809249
21619806
11348282
201743157
14433891
819308575
11373722
28382729
41135782
23950893
25412269
17067902
979084837
213478678
24339716
253129127
17244973
120919057
16190898
916079352
15838036
586075856
15893379
560802233
250132031
58598187
333628027
1085396792
1530017119
40941232
67350803
97274031
21111883
1528519837
19697415
1074480192
124525847
39344374
196168350
3091664697
52544275
81144983
21657380
16250400
383959892
1031599578
81101803
16303766
1456336345
113047940
718698420
25073877
1528551631
30168649
105192662
15267663
15416505
127590478
183729526
700254391
18020081
94129050
33750798
216881337
2251495428
1567912675
35880417
6461032
57037364
15745368
65691824
1347285918
2538316141
2857429277
3017076005
3865788677
46485944
3249140718
967466442
4049386977
90956199
2697757255
2588109960
3651604937
3486130034
3611767529
3601522635
243773231
3633586341
57275398
2828301882
1598571691
2970308961
48459553
61819621
19659769
2911191940
48572412
3312519875
3301525660
3221884908
112897540
26828977
101928415
17093617
27989078
15727755
34711477
90438475
4124146810
4122849136
4131941174
174316096
4119955948
4121438956
4104371711
23092247
4141134193
85252259
17918663
44783853
4123750701
56879674
4139664552
28160998
27922157
41602160
1769551
54641489
3079996018
14592723
17442457
20272531
3488700859
3306579990
3538775238
4110994085
24236494
4142056872
97739866
26813101
51241574
2329461848
96846955
133792190
28109359
82455213
212320047
2825879788
1465787221
18956073
218975278
49709066
37114106
7518252
3990358228
2371155744
3440693962
3981225735
9015512
3950481494
115442332
154248897
1909570410
27542509
3418672119
3689425816
2953694434
2491821756
4119938285
530016087
4105053147
2187510895
627041816
480836168
3050618296
3140892387
3190011876
309487253
1308030181
3303365134
16580053
172033337
2477233782
144004946
139590902
3365478976
2545027398
2986311931
238649532
27649741
29471556
141328285
3400837499
855217903
3036667612
2453927329
390056001
176104910
110216969
208083510
3232560359
2393063119
444240428
2488123544
19013044
26265409
33606835
33957999
342894187
28468042
3601388235
3403314244
8820652
4119891910
2749892269
474464413
703621092
18185124
287911889
253207647
2611916057
4068634456
310823015
121656624
15308156
347627434
141914227
2952970051
4097905829
4097247917
1052838140
4075898849
3649041137
1680587251
242618658
21631487
2207780696
28096105
20616053
22156181
2519134542
3300804524
2513811746
4001164478
3286458175
4077115889
105295143
607094054
4091764338
3585120859
4107509297
913679977
3835170014
4095315312
45601997
26557753
17968901
1955132936
114883751
67393625
2177131750
865474116
359757460
2371310285
3863994089
3224788569
2308665548
4090485963
8432152
17372211
17020785
4091806334
4059275962
3906448765
3870132519
160106953
4076774832
2869188175
4076542932
500377219
4090459101
3750236713
3992272334
1115585124
27503151
4113577450
3046316385
520982700
828468224
4124796252
146714531
111225697
371171817
4096850473
4099283853
4054016061
4048178542
409468260
34282709
2561981149
84327770
60784269
135767303
3675503173
3314174819
4062157545
3752272041
4091867714
2512732765
4124788998
365225968
3311552042
1904599410
3311690624
4093705744
2314100072
167760471
333672211
410981548
3449585594
4131868939
26618468
4097845012
41008323
4112610933
3320585834
148496087
3500851217
93759830
3405607821
848708838
3685919413
2442901376
17825817
2953494478
2494736924
114960224
4122531740
4059943516
4122870260
17931424
2936849979
3332815175
371039549
4135839433
20545835
15513604
40874172
3499289114
3282859598
3545957412
3627795196
315142269
23022687
50055701
1180379185
44945327
620571475
3958038634
426892568
338084918
20707076
112915037
141664648
27778893
2277800833
250831586
1394399438
361981770
3298507257
1070778926
2443234579
2965222533
321400844
1367531
50374439
50826280
50393960
19397785
1039568845
383774245
3247163845
2421231102
1550331799
1203130734
1523700259
1529893957
1128625632
1550266424
2451433968
2396684671
1549998624
2392026487
2890996996
3303578595
1687304371
2767101666
3616292356
407208820
1529876466
16032397
17357118
139823781
20105140
140519774
38531995
7025662
2383933669
455168881
250556430
21746623
20998647
14569869
16568530
29546945
14173315
80676273
85603854
33610050
428333
233167617
14262811
395637033
69950003
25234311
236699098
19426551
53821435
807095
14708814
29008249
17919972
5577902
15485441
69304018
390438920
19544207
34826472
2325117700
27260086
28363841
119509520
37989554
813286
32959253
182073999
15846407
40927173
23151437
2402653190
3310818449
150078976
256079706
25365536
278124059
759251
79293791
18947379
234141596
16303106
19677487
169686021
26565946
116362700
16326549
14230524
34507480
19923144
134954857
14920785
38441438
31611298
9627102
16233170
57062178
146237474
85458887
95023423
23617610
20322929
20452568
23732360
2557521
268414482
10228272
35936474
23083404
21689801
16583845
2468325061
544801080
240734425
23375688
20264905
1736464406
2198447802
2974152705
19201818
101803450
179391701
115485051
377027721
34956062
90420314
3010329513
157140968
22775634
25521487
21447363
3120963672
23607273
30973
1587113515
483065534
1274795340
15770447
770238422
26257166
1584187058
27195114
