3613897517
564799867
121291606
357750891
1289560747
612076511
16081046
1411714243
25460615
52847728
36432200
7587032
103065157
854381466
23369246
862483279
87595338
103550181
97837399
21891735
2668615567
101736447
847123669
108382988
18863720
1173045517
52484614
20793816
18139619
21237045
1551442566
21332196
473457479
409863961
56610211
19018401
26585095
17454419
1441093243
61003804
168560508
1583197964
1598644159
41338503
50687788
19390810
21208444
13058772
106837463
65104337
15162193
296196029
204491797
2986108833
306057968
2922510686
2988483194
88425861
1709547272
746089142
2314968708
18316059
63196333
197883131
153629442
20727819
259472373
17202240
1723310646
22149502
60054156
40080940
47459700
60659498
68399194
72834489
69615397
34395888
90774609
124631720
304089779
85772748
153474021
256986185
1078287655
49239873
233614681
169719009
20696985
2516110506
78021221
29398195
32453930
72568426
1676856542
21879024
476199422
16801904
110783489
1433628480
17844280
297169759
482658470
100220864
532857218
555928038
321445166
552011578
1426674912
179661493
66557962
213969309
53338746
2686313414
180949358
103937052
501389799
14222536
1095837427
472967330
771521
420426646
197434474
183387449
18261095
1640169925
299676290
319856043
152764577
80316681
602317143
341315254
222185665
68330395
22086481
24343698
225190303
321962760
23375688
144380789
403245020
298027175
55010030
101879887
23151437
89018574
3108351
55033682
19675870
29546364
21111883
58233603
28201743
216299334
82652901
20823773
26895879
182846914
130682918
760369897
281881951
196194188
1700634050
1591290853
313913938
116710152
54930650
158487331
12369372
386244525
241382835
32309773
28207101
19555067
109669414
28221296
978908012
23497233
1330457336
238250804
19329393
380399508
40908929
243905905
337509625
19355813
50826280
21741551
19777398
484303440
152500417
354464050
163950604
17736137
17461978
5490392
146327085
316756361
189248614
14159148
45266183
66528154
17471979
116362700
217518231
407397848
546109609
166739404
18863815
139162440
75916180
160941691
361270172
3063032281
2715115656
47285504
428333
90420314
25521487
14920785
15485441
49585215
21356261
34507480
176486829
142371311
472623389
67995848
275310103
201381597
20104539
47362643
235308667
1965544650
250911289
422353054
41302071
56273476
969299318
17384099
30034124
186154646
11348282
1420854660
970161186
2758370820
250188130
84249568
304894322
196415460
30453775
403255314
226690054
306025835
89013431
21526685
271413771
2872072125
325832193
137372547
3375402073
15666380
337038376
2438849011
573459961
2192030256
384056706
206052014
45786304
90570778
200298671
188598342
30971612
42519612
104288093
3244048367
126434587
3963847101
1323295416
1207099902
2437766502
26250653
1412486066
3301769011
334005004
394903435
554628288
1434252091
118708912
3592155916
423185867
3660637340
2895870692
2486092951
3144299194
3166303740
3071385010
53326657
319029017
3572333422
21837967
1419370418
20609518
72520597
111631534
3600983960
3472389136
2992933457
15359416
21360280
2766768008
3462557772
1859207384
752052102
3794041762
3140940775
2846310748
3483701908
161720492
3581431583
30177232
3403410081
3562804455
3202492083
24447782
2886793506
2171465100
2742010921
3466601772
3299325386
21436960
3528589819
3501184273
2996874731
3475541477
3476181196
3309067867
623584562
45038044
2632716033
2223592103
3254868902
23536653
1299876920
545309711
2292814560
3018419709
27956536
36714188
3434248919
74838816
76966092
29789545
402518410
2272856978
403026859
273418969
90661198
316907477
24415700
17057271
23503181
2297978858
2342637824
2770395050
3401360895
96626418
290375334
488904431
108760644
2833000920
26465563
3202550284
3387473001
14521427
2439057012
1958569866
1582853809
2687840425
2625176466
2148974662
967626511
984413802
386189099
585713267
3353179709
174953869
147469098
134234167
264501955
89423854
2923716833
1454840622
1703499732
378204367
2591021442
206319049
1599171037
1681431577
61258270
8357192
25045595
36466855
3362775352
53210455
2921629180
2694297211
177325161
275570277
18548136
149655776
27899836
2438788224
281046179
23678636
854513532
18302815
2363745804
17671546
48106830
3239526565
16228580
391903528
2791242312
328229652
33923443
89699362
32514434
2595154684
196030842
29046629
3060160009
19569136
35798784
2344045806
132665049
17441447
17089369
23631859
2834221130
15658327
39522998
2271890102
2416535899
3093855192
15641893
1354587091
2344211519
2979365176
754585519
198433897
781552350
82410974
2825404729
1596969612
1040863412
1340143069
231125939
24416830
471169917
3016758715
15987393
1217389394
1077608312
271232747
447658967
27296737
14619266
18950687
362602301
2974945942
2434462161
2988637894
309848690
541393420
724713210
327659945
2937617185
1537478390
3048921031
2576527615
1359166309
1939065583
14630696
2776551752
45037735
111601992
112161856
3023874061
2258229007
2939336960
3064023730
3018909979
2945000762
19199993
880315879
317426270
3041675000
2452067479
610144516
2813629164
1328750544
2869344810
2898094548
3025531679
2932005110
2966542191
2900272616
535656950
1543966681
1089746396
3021618380
157625788
105894919
42953271
2966556387
613787340
34169185
88883604
229385617
1061036053
2962583184
216998174
2438994907
22580410
2773948526
286109930
2325111984
2506702556
134770671
917101489
1933042237
25440149
938270736
2203933959
3010963573
2820242688
2618816145
1051295658
2969122195
2180340660
364450296
3016521833
457914747
995212500
2364726570
2587687694
2233433125
2578976952
583245674
3006671158
104786280
1689244981
1003946618
301147914
20022608
2955522301
2535776749
2955853845
35472084
17022638
42078067
2528513874
73509664
261445178
452743793
2484445454
2567320038
2813709841
2931411582
424336334
247378651
97015825
22224654
25112301
547106180
2890726874
197034645
2889008257
2813669180
41158477
715411856
506586492
2890808598
844531429
1476150324
5548212
43668054
818455052
2530656164
35408278
2332200346
2917712576
2957336824
2763545431
1679149484
474522126
27409596
19397120
617580358
24208165
175711277
2813630826
15444630
19812077
879161563
147676382
2281855351
2732462617
1544132863
28519925
933445399
2230666549
949221294
93927778
2168214354
2867472835
2792688922
2854306598
2148540054
36715350
1894734361
486760134
1581487489
2321016078
243371409
497082587
177564551
41103441
51207002
216278302
1455594732
480020414
455092378
22018221
2748541087
2777701287
2835934899
2915417450
115179266
26586308
504731958
616134605
518340481
64293519
2493047269
277225326
2872718833
41635470
2928092780
6273552
53038322
226263844
29459695
2893982534
34212052
35630308
2288632549
1202175900
109237155
469550748
1182479840
96699263
2282802644
1081050720
257056522
2582402909
624376674
445568843
2868402552
1389878540
2729145631
970942356
2282391930
1145624420
1967472703
475401417
1895027262
255783111
1583257789
542413332
225957255
579707790
2695425582
1304616283
391103500
103106691
20750435
339465480
340804120
249096055
317630994
219480847
1226784751
2644450532
346763751
30054263
1064359556
1159271054
23545799
17048177
378784978
2401292358
322648501
14297098
23181999
54360288
437691294
2332070849
563071097
69609201
42885254
2267023866
2864994225
34974131
363976433
2751461283
568804399
293838759
819558308
558856151
384210112
1974017821
36766720
2688004247
58749423
7721172
21414413
35817819
2576238121
482357671
2371001088
18058527
33823446
306550555
2778537414
774453198
441269052
2853593536
91673645
2223500513
486287449
411111930
2160080700
498392326
974530646
747940088
2452508293
518060639
799784018
196296812
2716721012
177058801
181915015
796560782
1567036298
25846882
2232996836
15622737
2792704519
562393615
62963756
122032568
42950930
182957058
280703779
1648526107
543254812
306011458
17513262
275725107
2348648646
51250752
2435898631
2289964466
2759230362
525264466
27092557
2593217546
17525171
34716038
594554514
34627598
40231472
330255896
54502344
1458191761
19437693
2272217071
137112281
855206346
128921707
996051774
19120850
53737367
15840175
287639720
321299523
18539631
207615797
301528336
1518370573
23001804
2269461
278416953
494024366
450315748
56836114
68151046
1053597792
41466726
560997013
21454016
160227628
28211941
86753105
228528733
166696863
1129605540
130948775
1002513128
77198677
400912867
521025638
435081422
395335844
18164887
20060293
50115087
19789439
258291359
43166813
34554134
46220856
1207820022
235112890
132123068
12415722
16029857
42826039
884634438
19802879
555548903
475212144
422692826
20823928
22548403
58545637
278036061
62513246
216472506
450079521
