19777398
34176543
2414834689
14511951
14677919
37025150
128685663
14075928
161784105
546170165
15461921
418833948
447523707
15834599
2720391835
15485441
2845612053
351675515
243360038
167234557
455017205
362049671
19297857
108743439
13418072
95309224
605805760
20571756
21457289
20416077
2319314794
457065687
1499636593
600789151
2204050508
147240973
107837414
19115745
211741721
17599131
64590016
137989288
35318597
90774609
278504478
862740781
1071723397
333591510
16109358
284148997
455555192
331244516
326474234
8304232
41309097
263727113
139044816
1888763917
193456251
26369932
36132422
2459371
16620441
18572481
81277268
428333
22481214
586671909
54989382
136110849
184870374
15434432
12273252
14969511
14964767
53108753
180505807
15913
814324686
612076511
24304866
23231502
15038241
214180031
15421085
404749646
1344951
24742040
22209176
74286565
19601111
264763638
14865169
209202416
6375632
19595287
24741685
22937213
20439140
362659077
6361902
14874480
16452299
14208474
17338082
15818391
34356968
15670515
14620190
49465463
16409781
619160727
22812150
25521487
14996956
9460682
81891054
446672326
25251750
275686563
353466012
339015641
325044873
377799343
36535694
14294045
7715122
14365108
297174372
290062336
243531481
16930986
91396874
101760242
399057918
14885549
466253507
47928708
6563092
169295562
114463083
96042296
29078066
9407752
199097645
21207480
93741985
159223609
275122687
217753073
50393960
157134677
18767244
16425197
285075695
195150793
16465507
57907297
20632470
29276062
12700842
16379018
26174392
32180396
32420063
