14677919
5695632
307236059
3258569232
3290580960
3144830236
1045718490
173453145
802811844
424129476
1400703655
304658938
3266918989
18326837
16936532
19597132
2281231310
1681431577
799513399
3044848660
378178624
266761504
42885254
81774795
2734000046
43383705
27816801
3316499218
700642514
2866089008
165951929
808151713
3254667312
1724324586
1406530472
573459961
50911950
2900426395
28165910
98955572
66408053
595851072
66395780
1402607564
3151929750
611329701
46849150
216899437
451113799
1276625766
116023110
267921808
535361315
163496662
19401084
22650211
3044616683
3057377840
283520842
255352133
3100254493
49100427
807095
30925378
74580436
18745729
21910850
20837404
18124756
312230865
29266469
332788870
14790899
45900567
40768837
14791251
15651878
1319921
21305757
14790817
36114446
437222660
794464927
2557521
14663955
14444926
36690579
9636292
386244525
14920785
754111986
25589776
204887235
19426551
34738598
273752531
169686021
2781685073
23613479
236699098
32959253
23617610
25365536
18863815
28245852
341292028
24886570
711388932
20565284
155705264
981338479
2400759492
2818040693
1564481492
1895555282
535501442
55613489
1261020949
1520151968
347611836
253235437
628979920
117974482
296107982
2933773234
2583003889
255696516
283801639
37765259
18625669
25949988
238415493
95023423
24971724
2599851149
33164522
2407570164
978801049
2567716627
342542144
260133614
269083233
2906456776
397030814
1087048135
25521487
108723191
1046465185
2193235500
65102056
631714827
28732075
214809045
29491639
193866189
256338746
332018968
132070451
23344069
305265752
276606812
292100979
520688675
204021274
2907212586
22190668
3342026709
463145646
48369149
1548322016
2437797378
251873156
2782522545
128360825
157113891
19058681
529076689
17074714
717329480
157140968
213404166
29756339
954590804
17919972
15485441
65525881
953278568
26565946
14230524
15846407
21447363
6480682
