16983244
369487432
141598384
14222518
380285402
111556701
49035989
19602061
30947351
16427380
138372303
145582395
33933259
16544437
10921932
80655102
110721158
13201312
122258041
407977463
32469566
91390383
205339205
16145875
127910704
19148708
17548474
15933910
20177423
19247844
21701757
14780915
28221296
30152160
24047612
24752427
21915474
551177934
141052723
214791922
22167996
190801837
191559783
209104486
14761795
39364684
280582344
42703075
621583
25562270
1652541
743585142
33920667
25581439
428333
1178700896
18863815
138981579
19980499
42220353
14836197
17329538
14857290
344634424
259925559
1337785291
2317351705
316389142
2281911146
28384755
14399483
16193578
184910040
34395888
19701628
7111412
30180137
221392767
49239873
68399194
153474021
18647765
69615397
72568426
85772748
44084633
348379865
31239408
9695312
326359913
60054156
828742454
582554285
174266952
637313893
957027824
401478793
1636590253
2830720945
457554412
360489166
3650978894
21366823
13613292
14677919
1020058453
5695632
20565284
26443744
44863837
31263739
16739710
24156855
28526398
1536791610
39743812
78061391
21033774
15631173
56356894
2813939204
107147339
1282946089
335334434
121797430
211183937
28412286
66379182
250884927
94129050
2577277620
15460048
2916305152
169686021
14885549
15825547
48455672
140548707
3043737681
345662665
1317062689
46669204
135973649
37016188
17524030
16174972
313338752
467554454
463224538
18290951
28421825
102293733
475028530
57401654
45884345
468479147
14120922
18872373
15930000
236699098
157140968
171682388
321970500
137440868
2363677027
171682730
810424
23314335
20962674
20571756
32896236
436292177
443215941
380399508
23375688
107556834
1339835893
98533811
420304793
390274454
20968166
43042353
16438248
17351972
125603760
152602003
2931910008
130834357
884378714
5402612
29958928
19897138
37034483
176803724
723884990
131264923
136885994
632110916
489748500
176758431
164194743
176800167
807095
44595330
902534288
1350259454
102957248
61755650
161419220
167325741
26565946
166739404
56783491
1041678444
18676177
62513246
90420314
58233603
289187750
85452649
17919972
268414482
21211181
105119490
158314798
181561712
176566242
84279963
209708391
27260086
16409683
35863655
50515656
32985158
15847644
15898172
136361303
24190981
