8161232
481607218
283370514
3723380021
511402689
22084427
35692327
17732153
31353077
158414847
30614676
26020351
1194947442
17844280
5392522
14677919
28644174
241382835
184836758
1715051
14075928
19637934
731344339
27042513
86141342
2836421
562381032
57084769
196917975
1623145514
15754281
544808415
13723752
19725644
47285504
2467791
20015311
19697415
165511377
6539592
2421110510
15012486
14173315
68235230
21718006
14511951
28785486
75974281
31080039
25972765
44039298
68460153
2097571
87818409
14506253
55117855
599288353
88749392
56405314
2884771
745486495
291481203
5402612
3108351
182843430
5988062
1652541
21365399
52551600
1394399438
526715792
2810155154
111793693
738965610
1322706812
1700063760
1497772423
67012210
2149556245
742143
470878305
550486209
2347823990
759251
38223443
2833536642
1135821728
245612241
146290693
1445506812
284190306
1625777155
608779094
972474846
1210242480
788420048
76995790
14207199
50374439
14293310
38536306
11348282
500042487
50393960
813286
336116660
259379883
71876190
288452305
139162440
27457788
22461427
142157505
90420314
18948541
115485051
2827412971
149760844
330664915
57360691
2255576730
384545695
1948761528
1209597829
169120711
255878637
908509873
1001717173
19058681
26565946
410066802
15846407
392447351
66561957
24807616
497534763
436292177
18548221
443215941
15473958
15693493
80700514
256573865
192389286
26189877
23544596
18378446
6625392
37710752
17471979
8963722
17842366
23503181
14994465
14824849
25521487
16303106
18713254
30364057
36686415
23027237
19768193
21035409
15485441
19412366
78453
12804422
22009731
12998732
35749264
15057943
14694680
15987295
26604904
17017636
15666380
14348594
62290422
26053643
54682125
62591681
6480682
