3135894413
3198193409
34082810
25238117
153209413
31524221
2359416884
203414077
493365529
74458149
229860431
177583133
2964950313
1162687218
2914442873
157011426
2829251164
117042662
61601584
14677919
4207961
30973
58598187
16896485
19407053
4898091
34713362
2467791
5988062
1339835893
3108351
6017542
1652541
14293310
742143
1330457336
91180720
428333
807095
182613302
16129920
813286
6708952
16908850
50393960
83558926
2735591
2730791
17503180
5746452
22146985
14761795
989
18170896
19397785
37480858
816653
15485441
5768872
7400702
15473413
9534522
22143745
12687952
23505298
15076390
21257006
14523801
15846407
16303106
14990751
18222378
7040932
17173775
17461978
15935591
