3938582272
3870994512
3770628927
2583889045
950068273
116393932
279438019
230288829
136002930
3224317298
96083073
269225854
175883705
25049177
296137313
254152016
5402612
70425256
78626346
14511951
169274239
271890651
4970411
240760882
60576219
376113319
58091515
282705059
18330451
243711009
33933259
103591569
46636018
470307418
166566887
742143
479934667
20120818
18424289
242684157
16973333
76679449
110681593
122969292
1652541
437582359
16589206
152667695
4898091
262299947
2811800896
102361333
23573083
34713362
2228891959
66959303
329800015
47763245
214540048
807095
245953285
1525255494
301120393
290178890
83804335
42196320
3065163075
74694859
242245578
66591836
189591533
15164565
526343521
261636064
219255067
301073969
278235826
637388866
16664681
266827948
89221733
165901642
266093898
14677919
364959699
14700316
97232128
5536782
184011085
325833975
255953339
148711787
87818409
398593054
67277253
51241574
14159550
80886145
78010944
327722701
23188724
53059376
153436029
162248086
46247180
168060002
21481343
258307818
104557267
12599812
348857725
142827393
216230774
14159148
119360445
16013361
