16248319
247911169
1971444205
250644439
84311137
2318956552
30278532
436266454
136361303
109702885
8161232
29730065
759251
23083404
15485441
1367531
26589987
17629860
17919972
14677919
427475002
90420314
19927627
19562228
91478624
30973
27260086
21254264
15131310
326359913
23151437
300392950
624413
1434251
16193578
20710809
807095
23544596
16228398
14159148
30313925
28785486
36782022
14230524
43192807
6480682
586198217
49061402
21447363
939091
273360241
425065548
763419470
518993215
2910986517
812613596
470307418
462004145
159068666
55043362
410764075
278235826
50393960
19397785
15846407
