14529929
5392522
2317351705
316389142
65647594
2377815434
21619519
89820928
8839632
14173315
2884545496
701725963
196168350
110445334
18020081
1347285918
1180379185
14466538
14676022
19824430
465123413
14677919
2361777858
9542972
20713061
33990291
3264523574
54208274
48802204
182503471
21862217
69193833
18587457
3108351
428333
15012486
28785486
5402612
17137628
69231187
33933259
14159148
759251
6017542
51241574
2467791
2347049341
18622869
91180720
158426909
14962779
59031230
97474887
70771229
813929797
3321671932
269543530
3376066540
2821147448
543576297
2557940832
3290410199
1169292122
1436644908
16674726
11134252
5357812
18916432
2168414372
3165817215
3952741874
16517711
15416505
17078632
163724029
93121635
476907667
3072144126
65691824
25073877
2895793830
177378039
3687721995
2863488598
3752377995
1472653758
500704345
32472585
3429910594
2287037810
3307659743
402957663
3270990914
22162854
1440641
3583264572
46319867
3419160509
3544755562
31685653
110213431
3329066670
21035409
2774024936
19768193
2396764953
343393869
2820826123
612043406
386788466
59440435
2728551676
55117855
3274576692
216776631
328843226
2181295445
1286312880
404548060
149760844
29629030
437099950
206837817
2896265499
1450386817
185785925
1841636696
239000570
2327359038
204832963
456806128
1441237386
1536791610
3257590606
1468571624
2896294831
16164289
810276139
17818094
146327085
24643458
1260674960
2649588536
22941372
21741551
462528317
337886919
3227277190
17313446
44135948
17821070
59489308
22024083
16929282
42893938
174412060
41836999
8819062
123158284
6416352
41640047
575621819
55682955
1140946502
1239194484
2800829303
905197915
1364154235
62606201
571093286
623828714
1148503249
3239639375
16686144
2775507781
2880043255
22891868
2925783291
1927342550
11348282
29442313
50325797
38477209
15745368
113047940
216881337
23022687
1074480192
15207668
7713202
16789970
369505837
939091
15007149
9624742
43963249
73238146
15764644
970207298
1352582792
200560442
20108560
3154252605
29985126
309315112
1526052913
26098254
594145781
2904430913
885239564
18695134
72198806
419177567
127537612
46335511
3040107153
704139540
2922266132
3075620832
3112118333
2983396191
326507914
90481540
2293514730
2201745757
1784185530
24167590
1120755697
213599299
3051357597
158586682
3060283235
17494010
476193064
4207961
2305428572
944657449
2516219569
345522684
289969718
132774626
280845193
52876494
166594056
807689196
3029093859
16129920
2836421
2585879569
130922325
239542695
76777454
704716812
1588626115
14293310
15675138
25399731
292092669
19410179
14541208
494463903
623861397
549795944
50780782
492699242
2938933675
2817889315
2938318246
200842794
955745672
51307567
155500512
415831169
701667727
102278356
2606539360
2886063061
1005135990
421554823
19725644
2336936412
143227787
2801932111
2855033901
550717348
226690054
279232575
46251452
23112346
2578922137
2538617162
98031689
500059073
499238848
335004256
68819587
2259174138
2777221266
2813536388
768047486
343162029
2574586414
2836766841
802939002
2694818888
2183099646
2786580958
17393196
43435902
94129050
232268199
55338739
16581604
19834403
1452029316
2865984804
168428208
267856525
434568798
38757501
1264918778
130238521
2439032786
46598192
1325475392
2193607094
45564482
2551493437
2476544382
15485915
154048214
2806554982
291510715
15981547
1684749072
41432040
2302233079
15727578
157526840
2354128850
30583657
7436592
2680515062
2788852304
41657401
406445741
5667142
79375491
1531958054
2759408651
522548376
30292568
165215726
21506437
529476177
423924806
182877001
158122818
14248226
1542533869
481580547
610454356
19130007
1016560044
1620846289
256302342
16150457
616595234
325830217
247114704
487718304
2564010186
325060004
25369216
14843057
70442867
544768106
601001021
2458256605
701635518
283536549
607455207
336851461
574096302
1897579310
170693534
389052298
1228516999
1198406491
2557170061
2176979617
501389799
31312972
21215371
2578900579
501367033
1319554081
2341020134
42662397
114249564
2653873093
165883570
2598532621
2720704211
1282700209
1136283276
1090844941
2234739162
1601914975
20261503
2584712154
2477553080
801085753
190403384
20793816
15279958
975944918
76741852
502442856
813962060
28185163
1023096199
109624858
76971742
132539941
1861426045
373170987
731394001
2574953450
2573302855
1219059858
1020058453
1613648400
1485248274
2571165810
1163902652
1134531883
16573941
258483856
543128024
16421962
1173045517
130187048
2227537988
1529252131
1526363844
1428767522
322822502
44949890
1158434426
2557037323
894409980
16033565
125122481
349814181
2535844770
398490298
17243563
19670467
418236566
2530580484
1164379471
314339248
1921721048
2263978129
2347799458
335534204
32152579
29342640
48024433
1579422614
963558768
61898653
9629222
27743648
14419089
1668999458
356299278
403084079
115113945
299386375
629946096
142805088
214924806
2243145854
77023131
275740513
329761189
47786101
979137842
1645711686
1876111501
301467850
1447558507
390429345
1416731156
831611371
856989865
330378090
63210861
280856205
194844518
60617509
46573970
22526810
238280060
21232589
152442830
358163795
59177036
54125479
33434326
119413130
54218903
251147426
216763055
1132329643
748463730
454452637
1449374646
2410021829
101061892
341262203
616616825
1668437124
136350065
2373029762
91408245
62513246
460693003
103686030
532773219
2364105442
1864042980
1345393938
1235381532
787601940
1711466762
61266215
124541164
100917909
2341519158
376469719
28341928
1591956090
65171319
865473553
2314388486
18863720
178088940
28016498
69331992
18022904
18009781
558810910
2216818569
17290126
1194947442
2241986632
50693266
2257505560
121574840
37982492
539462986
407469897
401534703
339259699
347493157
2243601850
342318761
70896761
130328346
427047159
1559455831
27651445
1976954138
262543492
2233154425
5796972
178812809
255876344
38426861
1303126417
848449020
581094829
533222314
148945945
1112722104
52534584
37000209
989689220
2215984590
2202456730
2155915008
32515775
121753089
454315980
20322986
103387700
70479941
39357410
208818498
1064133620
1105355024
465218248
37265958
93918793
1921790132
22654492
755953153
32625314
2174465263
20798630
12369372
389643429
927285830
1924364738
23170865
79923701
145907006
186129806
6211972
19778449
16700766
1736229618
23454790
22446835
1098946477
82268321
131381763
257242329
93654953
958639412
1325561742
1939683037
1858823539
1445534629
1109470069
18382902
400695434
39705558
255747911
284602545
259392555
195814782
92717138
499271809
1658186574
113134752
724578710
24083901
38259087
267978097
24413714
97132297
164122774
299817831
259836228
183733431
1722026804
1711456447
703880710
1293076705
14661779
15578992
587104222
19258235
54300251
1900720267
2153447592
630598940
19022786
180560224
19430456
1418745782
14325264
17045115
38055617
44538013
14377605
30313925
1339835893
1330457336
1093090866
892219807
608718058
104288093
56783491
40981798
18548221
1666067754
468672037
1959849493
809742738
3291841
1961182650
1350930907
342327238
31672638
183313127
456090528
18139619
1395680328
1377803972
45285833
1080420104
26787673
90662986
146942318
1222777830
509531549
125480328
43383705
1326005282
17790667
86613184
496254545
703101196
53112474
46096894
1414185265
55114122
19603617
715012902
367284950
19879313
88749392
502135911
468750705
332638587
1442414712
24457979
207785745
64874291
347884379
64872119
529669698
1894083372
103463659
251686253
39253470
977245015
94215989
31394354
357669284
1305028176
100097608
272100780
16188908
76460301
20269113
76032498
26219648
27686091
72848200
330970336
865424150
1498255232
1480251510
124365546
65148953
332611996
17852343
58896265
18086960
23990483
203162990
20255162
14840869
22821175
31943671
23560015
25341996
304679484
18173624
278765553
16786977
325633686
583288452
3646911
18018384
14497313
19981142
17992258
1023051954
360227835
701625379
52175920
78670429
21904217
15291335
20106852
570218986
920104904
254271245
1140687608
100648710
253862862
46492684
19394188
904090261
30364057
22324642
139162440
258896042
17516149
45694311
64857643
398092540
1113167976
618754473
425938818
1648450424
14668296
729537458
1003794630
703655227
1358070234
258136681
417565340
1016021178
20609518
1624193574
1046451702
574168493
508086493
1614347436
80096621
24107633
1546060806
1287550088
202396203
17685510
1181122501
1686544976
768668964
809887021
1689195036
1176886488
16597562
19242691
30832894
29407613
369019289
337405519
986235307
185931451
836453264
1410627252
375964889
117814006
31568750
263802857
1658038098
29542722
226789724
27790617
15981505
1650639511
25469671
123015364
14982315
427453842
442237496
872556319
1434141775
80715834
18058364
128393253
62383743
488059945
102093225
898674301
1430569410
1242915108
122533830
39930294
169537164
729206600
736417956
1020863052
1641335952
552011578
1642044157
1613859829
593316906
1206103616
226231298
361961997
1639608517
1441948592
23156823
842868506
1377719425
733014019
562784876
481459684
26813101
376608396
1086582252
304502536
344226126
563175985
494136100
1591876092
1421633659
130340092
26127836
40306315
1333322389
1587408997
1428089438
337996068
24135163
60432969
34978815
15635604
981452606
475081792
366712039
1236601488
1325211433
324962092
1383204337
1564542846
66618379
1380109009
563737134
304669638
926114798
534623083
31583882
318831260
880310556
443215941
30614676
146290693
56927066
729060408
76997832
164078069
43283406
102790509
935022414
243835805
23539346
265220767
262041062
531561605
171231974
106808348
370352314
229702385
123945193
567666620
1399919425
141665553
460485003
27825390
20344826
34747631
62591681
87595338
27457788
258970724
243905905
32455644
1424618875
1214006592
931312225
1506036018
896048634
1522391840
973355760
1438951687
1516233145
112964469
17357428
144607455
209720372
1219521733
22241501
36144455
447257350
1431911328
1242521324
633495445
926620369
1478422542
461521888
515786368
64790822
91257378
1414444302
579302499
1180930830
470749481
393907268
136494279
1468349935
20728561
1323295416
625099994
1289996850
1442732479
87946729
136505371
75916180
83266010
31949107
1437970760
1149386466
40335333
960848401
1354953348
1340173298
34036028
14506253
25343191
71597660
1440008827
1440046478
1416527065
568825492
23237375
28453159
66701834
23811090
40339727
23771759
583186071
1128867230
537434396
524347112
1006926926
847538089
48106830
1414239600
298705240
1247725542
1240467042
1332012536
1420869103
67354352
714217933
78411917
18027276
19080178
63296944
36947388
43192807
374312811
281274728
1254989077
282423354
1201535665
559992818
243442402
1206146882
390250272
1398245432
544517731
253114906
241217294
1715051
334321077
1402557900
211106897
626161332
195635966
29561816
192389950
196650804
1194829868
281217033
393852070
15687962
65289126
75974281
237845487
583188020
215060612
104969057
128956175
562381032
59949396
23544268
25917171
41392686
69635930
76848915
96795310
46164502
27655610
18109709
40927173
250884927
281093646
37683414
62934462
14830346
28521141
378171907
15661871
143244854
52146755
60101131
132166240
228794007
25525507
304005575
62965429
455315694
833074694
23922282
19659605
1295593639
15650816
843077834
906847416
268586749
42301646
1183041
127566622
21131816
190371305
40100270
348785149
241382835
452728572
38481817
55010030
19373710
329746058
436292177
57097104
124335068
571083342
322803070
18863815
245992215
24886570
19691643
7428362
740216334
18583722
74501824
36169080
139823781
55665448
21308602
17088779
58309829
37008705
85452649
114801712
1330253916
1390616646
164158518
15347020
74669397
188962593
1262149110
315493672
63796828
96792326
63504513
292030309
89544165
858924511
22084427
318877787
22720074
66504422
434465002
1343377861
90484508
391037985
1352585792
443164352
710782219
1330070089
270673659
121241068
30973
411255695
23173468
561371306
1331968970
415254562
1343247421
423133450
11018442
1339997690
1334919548
1300320594
208279200
314219767
1337026308
1194761773
333512166
790080344
41600293
1326080726
1332740198
394216985
1332360974
915348602
1330446572
33627557
76802558
13061102
167944689
456104299
420376342
716888084
1198699189
1263628933
1327978537
1223314020
1809331
148807607
220843663
291405736
1206476953
33688325
1188986875
1096816092
177345928
23314049
580097412
1310630059
932852551
35369214
68174078
90084099
19950500
131482972
101798589
100322679
1036001185
506233642
32436407
52613032
53269717
586892658
1236760620
855256999
1263452449
623987710
900691747
1115244296
38907408
1155895891
1148604018
985787563
1050870596
994876806
1213949106
1297534363
1279097522
482241821
1152416293
968446508
903005924
55361886
53513002
123081702
900192716
180463340
1099275636
829642831
907074528
928844414
1118118799
895504608
895630483
896229308
17844280
726630714
771041412
944951984
581033983
25308171
1219476578
732069193
908502834
24308079
18125335
1240439430
1232140057
534944689
18007213
18159470
30271564
34556858
6145862
38682272
123071061
250831586
1187763794
1224772058
17736137
602317143
408959819
883342555
21627363
834316544
61306578
33452466
89582739
362083495
192288002
418619898
206251633
38018958
302974524
121341102
118504288
425365329
807095
487977202
502281810
158414847
14075928
745942602
149590738
19731770
26044398
525934250
599548174
449349346
612969093
381688396
14681605
26604704
64578492
374191463
900894660
340635228
29403387
501975557
38389329
293326282
776424361
373101137
604851681
122657422
44908627
487763809
27602664
780416875
248917209
54365543
851147851
599334110
309930569
851516892
163755960
27868859
1066843490
755935742
32981735
774447246
424640281
225228525
294180303
264350749
72651668
298320111
164854413
86096933
228184292
1058368208
1093410907
39319495
1029537043
46507901
277832353
131877198
394970506
965299056
286871259
354094686
11491892
84151374
65908643
31080039
902799224
107512859
32238757
254667860
300946804
548580164
356909904
353292877
628652805
78185635
587013449
396334265
272605287
284274787
814111843
1034786154
15888142
506652594
41689267
179661493
974384082
62604873
167421762
44138459
55000479
390377012
48613218
39097715
373975061
588416926
50205873
57084769
30629087
257834640
342770193
602993818
63631280
1078443955
257796122
69491977
349378585
313647516
106182754
15808765
18713254
30412891
17374906
528817815
599677426
998329651
904796011
430744802
591416071
555354217
229219088
438926623
148658952
300024483
911405178
1052141780
776170434
125481462
593118047
28669612
89503894
336116660
870457099
36314303
84449853
360211980
879172206
328049243
17602896
106873819
25460615
378329717
15666380
1004430170
948820286
87781747
517009706
24852465
216128351
494670976
582330258
913192662
332360490
299226493
739318560
554804953
218167872
217546128
524695453
16409285
65184105
596904601
974794602
576507412
352026757
34295872
961234423
615149313
236274171
844411730
18520053
631664081
542161457
587033905
429432440
549638731
865549723
331239460
504752691
898782625
883335559
484179588
838036362
383044849
733751245
31449027
831228745
127431090
865689632
842680524
614535699
300647219
403497669
64392249
92997757
535957936
845580073
423795561
338596872
216537522
411827068
418851146
167244098
763221294
550223344
353519802
497078479
24807616
409670103
726485534
533706865
160941691
416718147
725399792
340130008
410948417
359107656
412519363
412394132
270106571
625899322
713485111
701851260
700321951
33569997
252718841
620256507
628909192
81090882
312326409
500042487
82726142
593944822
584237874
553061067
548680708
76132124
284724517
80700514
109754334
557280283
23690344
606753113
316756361
467077311
19637934
114035804
275400224
169243528
281766200
500084163
591486721
238239780
71469543
599808327
566659118
596777384
73992972
387961409
30317248
593960987
286228633
403063339
134311389
47812430
514323748
585937668
581841539
95791396
289504508
45713517
334499736
231625284
473171447
555448499
407977463
424700544
566671760
34381878
23197896
50004938
76434225
116588262
58748818
228822613
45609049
28221296
236579188
44312605
274119641
200913899
278072240
77645932
499073990
251496825
492399548
31239408
505242736
386189099
262460288
58528137
539317682
19571299
22592948
181561712
20015311
22578516
403586510
516535423
111912589
213455679
445185173
281746700
519073925
541270595
36820801
308527954
416722050
410182686
33928257
540857045
168193322
208763658
518095650
475396334
471572662
535462632
52285835
101651259
103099657
492788576
227750902
60405143
12044602
374687222
47789683
431381782
427835774
498413716
359521791
397491416
250931999
36704352
484317778
30966873
489900935
39775563
457201958
423150574
287856067
274649460
501047731
200163448
415190635
166270127
412000387
149696123
419681163
129574048
96862033
496482334
307132474
422707939
414473143
397973845
448161244
397491534
247916099
400816073
96480131
17243213
406993022
482584528
483956077
74821841
308349554
305902957
306430785
380151222
19122675
16633037
475134173
284239150
20755072
472623389
71026122
38744845
395539119
240734425
338839784
85664692
102496411
374156756
783214
17874544
415859364
180010964
41621583
245039328
69600244
451657574
449098681
173998684
401526310
27911944
423871360
82655893
384381323
377751209
434184017
405024173
384953260
399150047
412721528
426265494
427666652
29484644
15220473
67418441
325724941
338869220
166697832
9720292
50055701
44163738
415610623
269126145
66561957
39131636
15764019
21597815
212137173
132646498
366795162
247089649
64111833
133093395
411815465
409231013
408223400
401105816
398671652
34312352
238247044
364578259
395076103
397619305
396893748
397557500
393686580
397593226
397503535
75641903
335391917
188940061
68838777
366428706
41259253
31293110
35094637
166739404
380294247
288452305
24529179
14425825
22440364
27772095
29756339
59199168
381229776
301183246
178875307
44409004
18735972
29303274
31927467
15224867
180495245
251309270
338512144
332923445
361485588
6427882
130894721
58858847
160590720
242908768
44039298
40768837
346697516
367520525
185193924
363502206
40627965
253423118
181931970
366126210
41073372
265554862
24742957
328591338
15451591
30395398
81308021
27993213
176485832
130304112
22940219
184910040
342280203
76274122
27195114
282735852
17074440
267921808
275186860
121598314
21232507
205502812
354043902
286140497
347296253
360082623
277546050
355169271
276715917
31353077
98498667
162169880
354292798
142157505
53297035
32310826
16355969
50208968
339819676
54573132
122766563
341160116
66917075
329130792
340598445
38547844
17350250
115485051
45968905
29840295
184642668
18948541
40878677
311775698
339768390
338166723
312214734
236185896
343881029
32774989
23544596
62290422
44215023
261001761
16303106
67039877
342370767
40111796
337560904
305086515
340623560
343076997
335497618
341035680
190013365
342461688
266756508
256573865
47480392
342484231
333725527
289348842
110827653
259761488
262794965
185739738
28716779
813286
19058681
26090319
29150159
61844233
16825573
157537741
30066271
97319821
19562228
30104231
62450767
40908929
169740780
22822407
121316090
35764757
16008484
31641658
23737582
121626258
24447331
285282053
134963898
49110693
16579345
151739057
30333898
23996721
30503160
133880286
48410093
92367751
27042513
14824849
126198709
56405314
56481539
32985158
40511475
69491538
50515656
58834557
73443014
25209206
18470958
264498030
58233603
34739186
69476014
25537064
27260086
25970331
22657153
71876190
38536306
52551600
15227791
28706024
26628211
73706973
36155411
79293791
33041426
23648057
90420314
50374439
15419652
47285504
84722671
25341216
83312422
19708968
23770401
242536988
277149153
324152858
84458269
186598799
290883957
48672487
238319766
100220864
189200128
103912617
43698856
87016990
19018401
26565946
18091904
36686415
15485441
20639369
26604904
6480682
20196258
33342154
22677790
26053643
54682125
19397785
258411750
