424654706
9480572
274253919
7573442
2739680245
17971887
96205284
18665800
1918178030
2654464946
35764757
45564482
46164502
14677919
807095
61437022
19455611
292409371
397361111
524396430
4061885906
4083661239
1346924263
3865335724
4149949840
554628175
2951860426
30000912
15174079
28145061
469371578
3873718393
2786808817
3123195255
3309678193
3238734909
3214557274
2275550440
21447363
443363249
2921930915
249889433
616842752
3908587812
3253730971
260336615
3709999582
104917777
562981626
1925671255
1488084607
2339929226
2485499798
3034002607
352548417
18510860
18136943
3752166915
3231433391
3926721329
3253736917
2981103473
431807994
117516709
3743652503
3493639397
2876033800
15444539
14189654
163951919
85648405
1137407293
515600268
1112083237
250386727
31939866
27978179
33256849
38029388
268410865
26520824
3620407997
2685556302
2220385945
3270748802
2456660110
3165960139
329774668
40129986
3087380587
2522699001
506007359
31766093
37251642
31206077
359843113
15847523
16908562
874657261
76520419
1559207174
112446770
132665478
442997252
190482409
290208165
1281949914
627937791
2347684351
3092394784
3272237022
3439583836
19848466
132204038
2359537176
64978510
250084070
132448153
275714700
1078443955
612052539
18596878
189970951
357584312
19363528
9890492
21844990
33787936
55868276
2421533660
2421499064
794412535
2440198908
286929107
15936868
46458685
3289138124
140271811
1356412326
476315898
3402649828
1555368715
44193508
22415002
133174912
2981754215
2863124369
749931672
926701578
3278203982
22454663
3238834748
178132886
2189295446
3643151956
3285150727
3179493427
42362189
18787733
31601858
3460089801
3495163886
1004409242
253345493
1403871902
25380005
2701431728
1244408377
2221240856
1333415683
2497632108
2836331371
2514192138
2344334462
1602679219
2162283384
794844787
2221091095
3269605800
1629327572
2237106438
2825665092
2480988637
1889148925
537582370
596651945
1303681832
15812463
14786217
2900818122
17156000
2416276604
252842449
1659492589
29169161
138433085
10963942
22067448
3020150838
214495170
33879063
2804129538
3340109714
3001822758
2942547905
3404704222
362094371
2596775509
39606118
1683801943
532285060
168759825
158063632
3314649205
3308545012
131543835
485016008
1108521060
2546690178
3081420210
141296076
3365854120
3402058774
27279989
142740168
34200117
107727858
3303719305
95307879
125306809
63076720
40079154
18651671
3113203775
30313925
1536791610
1093090866
39770709
2453455927
18539840
3097163310
3168245695
3297978818
2836897008
3015018562
1007738622
44648896
3068156032
323998361
18382184
1486602870
1918228742
1857443774
1376884580
3033775655
2904107319
2517854953
437150341
3028894198
20479363
503955524
403932208
2573993016
1355218452
1344523105
3309654696
172825735
2819567462
265122237
3303695658
2686614342
277805390
3296133288
569960741
42962000
1429143901
3350899006
123179981
2993628401
19088288
582868865
15846407
20015311
635481378
1513958744
703808448
3406193625
3221197781
1635700867
3246609508
605384182
294882705
2979350559
921824922
1247958042
17167572
3307248187
1387970809
21282305
26070572
2670772172
3221915219
252300935
543780273
18347732
3265826670
475408408
2838283974
329443994
2784596765
18705377
128246602
563947404
3145970601
3004083466
2451433968
22940854
1066662979
397386475
2252715366
562081974
1633711453
2799415359
168838692
2428776326
3246241522
3390254459
200607519
1246236312
3376950741
3041355094
2863844974
2730470359
2901652777
2302360146
3128391936
74462601
2875704400
2240756971
3398864554
3398804409
3303541854
43261344
47361334
3302759750
577407017
19824430
14377605
3092455390
365706281
3232054991
24003870
57455278
2196351403
270068926
14731096
98976956
2581070247
156656964
3096651607
2587862726
50398239
2991871625
150823395
18907301
274990777
2866089008
2522001204
842475074
3309011151
91378530
2937575623
152877900
284542523
47285504
3244931611
3459051
2345682518
3394741149
3145519942
3306744364
3305987345
3305129913
447552068
3300336775
596879511
1465247803
849169945
1364325079
3131218360
2429663929
2225555402
3269091415
3296320494
3387768435
1570623740
1944987026
2480998605
116851281
221211896
3148707024
1276312562
127839157
48038030
19104773
3163291427
2841747221
3068949387
2944265486
95368728
241803285
2327926069
2952996863
6974622
2500533834
16314021
14177942
125181345
928481
2342622017
2665382287
3130119820
2853815035
3056142064
3065753301
3065900255
3071251042
947071290
914071538
49571012
2969249206
3152125304
3150777746
3161132279
3182287189
3000661701
258527102
712948758
3167884713
3183457009
3218991063
2941152252
3231942716
3229240678
3222286221
3219036295
3158574654
3166924179
3162022956
3382470375
3349773519
20618180
3153048404
3157731834
2591662076
994453866
113349253
17780929
1409447442
2172217141
21637503
2736697269
1335267692
2689468341
2345145272
405119861
2173646835
2451918085
3160241681
3152299939
16672561
2844693572
281126624
3161993878
1188259933
417562267
2936790183
2489886325
16392181
328225741
1659355182
2583479035
2996570106
217284217
2312511794
3150687218
2865044333
1399713804
2431399728
16177387
191463695
3303348317
3161513646
417600352
3207624605
23636341
1148336827
3241763179
3002922157
3214042678
3018931604
3332057260
3254864460
3308535203
3238957063
290815764
61269044
385412944
3372741323
3273997009
1023292824
3282242155
3381952967
461898599
3384006694
1352623212
3385121308
428379591
3183269239
3383426303
18220818
18893580
20023919
3153217933
3225924410
2886412360
107290835
3011696814
183753455
1442844120
3236626470
197518793
2956464105
3390660430
2809872004
2977535944
14442359
257905617
16279105
182945800
28609947
28345417
19100811
16229878
17850456
27585991
86180513
183022206
106618405
42665683
84859490
192423161
41160647
35764723
34514558
27074856
178975033
21754399
134555743
33323849
140699869
15353981
225634187
3186888841
3212845671
1328046631
435459729
3071978539
3174934312
2946805270
3249374986
3156235015
2377977842
17159787
3087391632
539698197
3091521770
2788630765
30758317
3161952049
3154160697
49285444
285097277
116630205
47630337
3223625856
355145759
20412312
3098115975
3059045779
14997156
270717589
3120700223
3111889034
21461944
20196258
1614054846
22699560
18464266
3146254697
3148736772
3224910340
3149579266
3234759167
2478721572
3165033669
3152112661
3152527105
3282619249
3390360189
939922981
48269483
17789578
146160591
757303975
75069067
3065966919
2314055840
1330457336
21705181
15642399
1339835893
325830217
15808765
939091
813286
