316389142
15279429
21208444
14677919
4898091
87818409
5988062
1652541
14511951
14293310
428333
742143
807095
24216951
402025247
239932574
14260960
33579417
146474908
1911388436
181214694
3064009871
917856445
852070394
286993425
28726352
251214293
2216936527
88586980
41651384
19010469
61312712
300114634
132646498
24288439
144625923
195252207
44807659
99000598
121483683
606340553
100766356
2463555404
38376356
2169404693
19777398
15485441
526886740
352038486
18780392
25363680
1335506149
71115322
151544201
28400584
549730356
69266824
1016558334
892225632
217269719
500448921
595862039
463099012
180966451
152551783
330394330
90420314
202905708
48036633
500436115
223513740
562573952
463392517
93871806
19923638
113514650
14575107
16929349
8223872
41469938
86138382
14791162
24247962
24253537
148780470
427387120
25740327
31080039
6480682
249386756
23544596
1223101
309779222
7280572
361335082
122849682
15846407
18392906
86440564
19660870
105189289
186454150
528176024
98942778
136361303
18138157
190523197
21365615
28859488
223333464
15279958
