2588991477
585723939
741487267
2983047867
857667900
20728382
2872776693
510300588
1230554058
3016877313
2485339734
2162506868
2933294989
2929424237
66657074
153807492
238341830
1219068583
141127449
279053366
2577006655
23939280
778232761
2965833628
394255462
2935638023
3025376403
3024589629
2738197911
605757344
2921904442
3020492441
296259586
128505223
3023872078
2845299153
574675491
2913876971
3024813303
2972997881
337143878
18899711
22051921
226278504
3003263685
3021811565
2770986383
447275692
65896069
3023989197
1364936587
2888216271
2974817637
2937149889
369635071
19935196
3020306133
466453435
2630975902
81081291
3025614909
2776800034
3028422316
2759490157
2413777462
3024956111
2964981712
2976506085
3026550281
3011947498
454237602
3023277597
1174614726
2153709361
2293073928
3003726972
2935003035
3019557514
975769454
49577232
1112514396
2932202211
3032943075
3033371565
368996267
68773115
3024889612
2869296587
2941899723
3035827900
709345779
2282010661
2959682525
1664559156
3037775831
3021309196
197807132
3039769505
2898706354
44838431
1603566493
706766573
2938064026
2935118964
3024508068
2859569583
2278586877
1490472200
55535880
2842503959
185231690
3025344148
3050484393
549769552
2731178237
1941697105
3052794963
50991308
109445131
3019106510
55904228
291025352
2815646474
3058519751
2978257151
466509876
205220760
2587176349
3014297679
308023621
1412800740
18937602
38898900
3063964443
212592062
2998091206
121565970
3043077266
2980105000
3012077290
3000770024
593677244
3065546579
3012364431
999506539
2350621946
195557465
81414720
305311319
3069940331
2583202022
2870635557
3071727251
2851251711
2796511035
342339077
3075019587
967223898
3034583545
2465631179
2148013934
2783970008
2924470270
1737324354
2924648886
25698174
3011900781
1635675500
478468109
3080032450
2400014731
3090104741
3076782322
2677768993
479657559
2893464155
2933985147
16658042
620772420
1109602226
3057384233
137499243
1041744314
2743196349
1657769084
1175926946
3070770005
2698982463
3092675663
931716331
2940118947
2886653645
16211752
2778688781
47769034
2853422746
3072635585
228700774
3082042704
3102762308
6176772
3098667619
3107066915
200125746
2190946446
3105874845
2972831901
263336702
1875034429
524148260
2852075163
3091658229
2224919788
3057638997
2815380997
2775971040
3087372513
2383520407
2878438555
574259909
1954855172
3127108797
597969225
2883355019
36652563
372534140
2266189237
3126526258
3123286153
3118528889
2208910820
1871957023
185297551
3130658474
1519688540
2436824162
3112368980
9628412
409444860
2295242258
2937098161
2802307212
358956970
3118825852
14993569
198955618
2989568855
3102319942
198048077
190386436
3019608340
111048463
2802596116
2966993422
3147110472
2819560587
2838350008
3129425537
3134950327
838764498
3071626971
112455224
3162835216
2201366840
58910768
2966302493
45497165
3169143892
77966753
311599167
3094038688
199221351
2897899198
220527832
3184061038
131804076
3184212232
3194207763
2239274635
3194633369
247694573
581109515
20520014
3091005611
1553743531
3171035886
2451772693
2480087065
211265925
428985615
2372108209
3204872957
1698234187
755347824
2196681495
456567464
3223760170
86057988
627493541
18221885
256479753
3166130964
993516132
3228788243
3150376326
552013762
3236352317
3182130018
310527479
3093893877
3202652182
3129443593
1659421110
3184920374
2352156450
254575639
114604905
2988030442
3213163534
3217170033
711642364
1555510939
360619568
45621261
120850328
3253207473
3192658242
3253803940
3189648967
52867885
275094371
1719890544
2675309087
830236051
2529191241
3281825885
250335803
391268936
194537078
3115906927
364783825
160781905
3173084445
2713963778
3251279033
3115128821
150993983
3073044851
128514752
3254390871
282393998
2739644052
1108422805
89429154
3294236584
38656971
53413338
71042344
3198330472
1651330616
273648762
2761792938
243604662
3301681319
3301809508
3108878483
3302588517
3131386714
3123233775
118608563
2323780675
3021573531
2422790406
62156637
9201832
83429977
2161263614
411002270
1442142859
3131293534
3230575340
2303641772
3310787386
3305073257
3195458296
185230574
2331729972
3090656480
3293738535
3012355565
82641867
2751500219
3137559278
375580972
170229572
1665836275
3166910955
403563184
3230291526
3313108600
791529643
3308127951
3306228069
3242584772
3091623898
2944967740
31375333
1652461764
571206494
186106079
1320557725
1054451432
3324574467
2618852720
63509902
807330229
3325315492
3221312974
3323173373
3302777883
3243200789
1258236030
3325784368
2230673669
617259255
3150879209
1596312014
605786349
2432272514
617917049
40975518
3317055695
2780337171
3102893542
2373440568
83182139
24358408
1397772726
811391744
2529389130
2650179265
2956981714
1322191842
286007759
483947149
22637064
2397718652
1094546634
3297475427
56321599
3311833295
819345590
3321722788
854286919
147749500
301575173
108108818
3212979473
2782377674
3322947219
109534383
21023652
3249850765
45649100
1374202314
2849796291
80387729
3019490423
2832693897
3315429479
224016255
233751875
26485271
2741834498
3307446820
3068611493
3070053027
47895598
393350362
3345533513
2416028276
2696264220
2978185078
3348673739
621039456
1341530119
1150325730
3338798127
3329964237
2935803142
261958628
419414757
437662152
1275445166
459553769
3243233255
3359230426
3351890308
3041618656
411393533
3064884514
2342129176
176456157
3339402231
51957526
3355193405
51085109
1849723099
3367181357
2563398821
1550472134
3363732448
274483755
3374149768
2913052039
338307362
3266843756
305867459
1428763452
2709164514
22756947
559582904
3305696723
3382575202
381020887
2887034614
2601800384
383344727
2994458950
1964214012
78979552
3388095490
3281868607
1299081511
3387307144
989884075
3102593687
1863587642
223873687
3298942812
1583623226
23930953
3293489647
3068298743
508665808
3391957366
338938867
486092314
2856811324
3372269021
606527868
3395110809
3389267703
1640020921
3253671554
38222121
3401311324
628229233
3391501395
457486019
26250653
563629746
594883263
18178539
245484096
3327086747
3164792218
372988060
3158604125
3238846409
174953869
3386592136
3414800367
296499306
170809432
3413151737
3313647708
3356390170
392535115
413907847
3424481235
3425671138
2896889853
3305313834
14898920
3311875021
2769511068
3427816456
2916022165
350175406
24391512
239697611
2969920335
3433966588
3253216517
579774298
3438815104
2260018596
3326505934
259175279
975751225
3321118135
3216275170
2324255648
2780196038
193012224
1606294640
2751643295
194724228
3350544153
2534806634
48274106
2197474141
773862726
7435912
311681985
3490831457
2260110262
3408710823
2603211799
560309244
2837448148
378424691
3501200541
3522733815
2789498845
3305408715
2223332064
3231602615
3401272425
489720845
3446770397
3474306733
1068750242
585861029
90928811
41135339
3596679375
3305567123
3606637223
177499328
1265333252
1415084658
326750167
3233665460
143024609
3387249573
886295618
271960469
3585919455
210078869
3421031141
3404500451
3212553778
3465485355
1255690058
4055410491
3193726508
528829907
11831262
2708303706
1057641788
105820326
2476028298
1015975604
3037314326
96052790
4118080513
3315164666
864101738
4125247873
4103585909
633657587
3312039686
150456584
4041144973
531244144
3875221814
2335180141
724326337
185314895
33788427
842592200
588517927
612473
215952307
870410856
1431554287
50616655
40011531
17336417
471287735
3742538801
2290680637
95229500
54203238
135538277
21472765
2537656748
23151437
25365536
19741660
18454999
115085879
25521487
21622407
17087270
19743731
16679529
19679461
35391464
27839044
87781747
56783491
104288093
19679611
27260086
34507480
21111883
268414482
25209206
23375688
27195114
2557521
18993601
17919972
353519802
58748818
59199168
228822613
18470958
26257166
58834557
302974524
155659213
264107729
383044849
21889608
209994211
439125710
403246803
265554862
403245020
403255314
264498030
58233603
18863815
85452649
209708391
176566242
84279963
181561712
158314798
28987332
40101400
18625669
105119490
20188930
19748674
23976386
95393284
87662268
380399508
19604744
113135288
29078703
31435503
2238821107
1394197333
3364231570
24546455
3526915815
221041816
531146968
539028499
295763337
61186547
114767453
17082848
14170025
16924749
17285909
274608827
80248075
20324400
2842738523
233963420
41591452
22407719
136376852
95611586
17022314
50262127
15823888
241549520
66349240
69613510
39824724
81816967
20776432
16038443
59749780
94352243
23609421
2603645869
14711408
19315919
534679376
2525578430
16242432
3318746908
343982850
2966628795
796186489
51822670
130930117
117227727
320884291
294359461
3903172288
51824738
13017862
1603193905
118894013
1858380217
519379352
2811309144
3154194313
1603385773
145104379
263924226
171163790
396258078
149922913
320215351
43852792
151060182
321950484
23004135
26538413
260491864
262881419
86136840
24741517
21111933
32813641
1967731837
436858222
2906237925
29281193
30344445
2751822624
3535748956
381895898
2965026345
473816079
35147909
35588495
222189121
2470683326
3175139301
299097727
271473456
153033874
172397445
240002593
897716923
105405870
75112612
564107298
218364597
275134005
331773010
805833182
2205102126
338199212
251588889
386022923
15293352
1362461280
303774267
2922830246
1010715990
209363195
36197066
297626273
348732783
186523313
192024694
274254209
1529151601
735716539
179083826
484999518
211158015
362539812
283660297
787761434
437691294
403026859
232905913
418423461
2939669643
354041252
1140594793
599456294
3936283655
4075919679
456726486
1255328952
3886750582
134513740
313525912
315919021
42872415
893657815
1080117824
393657399
289869074
2479918472
2659557929
44648117
268363284
29525453
1958796908
2802542301
2380534507
2779048504
38727113
2474502782
198270108
3319804777
37972440
23465218
81825702
114026804
72064417
216430965
14222536
3345830601
53338746
2842468719
3484456995
2685837290
180949358
45494617
308759071
18804104
73171449
139539038
508982756
591145888
308297673
2658188828
480925594
508970633
2224376792
3194497566
2986525396
407845036
405728790
101617959
1396698397
330705266
310072711
363961928
1906234147
379408088
384750535
1088207396
278328390
163730859
3226122351
56915836
313087874
463188421
372553734
583280017
1469666977
202246490
339280858
587644638
462493332
224334184
176813222
462499443
462407068
494552578
2387121810
462504008
2379983774
462181277
461825979
462527316
2982411657
1855159687
3906995837
461821592
462210789
462338626
1287538596
251681124
172676226
55516924
462188417
462495192
462370306
462156189
462513479
540362357
102230123
21969693
275215221
267921844
494176631
102600381
462398759
69416504
462489802
3436271834
26281395
80725174
3432124726
188006067
256382039
190426393
2525400230
372849225
254111297
3287952312
34640565
607592868
20796457
27735577
3293476440
615658764
2423766902
166962954
315944894
3356620372
338564749
2547562920
1463208198
218980359
184177756
109828427
736022173
324261259
1322100966
546970258
869117905
2435980800
177544032
1019306167
1021840742
856393128
344690085
609194221
45671898
82123247
21862217
131877198
44134773
21232507
23996721
69193833
3762566715
227353715
3095996767
86141342
267921808
3168602730
475286355
18587457
8839632
49698134
22650211
7744592
97474887
16379018
91180720
607289206
182503471
277165873
158426909
1262322854
52070270
48802204
17291393
254117355
18227519
21220931
3569912476
21619519
89820928
3303938180
542091011
50325797
96900075
15922214
9855382
1099400378
7402662
2836421
9300262
1917731
239313282
467158249
1698964795
15675138
4113715901
4038869831
390194544
1100620790
3536550317
2266693845
27466653
31310158
1582341876
14677919
106597684
54885400
19611483
10126672
1339835893
8775672
66369181
1330457336
9624742
27457788
30313925
813286
146569971
18213483
17137628
20596281
14499829
14361155
14055301
27830610
16153562
69231187
33933259
14700316
36117822
14159148
199196447
15809249
109081861
206717989
196994616
36329597
24150634
198618575
20545055
157981564
18676177
59394443
1367531
169426475
28785486
17675072
15012486
21100803
104275734
14173315
2467791
19287037
44196397
579747564
51241574
2097571
14293310
1652541
87818409
428333
65670632
3412408006
742143
20536157
3253202529
3053738223
66761483
65672312
65670121
66458231
66454524
66447279
66453289
2415966630
14972523
65672980
38434916
2695559680
32411258
47869696
20565876
25111784
2762720301
20464145
7559042
23505989
1368236310
32613223
14580572
103028604
17614421
11281542
35652803
2303579593
221476838
3432899637
22020909
3437986876
1858705002
22817893
40075688
82272006
21681608
16207185
53160925
14706837
838792950
23016245
3707881642
71309250
1852601040
16653885
2827826105
32415155
15766731
21224881
98299129
635431514
17819531
2894984090
115185063
3438583433
52104913
17822186
18512478
3913264102
2587828520
383380966
77910830
456764166
3337913771
34389455
23572199
20407539
53047693
28588292
17901399
47612430
2369120780
18399263
20142400
17797448
60727036
14769365
17334356
4046493683
16318844
18755337
11279172
17023040
56500479
16831314
17003506
16831192
1470516350
16831165
221812315
244590781
18760669
459612808
56514154
80082225
87267860
67649842
1629971274
80081836
1934490174
31346330
31240434
869864088
21142831
28464786
429966318
35807646
28464656
15398794
1417813489
1227920058
2571002508
202223885
14629092
39334971
257077309
14675685
15430614
15398780
40964764
23482357
174016637
74296039
15398806
30181469
1306497714
3090917904
2559928128
2706838952
55442962
1398177386
2256294426
1733424480
3073859019
4011545129
3266040907
3184139303
3416165445
1889985066
2372287986
577284493
821704196
442075443
314463055
4159162154
4211779632
76556019
3957933999
368829549
2938414868
3131777698
1301366916
4159101863
276582873
2892544114
3873588374
3240309425
73269222
396968989
3432323489
3017591699
3145106639
2226050743
1477544401
1024840093
2828401437
35138091
3222273897
2771072358
272487753
2301715200
4075277055
315728602
2917949290
4025424581
3236218248
4150065975
2894415761
4059673617
3320003376
4124309773
2775638050
3987860116
44869346
2732001907
4031353992
3110023881
3931707983
19680770
278964890
3844303753
346516637
516435823
980231090
4158097992
3709038320
4045927557
2970450156
1310487649
45080785
2290973084
217399308
3654945201
3981169595
899081526
1553714023
4151257426
1295602928
2237735438
126412540
148793285
4167627749
409830748
4003898657
284242132
1927334960
4085869874
565618120
2663628955
708964459
78634393
1417853065
3257997067
3826408343
3082018701
4117913173
2996621364
3161239130
4015051160
117247636
3434675705
2188999355
3029004105
4204166054
2843331272
4137594627
4117490965
307430552
311645826
4159659418
2914487847
3077752043
2248449816
990660247
4131772275
2874125378
44779742
2477907132
3325152734
3253942822
3398529079
3294623614
2806635002
2518936606
4062145933
1456311144
4029836841
2831570673
897919136
2871175625
347719864
4011930573
100378273
1118337668
3401928599
559353074
4147927354
900278906
167669683
3387186064
1352424144
236320556
126637870
2611511054
2846591992
179933219
3302847065
2885482336
28799178
3401386053
4067122696
2180062694
313378611
2884921209
2915297339
4224467658
124596859
203843259
3749807833
3052374924
249753922
3266719944
809376565
245929160
533455801
2829671630
3594700693
76696137
481317589
3555382155
456467790
584722135
4174201579
3903363195
3593016077
2192099668
2924954348
3086998317
4162886237
2957596299
3447677176
2206807984
4145136493
4228991664
4229353094
3296803912
4229173093
36931546
3301012108
3055255441
3902165053
4004195899
297599184
95332599
4183850117
414260257
3096663747
453797486
32452030
1542784632
700696903
223199272
4174586834
3864056416
3679696469
4148841915
3990157737
4218636494
3158417058
414096331
3594508632
1071284029
450171893
3089287635
4071235642
1259840480
4178267775
2836268755
341739004
4107211599
3439372840
634539914
2174234688
85833145
256252548
2942340586
4169443215
1732457606
75200202
4047548548
4224144259
3064266243
744601723
1373013919
2653735692
4174264516
1032870493
3001832704
1952096952
55434119
2332873780
4054891167
2799611559
96963043
384842840
61217604
2199899211
4224915570
1688888203
2243623724
4153201221
2325626208
2304671512
903932210
3196674097
4225304539
2350820870
144756907
4225347493
204357067
1058377975
20642894
559678500
1487318407
1507925070
3255755142
26327974
210584065
2292724815
62333669
4226075174
309125013
3835557795
4115483476
3045753762
468878473
4002355457
789867704
1558911577
32371978
4160202922
4214269518
120605994
4218063380
4178332515
274162322
4226923332
4226765892
492526079
3597159101
3463367295
4066688951
563547607
3272199770
3078349877
4139444720
324973400
3169243176
399408817
4165341449
570559167
1963187430
975370394
1429846452
4180412175
1027655582
2692216922
455954970
433360123
2966456745
339621107
4136739253
3287083305
2331116718
3836779219
4200844400
4230225493
2488388533
93968525
3251096084
3119822398
4229840838
2276840516
2742935294
2556780676
2859831087
4155260059
4130328794
323118260
4182667883
3557693084
2409833984
279904879
45928885
4184654266
133174149
2961490099
2589858610
363958921
3897815603
3190052630
2971249191
1121174924
285590964
111508300
1113521245
456808855
1857312210
962692878
742720626
42664060
746954528
194049387
2959436480
147932302
284540385
1024125008
284537825
166581504
2834317636
429724798
41331822
338559800
1279266186
41330603
191781601
1371429798
48511385
3075067366
16534680
84281104
38237581
986381599
1155522630
360685668
426159377
557774594
404153276
80374332
20288597
253167239
3587374754
2813202073
739316899
79320096
212252495
442935254
880686672
220938339
447157920
104931930
19772596
46359372
2778699762
44864403
367623479
261864441
375739777
459138552
40729642
17781576
2455401445
457164241
311101794
186113486
540321025
26325810
66985020
478152884
37981503
46762528
267220090
511829725
340793734
578359011
268497470
252055463
1089291733
146430315
2587512092
37654490
90535387
1731508382
16391812
62061003
191706332
136479925
23454507
221411250
62518156
50501881
211495535
2496616345
18876324
4121127862
224568547
103654465
29523749
598381204
94593636
939521786
443845843
85845630
109008446
430100651
100290883
724468284
549455519
287897430
150931151
230030920
1372093190
19924104
341951269
36973702
260347287
236183865
369060064
219114054
30072520
2304686444
22258623
508021442
213795411
17078632
1278287142
33750798
395322611
185504192
18906561
15416505
41634520
17454769
19834403
58379000
65493023
244655353
232268199
50055701
3236167844
263758909
31505219
72198806
733751245
115979444
17494010
18916432
14377605
5561412
15764644
5357812
16789970
18891923
73238146
7713202
43963249
14344823
20733972
15207668
149913262
11134252
30694631
15450996
14730894
10168082
640893
19173787
3135241
17546958
16787084
14669951
46002396
40116885
15335534
19417492
10774652
47739450
71627462
457984599
69773058
39308549
248837329
2889494602
22703645
3304511829
2161638278
14331688
342130924
488679352
272395158
275451635
220081296
186646579
14335880
27738231
172414996
2807148300
3114684081
233542324
18983793
56749157
43919633
15513604
22055109
46681100
113758100
33186808
21010214
26487169
19400611
158769098
2314375832
1849173318
29216764
281610530
3329528134
23970102
166990746
228747444
2987054897
223970563
371465104
422632944
1111126194
268378484
288989761
334053327
36452050
14839147
25101996
28628850
112047805
18646108
16031927
27311044
110445334
196168350
15976697
7702542
50769180
3344217101
38495835
217543151
17800215
22509548
3343406969
47717491
237348797
237403203
113047940
88784440
1074480192
216881337
15745368
23022687
67358777
68999404
1180379185
39349894
75069067
39344374
25073877
20562637
52544275
17899109
2735591
278691695
16896485
161801527
103550181
3938582272
19407053
219859001
2330857731
1400567864
898058054
745266487
431937758
160831640
4041291567
890447257
367269181
88042059
594537895
2514570505
113083375
636792491
4052817862
204271120
3824115148
3879248895
611794733
21459118
193831068
4026895863
175736005
527422830
4019409087
1321051526
3010434820
37741889
1168840873
2275201848
3903312082
4067967694
3873001773
4068999358
3187209088
423555745
2908431513
2526496516
62059385
37168983
423380975
2902247255
3300664127
2965711143
2515630784
1729599343
32959279
262838168
2982587746
3945055822
76010660
1211775330
4089736997
2605852807
3747718395
865984675
756039878
48808988
2355410417
551968570
3131310280
10036512
304409229
1004013410
2275244329
2612632376
3123317805
1120528556
465417701
4099175777
27852932
1544604320
236555252
4103691737
429260312
2873836529
61506306
334639141
2552627160
2530676909
209768060
3848237053
213025699
2833674707
3629250735
914814636
4103520852
2732250886
1325006862
102423457
1243992374
230873883
1951804946
3338999345
2292558542
1951657818
2313917137
163816762
274587064
622257436
4081607897
38972098
802593398
18684279
3899183379
1409879191
3358989221
42199835
19562983
81696320
568918651
3226168269
763892934
1413958105
3253775829
3121036091
3726966796
1318682959
2376459269
237907572
1269488112
2149190419
1074632125
620131552
602190933
3890095461
4144565832
3762015323
129724474
2410767084
3686375116
2292442139
253064216
2387677117
3214456175
2266263445
2857663529
456143754
1576086230
2524039855
747488744
1936815259
4048780767
1864571707
49123935
2765861556
3369637270
484322814
42148623
4140705142
1427798947
3317328646
3738072013
4144188569
470358121
2603169757
2817772152
2491340941
589532852
3399986471
1073470352
4149297314
149551693
3695379256
439269877
4149641500
1484548394
3389312469
267514312
4147003036
1356704839
2484543370
3908181014
4155924868
3350365503
271362356
369002573
75040646
4151504661
2903140171
2792304727
4170388036
1603268612
101237614
2873721069
277468128
35400016
4076658520
434224555
2285195702
388857263
2831448179
23467242
3166105301
4082500707
3303570963
270844273
4156166709
3281394798
4156707063
1099925648
361293133
1204119811
14846312
1499141504
1052597808
754648860
3902137222
4156579415
3644731470
868399039
3293748657
3434380337
2240109984
382162785
3229269078
2641253141
3198984413
29600219
1154616476
3819730631
4152137512
3890907073
168339884
3685735636
3239522641
259973449
35054833
828266714
41802577
4157411176
4191710726
444702538
545693671
1042403077
4157507716
3090826561
3888476392
772995942
952022059
4157593558
4157682135
3077452133
498203255
2792685239
3739408877
3144951206
369735337
421014972
3141452128
3885013452
4186902132
116795084
523395570
265668224
4157864308
324714917
4193295913
249856795
57296442
1150171844
2354990546
2557568738
300647520
937830325
3587328677
4128785428
1061616960
2603786920
282543761
274039927
243936287
4053987616
2162502840
3002062246
4158803985
3190122934
83899077
459277365
2600597756
4119824483
1359843264
217212878
4114958061
4013678591
57340845
2214626611
852996517
4159407088
4048177685
1226199920
1260376172
65523491
451074568
116909087
3362300592
164873809
2875840109
3465778280
87964153
3751996340
186956527
3792306735
2847562572
826470151
70897617
4159145573
4160713036
4161026296
54754114
4157346197
28128441
4161187107
271457122
1714434774
2635505990
533147508
510766784
3861247934
2847971041
524012028
2427041839
39468301
3826994619
4162010417
4114499173
2925390057
3312747607
164044959
4156659627
36795045
133190038
92523370
4162443142
3456314657
1015029619
3735885616
370542975
3854576068
2869503247
3842465232
605657347
4200042613
2782500935
3119888804
1599769358
3599601616
20778098
2746603907
3373552034
26582391
211796560
4157149282
3995163809
2485550138
3111240028
2954824415
1182318883
16474731
4164051629
31107594
4115100195
4068845483
4164145576
4149552617
494142534
2440468938
993940968
4135621513
917368560
41830746
4164336076
3369769955
1886246378
297910871
32825460
4163555159
1385998496
365358737
284243081
4016448381
1668542839
2358385147
3178309748
61502167
47970985
3730538901
31852134
4192753994
4167023368
33341975
4174894287
1873422799
1893601321
3976418837
37352356
4168262607
308153578
834519703
3492425009
3319395956
2266620534
23001532
4022836694
61314110
2528078484
299440346
4219400185
1413348223
1976342761
4013450338
101490787
3909926052
293852842
3179982996
3755957005
3328255059
4197323892
42828091
317668301
762943885
3023374388
770812118
3619695441
3800011272
4031798475
444607796
106061180
2678269710
263193153
330334324
475998203
260200918
1645776332
2871348182
2635478310
2404147927
487041265
582055250
63216631
974534389
26768845
392906757
56088373
563065453
77981804
989070650
320751995
1904761490
2299213855
2938361703
113996419
2571306416
131829575
20999866
1174768225
18750542
712588641
496286576
1893500400
34633935
9251692
36101932
17085087
48804765
44170644
84383738
122803897
275019009
122159113
19078691
177994767
15942087
80194204
188784529
35024132
54589640
83688419
51891204
74237078
3292503235
3298972579
3423598752
3480070937
3961712173
3953163196
3274347350
3383068324
3937702818
3090241929
3953298019
935786774
2297666322
4182558012
3797459354
3438925437
25927032
2573646071
1735176086
278700299
4019265977
2253946662
394104924
3879127527
1548862771
1270067053
2844220686
2658816661
78738261
176266302
4140407723
6893212
4192129094
275824981
2411135395
259205917
4133534115
19504531
1689802122
3638138483
121800340
550015292
4143769407
1876118419
995549340
3139186757
629467543
4165083089
598761747
3031183601
21785269
164476004
2414842088
3417933471
783851761
4189384272
4165871471
4068687014
217483009
2781380227
4204871832
4166074528
58804504
4149086418
25731485
3226222684
3298226257
3852515774
4166294710
4205329934
3422579986
256196385
2975823473
1551669576
3987911548
2545845469
4205583254
98776548
49797191
467959895
17135959
3906812364
4138227552
4056351561
3981559101
4163378427
24908011
47753915
2973570387
3794727202
4206438493
3273988520
4165708288
532710512
37322586
346422932
2494202378
4151700553
3919717212
509624466
152850532
4157050409
1184050735
2646324656
2957967303
2646184520
146482367
865476978
2830550543
2523881635
1041029018
3825604632
41584456
1077157266
3381398668
410359625
41039396
4183567578
63368941
2243428620
4165506808
363372848
298929842
1915703250
32537262
586481273
4146496221
327705547
61348873
61295977
130373274
232120502
3916891992
1893163729
292100071
4197461653
504039466
2493459049
4169617816
177160757
18522651
4210434619
14250999
195856269
2780264382
175173698
2985560698
4038891016
3292944771
22686121
2515356944
365996495
242068985
4211270125
73555086
4167052403
4111193609
4157336415
472082573
204551384
589759504
3996076378
34224088
72653848
300165505
2365994636
4166365763
214889166
1431307970
36905268
2825948330
4211251934
4166555729
47962946
4149575602
569078045
21082391
1978562184
3946631979
2599905272
80871053
82174797
4127539095
3824016796
141316433
4119323487
391335001
4195503672
4171820105
556422395
1628479620
1390858525
4171938820
587919289
76922291
3994175723
55319966
4188282373
391665391
1377524131
751715690
425712081
3927815591
2814841131
4125985660
716931837
58489740
470294663
4056116975
1307554868
3713160256
1229337194
3416085862
372292914
3768884721
2927192854
3959186297
20473868
2333592736
4003047219
4172716073
357070006
4214704694
4070655041
1571525557
615279011
45465132
3531271812
4120246516
3661846093
50201592
4215039614
3024875874
499897290
398106831
2871311525
3197657077
1441120003
2766966727
4173510982
2952385840
17175550
711029556
115723745
3129044755
5175311
3611578647
2914769315
2980945899
4215848772
136518751
3610501043
4205696293
404939913
3302038286
3817079543
20611224
1159415190
752962290
1101656514
634901920
18868708
33403635
3124731345
3353439920
3859635144
414383223
1523397288
152011134
3289555633
3132699055
3315290634
63733526
751953494
3731540055
148050897
2597573972
1408938752
620827158
123571029
116671548
3595851437
3431679137
258754343
2797568641
296910181
3703928239
308694217
883063316
4159361
1393977817
3769566495
576071421
121025773
255947875
2813401778
3230555049
3305445580
209550496
3213128673
837942200
3315051340
3353829087
190375105
3281301192
3483988452
3457551083
896514386
199314224
3430575669
2983122152
3807596718
440186562
3353073533
1963041614
43894306
42062098
3791894113
390134909
589950827
1879555520
3525377178
3423875351
3871064832
2944159997
452810888
807448904
168603944
274713873
3978288532
247238623
2707456145
133271617
299162046
3439626365
4016183596
3332965840
3803356875
1384042866
3970922243
3434121550
4037742281
4024146915
2228636599
2548140674
3315694342
1354930999
3341220982
3336799272
538865023
3892918768
51967094
14661691
2574489120
4096063343
4104436217
282217659
3939173537
14282132
1948358113
4098030569
128179098
3431339177
2414794820
629659777
428590394
20831592
1064400402
196260384
4122038069
322437960
36626725
4164790481
3995215942
388806970
41840240
3171318156
3064629418
2193993896
1946632910
3193041254
547007417
3645493774
3372714688
3822245645
256562862
2748696109
1376573808
3716182699
240175903
2214470329
389337197
2683852301
3049852479
213024678
2797145488
4049011996
122647068
3026236540
3217472320
344200384
4055870937
1464523838
3357799319
283175211
1882805922
3066518719
3042941826
3124379069
1872188826
916841659
3386117464
3869690117
4064337553
2429271330
281496767
2924353184
3322972342
2214053975
58753596
836833945
3256238255
891098762
2535601194
2533190587
3598888335
2813198331
399935661
4104000497
2559775973
605928252
2300405317
4106096181
442047737
106686725
1057466426
4112501253
152568224
399028936
80511054
3980712095
4111581083
93742039
4052099121
250201556
1941527695
3341449330
3027018814
4084739013
4150916907
4125398961
1453234160
3610883595
1093178256
1887146634
25922185
158073381
160943666
23436190
140418661
113381235
97063564
90824997
121239895
20439519
17679069
78714922
36327536
53074437
119521225
82720237
35766159
22751883
164257019
169638135
1024473036
80075642
4114891402
4165480877
4165462510
312872543
4165467921
2908730192
4165237161
4165590387
4165743520
4165628175
4165736380
4165705151
3220816183
3038704558
4165659693
4165684287
4165757661
4202038332
121496777
4165808291
4166007754
4165913001
3742456577
4166071042
4163109682
2610876381
327506939
493422483
85326807
3536515215
4166256514
4155104907
4166198219
4166188943
4166140937
526610986
4166231428
4166310503
4166264537
4166196375
3792475396
4008292401
4166418275
4166470474
4166398895
106233553
154090015
397387570
3824954900
4156457459
4156224855
2610438962
326454297
4157351121
3461423115
3243908847
198490972
1061632202
266810119
2991726580
52282738
3855015736
830895980
1190315402
2177931246
243782524
306105283
2812790977
3097559881
2837007397
4136465195
60390943
384310664
15934926
17133807
943895586
604950190
34243239
1488042271
33655226
23482952
19148708
49920896
22637799
16345202
15632759
20506424
34258758
50627903
24190981
2159154530
18334825
24021788
589133779
27844479
20177423
19784831
21401466
15933910
19923638
15441074
14454605
53925101
18185124
19713521
8820652
5768872
7040932
264153788
11399812
3366021677
5380672
1426227204
19212009
15846407
1014379574
106837463
16492352
16530584
3252462299
11522502
25734246
8683242
2335560870
2770466087
34675715
1485164719
2799630268
2789564954
2819459663
1218254016
84394857
70509424
2810357674
3193446285
2902024321
3137881226
2805225254
359060728
1665917130
862900135
2456247625
2152791056
2729093330
190590109
2319881999
554355677
311373001
428979702
2556736040
2372975677
249135335
2749076677
1119480745
2752029372
2712101670
1978406936
2536760566
2745249211
2316967795
252080791
1679055476
42265858
419690730
310755290
392754398
2213563701
2243827568
614524351
401788605
2617134049
352506435
2478690120
96209725
91361489
2250513721
24362866
2541614298
554490577
1700416106
495359954
2570432336
2746400165
2476470054
2351949193
2599792885
372704884
106677784
1908152149
1336644834
2767795192
2576522749
2570750076
378575202
544229791
1264857188
1516401259
1394105371
2587254210
1548569324
857922235
2672842886
1070242490
1543422756
430153477
320142715
245518368
2706914425
2437016102
2719934813
545415365
2558634049
2650915455
2781057982
197355166
2814334060
432001134
2438321840
20781519
2656625820
2233061269
2819409999
517346119
2606394352
2814883439
462762835
2397832171
2818936401
2827698499
2824968797
2782668035
2753054408
1851216644
348497824
153694088
2499314019
212164149
723871561
59431345
2850756439
861985598
2647893433
2690218028
56459708
2744756298
2615382619
2249500158
2522003213
2871673172
300440798
368964174
2864941260
23585800
819416988
2574619237
2423346738
2338092828
2333369803
2833768941
2359257031
367631196
246455754
1369872151
2266475706
16997702
2847061876
542677975
1402909867
2851127475
515345357
2512990628
2541060096
2221463664
1617256130
1242661266
508672689
1417573014
2216764878
2853913565
920134394
108661324
2708581274
299702817
634563549
301378449
270968375
2857004122
2669185178
277413833
860291821
2863569903
2527896289
2795532239
1933697564
2839489217
473174255
714138180
207697445
2601622459
2864142759
2856935104
2865911494
2307303138
2711760944
134854011
1303479313
102595207
1288738056
718599067
2150759953
2801794608
2802449191
2591880638
346632227
2318991126
2479821090
2841844325
1131538993
312116254
2872583452
2651137237
2849896599
37731619
97922321
2811805082
244203870
134883260
8170492
2459572182
1897022228
37931683
478660625
2741769204
2596384058
919876004
2881616254
2867644786
2875238932
556778009
620953066
618221346
57634029
2874454414
410099095
2384031224
398875088
2885654463
2888170006
2790658910
2887202909
2889179404
419418742
1004059152
1283846894
1930698140
2826105517
1444471609
2885720897
2785132504
1891510405
1008907970
2627778296
2219493482
2199059067
27845072
2853243275
353191972
2898563846
2872295883
2534806488
2841919881
384227364
2796823113
200641449
2822812025
944713627
288290247
2646893577
2770997318
1143532706
607340918
387181175
2827625296
2190840931
2920563916
2922838642
2188098324
2935242748
1010945204
2932213815
46628773
566261878
908389592
423875821
2957040207
465955705
1693853413
1910512561
2960192891
2961949312
2853442234
1945075813
1321503150
172770132
95314363
2161039844
1613435095
126356086
2385915216
2956394457
283951602
2943538396
2775642436
2537517416
390372756
185261295
2945601592
2208002268
369926566
2336429127
2996336615
1506380832
957820940
3001286975
3007946830
1040366401
390664452
3001671057
3013544967
349641544
443750154
769806350
2989963660
2875169189
987542808
385119333
185585775
1381950524
1699758344
2987184658
2845530940
2893353687
3004136944
2492674824
2228508589
2783929146
2236586290
35218078
155917818
2929477151
3044608295
28533147
205194099
2267356268
523625960
397480225
3027150545
2848349878
2958133037
2984546963
3024917381
2883802885
2587244810
3019988301
2843695691
3007528588
334049877
254531483
1098304058
3068216723
1525723974
3053862768
577072652
1106077140
166337173
37787129
2338315868
2913583791
2864909318
1411256822
3023995006
2980974778
149550839
65527726
230780381
2480382282
44094338
281221025
3057892660
279888988
3026466381
3080347050
3044982881
50015401
3078921598
3066098099
3026141659
2714283241
199543081
3068701216
3058174666
3016122241
43224169
42834713
478656769
533170298
3105350437
140472372
3110039368
108270140
2994153989
1017866064
2885715946
271898151
2689942664
2617686560
3061655871
1438200564
317610594
1619746603
2698384010
270232811
3108754424
2597276053
79140015
476999834
2964880289
368308777
3129525357
2787797711
3143494103
2327063612
250045050
3097171301
498898448
1943073163
1640188969
2304734935
1488097212
861182688
2449898280
3153341501
629099081
996086466
276973675
2494241816
3092714451
345881751
3126343937
3077863865
3209280166
3131242336
1548566275
526861535
2766681903
146356438
2862344153
2902059759
2467534297
2371571937
562298617
556155350
2405363900
1688467663
2998589728
3080449635
211103965
2457961176
2764095752
3224577185
256449537
3238734639
819174030
441695847
3227644330
18271981
3034788629
414086949
3198326573
3218631407
3128980126
2982396207
3233524984
256896929
1855733413
2371893534
2746776352
46710219
3253734418
3165361359
3028745331
360102106
431921237
3298491057
57610409
2910982497
3293063620
3114294345
16371266
3299485205
26299315
2445466032
2724299369
3254144104
2737222688
270615273
619566654
1362360066
278532460
1427911212
2212908361
2176211508
150782742
886577070
104129009
2996577221
2893100589
2601473065
3327076701
964211342
3326820286
3195944952
2999649711
3007593724
3292700933
2881552391
250794344
2805227155
2761721202
492526521
3077134485
398988306
145963632
3044932282
1169247049
3360381363
3332633561
201844748
3097380773
342105633
3182195747
2340688357
1228964810
3215809551
3226090047
200460012
450037009
3170261443
1372423628
1012724688
2562188909
2687684923
1342872558
227366734
2763867067
3376349243
248849855
3239071583
1666282182
1030370850
3295765188
3224557829
802063423
2811327720
3390853785
26391721
3399517995
2992977910
20580165
3407137582
1171505910
271078864
2561728285
3131114807
3291341414
2248632086
2756964557
1503064520
547405284
3129355270
2730543176
262617831
2392477710
449032070
1150404229
468295739
2353204586
2187936258
2221391828
1329676633
602052614
1545387990
2566046230
2427072122
1256143021
227816898
220955444
447897534
2403073026
219230222
397883594
38391939
472733061
2480037667
576295998
397190879
1966427010
2297438408
2472283891
356816034
401454526
1577877486
199037811
2601729006
1690461978
1319068610
21199535
2362790384
2370299094
2836856246
28268371
2797737274
536166064
299923581
2866895167
305055675
1660008260
2852697105
2855888657
1645416152
159778588
2149729417
1071008317
1574667254
1577610264
2596366910
589134103
1413586478
2735328404
245399831
2967499133
2969740335
2545422979
2654720652
150662330
309548411
254467218
556803539
3020103263
3018179014
2330385445
2846663782
3012975588
168517967
545458710
370760854
1638951294
523348413
870662916
3036853519
2991532986
429196537
3063926627
612497773
35583569
109357379
1520264784
3067506058
3001487722
75035243
3069542424
440762249
873746731
2231535103
2937172174
229396492
2741954765
1565306137
539893581
3028292259
3130812706
2844316402
31386941
917477360
16581967
296462914
952148677
601175918
2849977437
314597477
2356860770
130454416
1948952744
54010624
3149604317
90211088
2902827592
443844105
117037248
3184534653
2575167906
3061872017
327345157
3012714015
3115029819
371431054
2548698044
2469713144
365897339
1609797218
3246439619
2437432609
420370967
31600869
2895639083
216492512
1685400840
2748482886
738491647
11084462
896581309
2282293034
997428397
1695031832
583232843
2433566082
1070580462
483917079
407123621
201007527
552469145
3235238031
514518839
1076473506
2880937030
621525959
2975112231
358346082
508973027
1115884914
3178218227
1275250118
390864224
1208624426
2364157309
3159883672
3232096902
2306452424
3288315491
2968055926
1607837341
3163333017
174546617
1192899991
2563723579
166170852
1007138047
3156319245
193489766
507263836
2694172214
3335638414
3342465603
1489982863
2791051179
393493897
516773284
39479116
759606438
102093173
1474565154
949797576
2577474685
1693526490
102116164
3083944733
392249642
3198027785
2423525041
512517531
2350589202
3345849274
3351932614
19446747
418016829
3302667897
3367315221
2480022739
532525323
242689466
3280682658
3042600682
936859615
2797756132
3367519858
1585039135
3377746011
2545736802
2784181861
46644449
459177915
3064346482
1322543042
2556557384
2617648800
2190217122
1010733908
57303846
3297908094
2989661405
409080278
3391922529
3395537439
3374442629
1527698995
101796825
3154270388
3363920993
3281356763
2876132607
1842552187
606447810
384071022
101813308
2844856763
3191193543
21745787
1152148076
2890525451
137385181
360170877
3302594513
570011663
2479697366
372791340
3392710235
329555950
3303864506
3289386013
142490215
3244914883
85102904
3303990762
3307839511
21034405
23689478
186439704
26007726
224359740
28165910
12221852
88803528
33645850
43430484
14219877
48497136
15676492
66403013
91195372
16529238
10850192
98955572
75016467
66395780
605511043
18807671
16010685
20452568
66408053
237401623
212332850
45891977
249090055
54502344
87984807
317373303
349714440
102323621
27650674
323319539
82724710
318967677
111280097
57016932
2931871330
17753033
24729747
179414795
122009091
2379366141
21044208
219801560
93926602
42034114
236189011
1143472657
210775513
525208028
249186003
180463340
68674747
78502161
15635604
93819292
17602896
233513801
390877153
7738402
233213435
90320997
91083585
82322622
16143542
633637499
400614544
229454266
90636188
15336202
28297965
226087776
214413743
108247668
24871896
115044590
116757352
26235265
69008563
2752006956
2232989072
213969309
13058232
1416339126
393987775
15515656
61083773
238203511
202886242
2480954209
1112465706
65289126
27489519
2813001906
18173624
701625379
15687962
570218986
393852070
75974281
701615052
104969057
1306674505
80663315
2420513028
391037985
241382835
47285504
2715115656
580097412
3063032281
80740819
47786101
30614676
555448499
1879058796
460693003
130668812
68819587
18741221
48715374
90420314
21069452
15666396
595193665
117341545
30531600
3123450121
19414815
19665893
633901896
8771022
2480222672
22652957
28611240
28134825
104886426
2429430192
16697350
69693290
15613133
26035198
105340932
180418331
18220767
130522705
143552619
87222643
19933480
64574086
18912121
25140894
41707730
43121121
46186400
44642115
15225275
71359840
2370539040
290081566
242663465
242657481
407702800
2601583069
404039438
241213066
83863263
2826441116
3306559666
106364715
3224932274
166927079
3075568809
129587268
63679163
53147055
2866854441
270533441
205339205
270535212
19039286
346742249
18462653
55592183
20908109
30973
18462157
257060045
28384755
179968269
89086285
108910698
122032568
344114452
2286905538
118046102
740589414
288394575
329888323
121406363
314649566
1682981294
2512958136
441950259
2787276778
2799627430
59675631
29592491
30406287
33104973
24977474
262949443
28617068
1264829810
44474671
106274902
106379552
29467698
57460428
141107391
57747123
78414571
157794390
349215151
49520939
407904917
349205342
106637102
44451746
35423466
24887437
45040038
184238417
29307690
22813058
2674914896
52128563
125752523
17984557
25155195
50883209
27038653
21942365
15838969
63253045
17540485
124242102
20348431
300114634
15383636
183398746
415859364
491247439
203144854
30180137
18481641
32469566
155949831
40080940
47414242
80371182
130488161
1985381
183734502
145582395
1451811
26494583
369514419
334124913
14655879
51140674
1922861
40851965
63737212
20291907
25326324
549470860
272587969
2923501329
2765617167
1458151730
17475575
250911289
240606817
465723566
109702885
2671903030
17137891
24047612
180124279
251113918
11859822
3025498906
274040176
221392767
49239873
74701069
333601576
221382131
73359920
60054156
90774609
114796408
18647765
1156866230
60659498
60649803
72568426
78021221
85772748
44084633
68399194
16913418
34395888
69615397
47459700
19390810
153474021
372365955
2682105606
364488011
98942778
21208444
204491797
65104337
41338503
187222406
15162193
50687788
126326540
51686380
35880417
79397304
25084073
17448575
2470550720
2191771632
226894721
154584937
113148404
155773828
14921141
87016821
29479564
113369676
18926223
101575602
133776198
14789144
2676190117
128178316
23450502
15317044
17959077
480502380
15317362
132466949
15353894
2752244294
413240343
282012623
15110357
22127667
361830235
14785784
15838648
54232322
14650248
34713362
27460003
4898091
14289603
812721949
24706309
26012202
21055792
19639085
51040617
14362241
2782022756
351574591
24994219
240299171
62816265
26576457
522701657
19247966
17490571
31779300
27213584
18517404
140193017
17023762
1103159180
36458541
187479899
384485180
266207459
19752773
27631636
377362946
2899161
14357895
70292831
19770241
59732000
2368423134
17020962
111291091
19186720
156352329
14954548
24910049
54319874
119173790
26258900
376762488
9210592
17628900
1046791
16644451
27154035
36080231
114721074
2178937646
14896557
5894902
20632700
19818494
17386885
20585993
20139902
29186233
8653412
20185958
334565594
1319643091
2840354801
14124083
213611574
14692117
20758087
16468227
12480582
2864460351
25485248
18265846
112683666
3194527022
30205586
20094535
21298320
17896874
26727655
91086769
377249175
7087112
36320989
2203709198
8223872
16631172
3243492707
41337901
2281284691
1538322606
21661279
1119576175
298879910
304280349
292202824
101682265
440651421
271807760
374866567
414053852
604340607
468401959
285033326
235781438
582618648
953285652
405297056
327762937
233892659
1904047358
323956365
435557812
602886666
3375727941
375405483
3021261154
232124092
3110050180
1001327982
360975456
2156709799
3019635132
3014248012
124860101
240726990
3158580584
1719292962
135931596
273451273
185642768
949714273
601980172
273564805
43665545
2994482686
125779726
2785757906
2335279855
412198980
451199434
123041515
2228326867
149635582
25088629
11190412
36795587
2424297253
29306160
163436352
295282024
2160069253
37897939
166310607
2202489001
1426433202
39014384
2578720290
223709253
355539084
370054893
78897375
21691880
193956480
1664969167
137944740
359987767
87438229
59144924
851061578
94583391
755936557
48651883
420641344
1381511203
303807113
260351439
243202404
2259271658
1134092310
64756567
1218562938
177740580
575800010
129896996
109335353
84568042
400640939
151610720
364861383
2575600015
242377356
44285283
50297777
2177710981
67564747
82588166
562369220
162945441
15262595
22159122
121047042
96741796
110732734
94658410
47423832
276909657
35828499
33531393
126546011
291361629
124526310
45385914
1650675667
15818391
972651
18887526
378197959
96501375
207773069
14458280
32077312
20292942
382267114
858051
15895661
33838201
3080761
14749606
487118986
93711247
50090898
180153573
22046611
25412522
91220126
6527972
15651700
1059801
14113411
16419153
17850785
109005267
1861284590
3222838128
20793816
432599292
89084561
1336379130
31918738
303827856
1545994664
606342802
135183743
2391441218
2180094738
16718711
15410153
289333840
101829799
509459216
43511958
297899684
451599335
2461293601
489451585
2698556100
3222467240
134006958
785503820
1538903282
3219109981
132511973
718152469
592068495
838120008
3115369718
3223212007
405622484
1730229254
2581672195
2822002240
514017276
2477798598
2783973430
402029705
3196109490
1035646579
2817684143
2793223970
447404150
384253603
2618431870
1227525919
3247964843
3223236061
2894503886
3186471144
3144492797
481673124
2269331968
322403404
446734104
108537532
1256733932
1904898020
2625993332
3293877579
1287392977
578662951
518063041
2837317771
848814043
2258548038
3222918684
3191066989
2846571065
3223213664
3223262432
2150678689
2895369128
2915774365
2405103832
2756193857
2984042612
456179068
1227480517
923433960
1024897051
3156207512
779931643
3174105996
35166464
346656019
3183369478
37474978
915741259
2175161378
3164565552
3291534963
2839906219
3223322348
2919522840
3131102986
2244649383
364755195
625946791
2884192738
2795659597
3151102398
3223379695
2915660323
395030304
2883576384
3064476885
30426105
3169124520
3223312632
3223317732
332698367
271717252
379771650
347793580
635053388
15136505
2330157884
100361060
17093617
376740527
1434978012
74979621
297856522
1635163496
73443014
17389400
267757375
18948706
18127124
367983975
22369602
1643592834
76488342
35338252
864847250
29055019
767344020
354274261
12243452
2386951014
24857846
173501558
30702783
460284263
412354055
20152806
2300380264
3120967188
460291747
706294988
939747560
213396460
21808527
231939704
607571311
1390432232
294247815
20176530
101750562
2343609708
19527864
20609518
1200283176
198089547
916983512
561257503
8161232
78657909
1327938469
3115274661
3201102688
512543710
199606998
620333899
85626267
458506939
20762650
13496142
372304837
329594241
937398590
213046368
465565322
1857443774
94333619
65716637
601463751
21884034
72284826
2524206698
3188341672
3180020456
1125400080
3087508973
3290368131
2956820925
3188743312
3224613359
228669385
3255668495
2385111018
3251820538
452955080
3291565131
3035568129
53603254
2318083470
3163392895
900910987
3018188087
3246367875
17794985
3292573817
3290512173
3247393085
115149685
3292635953
2362193994
229935873
3212696303
3291455733
3292561719
2960233017
470550015
2982477453
3252759965
2644236490
238074119
3082475516
63236502
957279336
27955204
52902589
3220942362
1585711650
117503511
395199564
3251141699
2958376462
1515937428
2993929505
3293162170
2357935406
3293123205
3149775780
128660865
2565052375
3291883450
3293268796
80366833
262571141
1539058177
3194881443
3293236443
3196861364
1514571091
3293351638
3232028945
16684918
112324726
1692178471
459321099
3196120712
84986012
21762670
277024677
477015155
584774844
3189015306
3177829852
544626282
475374724
3289732198
2611440156
482319341
21144211
2785782495
1313228508
2892691343
3240226924
532480360
389743290
2437370090
3293872169
3293730105
2736536310
1560216974
3135285167
3292995209
20086341
3052373344
309931505
38862344
2790458474
3293981794
63176311
270561666
90962535
16548023
35982046
2789475611
875670486
3017476474
400421670
191792514
17461978
376705184
261813811
1048960958
171216380
525278064
59490500
15439395
226541132
168657412
231335961
54582070
311427587
94810286
20998847
2227318080
216093651
28090593
24192863
19183270
66088691
10228272
37303896
954427716
394282082
13437312
39538010
19558322
5402612
180096071
46222735
2589569990
240130937
15723859
151187390
2290670683
19652990
807095
173057499
738852740
19547351
5988062
49975586
22006435
51419992
19546286
20688091
2149774356
17839417
70122045
49924054
346473355
516429788
1365622874
106211584
1107554682
88657657
197448979
947458320
67568298
19899225
3092760694
1042307696
1128625632
285083026
27132360
2903794833
296191764
2182505630
961974776
2740550288
94355727
1653836828
361927062
3151495407
936497220
2353231299
3079314191
835020457
1464925543
246701797
18133368
888368064
3289970369
3288325540
2440625292
189135579
2637278422
2679940816
2842868504
484995310
234337673
2495093290
323781513
2596439462
3003200985
709179564
185142473
1018609512
3118524615
1101042745
340241958
339891927
2545596066
107532533
480426014
3220718983
1351699255
480744813
300769371
511650267
493191321
285634943
1899690540
3261986387
2714626864
209194994
16730401
2239200049
3195022091
1324551781
370043239
3128831770
2913821614
49640801
33626959
2182438965
3004254103
3191471948
3221462862
3292593945
20597330
1315241304
625046823
1568963935
491270818
459427281
258737932
1547963436
974915846
2840301081
3164563935
80049283
601115938
2990106568
312627120
2533360742
239199416
3292792516
3088910265
3291465225
18760955
3206828578
2827501323
1239915066
3291963459
3292080419
2802318309
3293291243
3235672511
2426158000
2214016615
3014516069
3020697130
1527306192
838105939
2175845184
18237388
703704745
632829042
149998801
240512897
239996540
1476153198
32359921
497342671
451796053
438722139
352701848
3108351
604264924
1225776727
105656870
1630761378
222932985
1523795880
372575989
1033435339
1146866168
801185059
1738528549
395101764
422940853
405669054
354873777
51138776
468478497
1382951178
2414225526
199449501
407120493
978858343
390473266
571314150
341980029
130649891
1344951
7144422
14199378
15485441
136361303
1449223112
6480682
783214
624413
14399483
16193578
562784756
15492359
621523
391678032
20622594
79293791
17471979
50393960
29730065
79210652
26565946
20955168
15693493
49061402
18420140
18784113
5225991
816653
34197952
35749264
324092533
11348282
18806753
2599674979
265647827
