14677919
373416209
24155039
14915189
14967302
453100941
34026528
611076925
546254893
1272628134
544406138
2916305152
79255216
2168010793
504370522
173794868
180505807
233522991
3357157486
121368006
26069904
29810198
3302563433
78163204
20123279
38140807
15105128
2967678731
16858045
18372733
311397505
2325563811
342100885
260204240
32529204
17926066
110205768
374446295
993466760
398016129
259574354
398276172
320972436
381431945
346672826
288318192
476770786
1515767846
38980965
23114836
162622769
440352312
409500988
256478613
1542533869
1277264190
625748268
607149856
35112164
74742835
518623648
494344145
246532728
65416867
528564799
337583394
19348412
53951960
728710808
151982599
140765770
56349324
17128416
119728086
2390900551
1527846374
2754372081
435225922
1619924167
19336007
20369107
20795411
97476564
2168253078
145693277
375245154
1157134340
233489955
13864952
2791627305
351113756
394589086
1475209308
103550271
1209860143
366537728
2757045741
1197064838
261410893
334783057
2513223269
414320513
2548119608
2700782630
18147541
131102467
438616656
2167891
2509568820
105979517
2566025080
35749236
2396650999
89937715
53031713
1519178905
2292430715
155659213
158487331
397973051
467594806
24395545
37188908
72902541
92245322
2472514963
20595021
85687848
91462518
191112131
103611986
19883422
316673318
1453491475
326631274
1243272524
15818391
103879751
2222976084
108441763
47919006
45065835
52344859
17811542
118685634
46467162
155320577
243662948
92727851
232055235
460541045
1677767653
527526077
751904156
1561086218
20609518
500704345
1533784933
35189604
26455051
504522221
52155501
1595299094
31378170
21093220
89666251
903913819
1569020180
279473624
68395833
1444352304
1096249933
730843963
394932432
353772196
58845538
18117460
709495040
366836810
48744833
86799733
110056427
330886345
1404330242
311028398
114422199
151811106
522027325
457414287
96195704
17792132
992789466
227722879
620160167
1208314404
515980805
1088613134
19760439
28333098
22989255
26033281
174964320
153403071
342306344
349080851
275580390
516585792
458381027
981262830
159915141
903714534
581483024
202327758
89483276
148100837
101269077
40642369
15962096
471287735
75974281
166964757
35193533
430197021
22127864
137425582
461796015
248879448
24790290
515379187
24251248
19762524
19485464
251303126
620221175
25567231
63525135
258299803
47600106
76440402
81124927
144884794
471861846
441701613
481142672
590707856
279016199
174167958
16971072
49087983
27198283
299686136
568171398
141808419
17132852
309232229
463781290
103342361
380889980
271398203
23989327
421790346
336082762
309213598
94166168
161762873
18944209
227040012
25485897
325484318
17449749
18116794
18077270
23746926
52332549
142295004
325461522
273275593
97409437
21857603
71488698
29440305
52180583
333568300
52409745
83839234
115133670
275575393
170591249
69325456
16727535
