1402988305
26280712
1878450026
1513854438
212252495
168683422
1173787748
1409798257
335141638
128967705
544056568
592051170
348625675
361492267
47336979
3882490275
30921132
2379366141
2291852702
2614663087
4239149840
3233545906
380109168
435166541
1398877140
3987493168
4109472320
2797735346
122586136
270435439
3610797912
36466855
582748413
582667556
4166466019
200176016
1284143167
246360912
1859782364
2495700853
298670693
4188754907
2448359949
2466447313
2899109548
581313021
447993823
258982923
3133732777
3805982895
3314169023
1894744428
15859268
104299103
23019705
37457377
48177728
209994211
248666147
1392236496
85452649
3886750582
988982976
487107103
252709160
16807528
35762475
243381107
15293352
14173315
84109416
275686586
63822383
16714443
196168350
23563916
180733809
39565480
88563510
426602688
954475106
907268742
86252928
1459630634
883314631
2239769053
1024806054
16688718
348356452
30451922
72555770
37181562
247065226
104268014
478044159
759215754
55227248
1667600977
23482357
15976697
409486555
19674128
32453930
20271494
19571299
35787166
56783491
19333967
851042137
14713787
35147909
84685733
19054622
105212657
18730634
41142102
272604633
27768807
299431654
318424111
36117822
296971297
15809249
292071258
346257165
20545055
268439864
41259253
74580436
29675916
155620461
15912890
234176171
121341102
37759047
322803070
93219986
1976841
33419636
239313282
3996921929
4134392958
3071806064
414558789
60582277
860552796
1242968540
218555848
3448008448
496208360
490311539
70691312
3140017167
189050255
194673475
2580122498
581301629
19882775
232376381
589672047
2336737754
58528137
46576295
22127149
2813202073
3587374754
1227920058
103550181
30974408
493249666
495074577
88883604
317919825
596698687
344384150
41963023
41109736
126370504
20748745
21318061
381919062
81132251
80058925
1416443976
181150439
145592277
1652516689
427258135
791517902
18238260
78714922
127818799
350728896
93825359
123774113
57998991
108936259
107318424
94163409
101695592
14361155
14055301
27830610
24291858
114634984
94039455
69373980
36683668
33933259
14086764
3378360017
11859822
51261065
2533977168
2866567639
1355342822
1358750551
297599184
3718840577
3305368513
3122313864
4128409527
321777767
376211514
16348549
209708391
392435792
275995399
248193451
71309250
98572780
399428964
1712360569
283661301
878636100
312895511
34326520
67197351
125400908
203846782
190426393
21278412
101928415
16812787
34430522
50811932
35982046
19362299
44409004
17915334
24966423
117778179
23617610
19923144
35936474
16303106
116362700
95023423
79293791
19426551
2557521
27195114
26257166
508653668
20565876
18185862
53059376
275558381
311949033
243711009
78010944
311943740
251178046
311938177
332164742
122969292
311947216
37838551
153436029
788450244
36104324
311940255
175883705
62491775
219255067
136002930
242245578
5536782
143531181
25049177
311932430
52032722
148711787
64643056
245956466
470307418
278235826
462004145
169108336
71516564
99856628
269940376
458301345
55043362
263096349
216289357
20837438
66591836
23573083
19397785
247963674
587257369
813286
87915661
1562759204
17471979
957320341
10228272
269501352
16409683
368157378
133905861
5402612
58309829
208235152
79320096
14425825
154280902
22592948
15460081
50037051
37008705
25970331
88555355
23511303
81216996
79340093
24529179
109660695
125925597
82726142
48399528
79853601
24580902
43018238
67718058
23156823
24263801
125017845
36704352
34097876
221490219
34507480
26892157
138503785
236699098
27989078
274002139
157140968
23613479
4176511214
138645123
32959253
274040176
221392767
180124279
17243913
3273539713
37046756
250911289
19923638
144130505
336116660
30364057
115485051
15693493
15485441
21506437
25521487
44039298
18948541
14075928
19562228
19407053
21323268
16581604
20402945
621523
25073877
624413
8161232
16228398
91478624
113047940
1536791610
1339835893
7713202
1330457336
73181712
36042554
15764644
9624742
14159148
17629860
939091
30313925
20182089
33514869
22685200
18812301
69181624
21982720
34713362
372575989
2467791
14293310
16129920
51241574
15224867
7744592
1367531
807095
759251
50620668
73206956
26527812
148496087
14353392
25170188
27091468
21324258
27083523
293850289
28164096
30278532
15131310
20710809
30973
15220473
16730355
17088779
86330674
17308994
36782022
49061402
29730065
43192807
7861312
3359851
21378183
8369072
48485771
56768257
19738805
175624200
64488804
24585498
117652722
63485337
5162861
10671602
24742040
59157393
86613184
83876527
24886025
17790667
62513246
17544803
54730258
19927627
1434251
14677919
427475002
17602896
1198406491
20108560
16312576
25589776
20196258
27457788
71876190
48410093
25365536
23151437
436266454
15846407
90420314
183734502
19546942
72598780
59624844
76256268
15279429
141052723
178111058
262359713
53153263
47459700
109702885
136361303
16193578
326359913
17074714
176566242
14920785
169686021
379408088
17019152
20322929
2246341620
14230524
25460615
46296304
55117855
197598287
3303293865
3353566654
205302299
26585095
31080039
28785486
23544596
6480682
586198217
131948686
484815388
783763632
2181233851
130997057
98809456
145107843
1059194370
107146095
265483421
1337785291
26589987
21254264
23083404
300392950
16994529
55130619
18454999
33130960
872374136
19741660
184910040
599065130
115085879
487118986
100220864
21622407
259435698
17087270
27776098
26565946
19679461
87781747
209003577
21447363
19679611
363972381
17919972
16679529
739784130
268414482
19743731
27260086
233183631
393488321
18872613
483476929
1936252364
1242670789
412681993
98199951
23375688
21111883
222953824
277761722
20536157
97379585
373471064
627673190
428333
9695312
24886570
2244994945
33990291
85603854
45175547
31927467
425114052
783214
