14677919
247884504
2555417671
213796133
74265849
21479907
335455570
110525152
227761688
485954672
621533
157971267
95165465
18481050
125346858
1415355984
2545337862
3302209070
3330440247
3587422161
300756878
16745147
2274502176
23482357
1060687285
2884771
2420020489
3724423578
3518032520
1073676020
355989081
2304711416
245687754
18071358
39240673
38206225
217110732
121407739
15954704
45168208
22205952
415639377
3380604680
314479335
39743812
36327407
37034483
19897138
38647512
20751449
134758540
29958928
27867231
11265832
2600254770
2597599040
19665244
28137012
43717672
29081165
123690515
101485624
204995324
34908698
17469289
362051343
133441775
292777349
66830686
361501426
23484039
3557153071
2738771979
3325857860
1026704774
3265854180
210792232
210325892
66085760
126254277
2656086456
131964380
1598687718
422656375
2394448422
3293100465
366022185
36560936
467431599
799835088
436512126
38028138
744951793
98127712
886876585
261291738
2561792592
234081025
442829677
479495301
76885107
147256850
3223707313
2776721606
372905574
292214235
1712322918
1658049672
456322243
3425921625
452312018
800999720
245513323
69356087
453507741
549630210
2358945534
104562459
25920031
11856892
1176643950
1947301
1305432883
153791639
590909848
2308760719
1588272085
2321255316
2173457878
497658491
458162096
3088725320
2848024679
42203056
3225373835
164471866
2428104877
2997424476
240649814
20998647
55507370
372575989
586198217
18140095
87792614
13289662
19921353
555971158
25979455
16803602
17895820
79817098
132645903
2191703749
34893273
955872259
953461375
3317916064
373877736
845474641
1569051025
268971125
905863980
1159145023
2789110914
2855305130
2827042006
294155637
59330093
191024403
52717064
134913193
32849980
380648579
2570701735
474711740
555435228
147878650
378126181
126521662
1017158666
24902941
19929890
456640876
1567942050
173886154
4970411
552688661
441951158
1704399853
865005462
14458280
2517138274
1445792396
2169733797
2365050630
1080220128
16887175
20543416
148354080
148714212
14569869
1917933660
255117773
102707504
20554154
6107422
87818409
272019676
16343974
14138785
424381791
16973333
19706851
2731833078
15462819
165633441
26688378
1877831
21114659
80473367
17469492
39922594
318306599
135494243
26792275
19002210
148756375
352201562
87728073
145215708
18650093
17808151
274585937
217707664
48388823
283838694
1217736182
391437534
17000489
17233335
85874033
2795660312
115343506
635005605
2814446156
146902414
284446017
2418765150
1032365862
321397843
601315482
233557996
411357403
240685990
2540362369
22387681
419905674
220723107
735380826
267302488
379018868
1842161312
45931483
20424666
628332333
1328497686
2459530700
1642809697
150710429
335137719
1042110744
556668347
61183558
66159588
60914687
15218298
247302478
221349660
43729253
333870342
80929353
1047738846
22208731
549400013
489216349
28846976
145652654
296811443
966055926
240169742
202529389
2883710505
546880038
473672864
362035832
2545609446
147438555
92503159
426865913
35459949
806867364
37641696
2416454695
147153181
21734241
440662588
260688830
16334724
9959702
1377002137
3330135988
113286385
481156800
20076659
2200992012
914123821
45190383
34927577
116425054
487118986
2300948138
427449949
745446805
2492682566
135820654
918400152
500125914
602085107
118372494
553767994
217497634
399433780
523144954
2557521
26257166
298959564
137954574
467222390
152797988
824753486
248893370
287589453
158330679
405600606
49792706
60280313
60077976
80185804
2439990679
131882980
438896484
2592855884
3943871
2297764452
151919817
40775844
132278906
131250678
615188460
16563139
1175191411
356431518
126218409
1483047091
188135895
761997024
1306677403
155488875
1032022998
94758424
145956152
1588252988
95151614
68777054
86683904
50589600
255067966
361951532
197053251
135427697
217209008
303354864
139337534
308102174
2178673742
281861987
550061748
185218878
64744912
14773089
43579706
20771519
228713457
2791908932
233973970
1130636035
470394677
18868883
567226650
57261575
22518134
577459091
230360544
295650204
102296197
98342860
277382418
703585334
618069510
127844103
347925809
146484125
234092394
479309002
125944392
185159449
133648844
1229514799
1019455962
362330967
152017384
492154297
249022032
22127823
62710586
434071161
1083251874
442641158
213539531
36967334
615983648
1159827127
2333188957
405667557
1320350810
131091394
39927901
304596131
291960419
2785905421
268420958
338906109
256556724
325062672
16273831
28985686
137289189
223080656
104141949
300162606
2943951949
127059347
19441756
903495284
505196587
54610518
1070726666
434674744
102355805
1124867118
238207394
2432070745
446172529
605306321
1014410539
522083802
61155779
1430793200
99458922
1228093296
840086576
149495617
81048495
634594307
149516743
132493630
164245338
488372392
165796189
839443340
1616776484
2335220329
1318439960
328755692
220774764
755503914
2371674594
1369702212
2739223158
1931792268
985186057
239331658
2735267052
1658679697
291772211
2502351818
1206121105
2847821133
85587994
1678379766
139105769
346485914
1130341698
2791268980
1048639999
501903328
428091115
483740657
1168384111
2210913788
1303774428
1427958050
719812632
606571707
556829956
436894043
1412229427
1196446512
390128765
268733372
1864221661
2802355237
2343719884
2518463551
1485359077
990371959
292584579
830694948
525455195
589921934
2184261774
236071150
598183776
1271537358
1625042455
1085852726
416369137
1187270604
143556287
1470261889
238909003
2896817874
2841786575
342573211
2234065254
2353251511
313324772
1694729924
1731425072
410280862
1367940876
127246225
1596461718
2412608952
215431851
1280093017
1403175726
45738965
472968026
1313075888
345438643
148445791
2817421844
2783678454
452830010
323257462
2182891036
728411048
2097571
166116598
444560199
286042531
42582125
2848515225
964082340
136932734
357303393
96384410
2888733104
15754281
783214
1344951
585430675
14075928
28785486
428333
816653
972651
2467791
3108351
3017209686
742143
87416722
437489726
122453931
807095
15012486
788524
51241574
1667680178
5402612
493227614
18424289
5392522
759251
1652541
6433472
5988062
6017542
18405630
454025411
2809620677
612473
14511951
14293310
14437914
145028775
14885549
7309052
14173315
3192445580
1367531
7587032
