18733603
2290284822
899091318
188793260
568675145
4151876555
2783537071
4970411
16955991
2176832317
500704345
16935292
1947301
14677919
35773039
15164565
2467791
87818409
141656384
1225915808
212292139
2517988075
94741751
23187207
110396781
2916305152
23995748
65698096
3010705976
2555544679
1387970809
234141596
140519774
278124059
150078976
618687368
2891604496
18400972
293086672
1450176846
191571537
127605667
455460754
18510860
36743910
117777690
1011441397
246088673
14135426
28602948
357606935
970207298
3057617662
82689705
1471542956
327337127
33805522
1563690685
4169882413
14857525
596864988
53144377
3253125358
66533920
1536791610
813286
9300262
14377605
51241574
759251
807095
34956062
50183754
1178700896
47799973
3889906414
840528662
3224682310
3301050255
3245305528
39114551
371419323
170254080
1137957344
3233697508
959019001
3011333765
5695032
3254536331
3258467698
3292306583
3246501189
3242841195
3219778417
3297813501
3195763956
3295453066
3227730607
3229805928
3141672447
3220609116
3218766786
3188866794
3193944696
216776631
29442313
