141598384
71256932
15164565
35773039
14677919
19826509
2566535282
139909832
4519121
460163041
2797986836
3030170788
3035213678
17137628
40078375
14412844
20596281
17463923
27830610
38146999
1200209226
14120215
788982234
2186036255
546796310
278296250
402646176
22861619
115223378
1336103401
194265424
354847710
240254617
39262778
227991613
40079154
123273422
148111855
258732752
87704434
16186995
1615463502
19725644
2916305152
17810254
287672727
33912522
237548529
1261885741
1504473049
51405063
85289376
1425101887
500704345
1093090866
138086891
2896379715
1918107024
1536791610
1896542600
757123094
14361155
60783724
166739404
108382988
1557315432
818591413
73484903
21208832
21502768
3302766833
47646874
47624589
1877831
17672825
6754922
18634532
783214
20015311
1172795293
107238136
14100619
16805017
32327154
22783783
15194013
240731136
556021457
50493210
175015560
15898172
19919458
2510041903
842330894
389652649
1948946276
1636590253
418347726
14353392
65647594
23798922
222210727
400053935
168374159
1023096199
130894721
487718304
11348282
189962450
19540483
567360618
352053266
69231187
14159148
14700316
22053725
101798589
52488565
178346346
2446252159
15492359
259403751
19396116
365652188
200163448
20421485
10228272
16945578
524396430
140011683
62513246
23818581
2347049341
1343714233
28412286
193613051
546175525
930374778
158414847
973677218
2192780461
1023072078
3237595434
371321769
19081001
154221292
3154252605
22036901
942476346
236849376
204832963
57579992
190122684
1693945033
89503894
178812809
180463340
161801527
50393960
813286
16548023
26053643
15485441
17045039
15846407
17111442
9207632
491539548
34196922
370552451
66699013
2603131591
104086983
21442110
22560533
235758051
123965422
36184220
87818409
14293310
742143
15066760
807095
444097675
5402612
