2502703724
2817430482
497365020
270412323
2574229304
27368199
430727193
21522338
21135496
15224867
18170896
15588657
41866944
38531995
3257501778
104271823
1857606169
14511951
2836421
45564482
2097571
15754281
6017542
1652541
742143
428333
759251
807095
14677919
5392522
5402612
3108351
14293310
2467791
16664681
1020058453
16129920
17074440
357837002
1455034015
232901331
431071870
39640327
30673492
218770932
19364382
1426253114
299364430
1099962955
1655392543
64021942
378735981
47853987
862048345
21681809
16312576
22650211
20012204
22179997
2883841
25589776
28785486
99402071
16714182
1633987406
409055353
799243476
49110693
254632706
447239248
51599026
361226047
2463499796
2717254872
50769180
14669951
15521264
53269717
16031927
38495835
196168350
202952121
266300702
84424885
351181415
63804886
831536071
539282807
15947602
104406880
26984109
1141455271
18493809
41634520
1367531
56561449
16331010
19777398
23970102
14802704
36098990
25073877
528262870
28221296
3195591187
28628850
600730462
260009555
210684204
16008484
168374159
21570761
110445334
148097402
166827413
314792669
116559622
20998647
2547615637
15485441
66019768
14806590
