216299334
4129984216
46706105
501299029
178177564
290736635
545926541
69367470
21404171
23027648
224223493
107483148
262794965
585783352
2951158674
242995207
966536274
27457788
2302482954
133880286
62513246
132472181
22548403
166739404
44039298
115485051
144204444
246011096
243140945
60145605
21349639
2983295300
828303890
85641790
38492756
73800720
115489598
1400868584
205232255
3170879257
5943942
28785486
1942738621
2795058654
1020058453
55478793
55237566
3714892886
14677919
5695632
23818581
91478624
136361303
15492359
47786101
241382835
19879313
22412376
169686021
43024351
65804700
21241276
20281602
17161990
62786088
551971949
567325499
2448336854
3256079100
132774626
3411711183
3137120593
38613372
297577313
2663838102
75915941
384256419
2980705737
308455117
3372323679
3054900223
429804064
19312265
1508538325
2962608480
562384472
252361606
331416468
250954907
3075524486
3066981756
3410568815
2511539438
3741433095
3581461816
467850523
40148780
3327534915
186382490
16664681
5392522
2296633843
578665317
1681975279
3937521863
1715051
67278590
2370909344
2925807244
132007181
142157505
2430883724
2557828758
95070740
338200850
2294753317
187654899
282749926
293847863
112593762
1855658750
122209230
1176472274
2825365470
90350532
348272273
42294952
180099106
2655459625
388118627
1220804838
2149892125
1467818281
1607064660
28642380
934149470
1536844544
36746176
2156685976
45709328
2989310910
63056402
434423224
627142259
352100624
140173760
2906391769
1578810218
72877467
141305078
16171898
366369505
17630221
422820289
436292177
45788610
443215941
24807616
3321743748
759251
55117855
27749259
34418979
45777849
272486819
19685870
214100377
2738560374
229707559
30072193
39802849
270774320
127384639
31052558
117677570
523892532
21086501
20789370
111142275
1152748446
1535930370
473659801
2650039634
593071809
1345989560
235542752
198644497
2870207910
35787550
462167329
614823835
738250458
268613555
26443701
297882651
326889905
7989792
22729397
18625669
26307096
842905494
239585441
2350642080
2429591048
18470118
536399402
1041346340
25238527
271282514
18914814
17174309
92633603
21588002
426420897
793142988
31074043
2372191388
2375728488
167577184
2845492309
1286705988
758159179
26313017
218421374
2180758806
19348042
67060504
472397937
20825047
256542586
3015765663
18825961
3322823215
14293310
742143
428333
235754131
23032965
83407812
28987332
109973880
25447808
21787625
155705264
159708091
76791634
69964783
57108399
204962218
108908299
294636267
86527966
22147137
136674424
37093178
86131902
39597481
31093615
23499568
821119939
1201710146
18988304
701607056
178307089
277318110
175932631
14098533
66995579
18439972
25521487
6480682
66870702
552308742
573143323
929757013
100199653
991902854
54142029
351062478
289748784
505292627
2876888830
535553407
3056083115
23544596
3304370494
336116660
19637934
18948541
31065168
30364057
16825289
26053643
16303106
19562228
355741893
16651784
43833516
251304535
137573705
31080039
19520983
17632756
567497229
78961363
789600499
37710752
15485441
33730536
316389142
3172358100
158414847
105408585
119122244
1536791610
59949396
17471979
1429207770
44196397
23827692
3111422692
271578685
1236010602
2361661903
2399025763
974835278
56465508
5988062
15693493
90420314
90559056
11348282
30313925
26565946
28375365
14075928
17919972
15898172
14230524
3026921042
807095
14399483
21447363
1652541
2598359101
167294617
109702885
18055737
20015311
1174518738
130649891
1337785291
253635681
19725644
52551600
939091
18713254
498059479
18665800
