115485051
759251
14800270
26257166
813286
32959253
25365536
34507480
240649814
78941611
17899109
3108351
23375688
28076276
14117843
90420314
50393960
178218286
145125358
20120877
783214
169686021
14293310
51241574
23617610
16303106
25521487
56304605
14230524
35936474
2686834802
185314895
21447363
23083404
14920785
26565946
30313925
15846407
428333
27195114
56783491
79293791
24929621
133880286
116362700
2735591
2557521
23151437
19929890
20322929
2884771
19923144
87818409
49573859
205437050
85603854
14677919
157140968
236699098
268414482
19426551
155659213
30973
807095
15492359
95023423
1652541
15485441
250391704
2785480981
10228272
