365558123
2587570910
373683618
260795359
102448827
2153005170
786937495
121514648
1488570528
23301990
1488557346
32480499
242697427
164592973
1542862735
38676903
2566535282
425197969
191495762
153715665
16652737
54021953
17579092
108866675
7782962
81181724
295254019
28213724
423716822
416190030
284578352
285154948
199288865
233474825
226560913
1205217956
105507765
47597716
99763451
19455611
65486194
45805162
250051748
397361111
21649774
221397547
300897631
82844010
93444938
208611189
292409371
634130355
300928232
55562363
2823609414
199812085
2448779142
98955572
1282810310
56997986
365204252
108613975
19977449
107122128
26235265
38170974
87984807
54502344
1545994664
3353129206
14677919
16688718
2884771
491299026
398082307
344878713
74151802
358036163
24890551
36490075
2256962322
2300208468
1647489524
2482914061
2502511935
210864161
2826092839
2201259822
1563280682
266322605
282814928
789248995
962249316
1071096919
73406718
41468683
588486669
28206390
43885373
27487343
17093604
15361389
55594930
50004938
202277204
52551600
22042407
14924114
26820715
21108073
26528121
2557392890
18000252
84359742
26020465
132240374
15473958
1435461
15110431
621573
17842366
16506355
23096286
16434613
260433967
55570714
74244916
108140192
92776305
25536299
23077758
33285177
409573061
31497170
20677866
22785299
158396623
98963477
20264228
1693928234
1467362618
16909620
28179079
90415483
308194956
434970662
454105227
1131990072
2152953810
18129528
164687686
85334007
15836703
16442020
856550605
67564598
92858317
155658041
292951154
400334965
2459609448
31016461
116502194
24700876
16184435
16220555
28370071
212339329
159255994
363997684
190817371
188007231
16014053
17093617
42672470
109702885
8350912
73359920
78021221
18647765
180124279
338985020
60054156
72568426
16044997
50393960
69615397
1339835893
85772748
348379865
44084633
18965790
74186967
16034244
136361303
24000965
326359913
1112903755
11348282
289998339
2215895461
7401202
87818409
43355844
100004577
425725345
208444362
16557431
296824934
58920430
55248386
38807340
224651449
276537798
114516952
19734494
20626359
17872077
15631238
151081208
34356968
37019708
74580436
1020696116
114704955
122133343
3001704118
74167992
38164846
469508969
19110632
21887420
36114716
3321651034
174377718
1774391
16031536
46186400
71016845
861139682
2361271836
54206557
283205427
173865294
268357876
109593584
21213927
17525027
38491229
1469819304
1563737839
20823928
313306238
59742254
432492827
218659501
1543212678
169582920
134885429
3164353295
164748570
14427317
31143957
42871498
15840909
15425377
25104363
25103967
22090282
56377143
305782898
79200539
124476322
21759987
399388492
384366800
550155361
22919665
18332190
54904679
467368287
41330603
16449615
6134882
384800335
227682918
16581604
69620713
564111558
104237736
35002876
15995155
15754281
14511951
1020058453
5695632
23818581
89760824
19377913
16295454
14705603
12993222
13896552
17659340
19000033
12848262
21238524
7280572
1473174745
16299275
16896485
1367531
28785486
14173315
15012486
19407053
20562637
34713362
18949452
6017542
1652541
1877831
2097571
4898091
5988062
14293310
380648579
5402612
1630896181
73475662
36688444
2421234247
65446895
284000599
126387479
348674413
408697721
2231968220
19678937
71064895
31016249
21106414
17001435
18999969
23937894
60597469
23655688
17897698
23424509
8437052
1147992830
76067316
18526996
1931039839
92367751
1178700896
4970411
289250739
53069299
110664813
65392368
25048816
25049056
1994321
20606834
39660853
276605327
34867057
38395124
34570323
34294667
58913261
133663801
31444568
134172160
789605024
17965523
44706837
98412169
1469402426
157981564
288114724
2717257148
2969760609
492731471
3432441317
4112062821
34431871
767987952
51241574
903140545
1223349812
65205306
813286
125430181
2467791
3108351
759251
807095
742143
612473
25067168
14418570
2728886766
40857308
24744541
21396868
38142665
40205617
15519886
2560282987
377489486
1227106200
73167455
95023423
18177126
352145373
127708595
17919972
19038934
123656898
18638090
3091025830
203123011
428333
21447363
216883346
1269246415
186154646
568088327
1223101
17881732
6433472
18676177
10681662
23002923
19636948
8736882
14216661
14500608
16312576
107436986
17471979
2883841
4532891
24688862
22412376
14260960
16145224
