112098257
95968979
361289499
24253645
14706299
813749467
992956128
1001468912
389997191
119703500
53393459
953989868
22314772
1713558182
735008964
943248330
39330123
2331897517
1380444990
2286161929
1158986996
1693905925
1585732752
823457918
212137360
2809316952
2554581644
2841193343
329879195
191381510
41344865
19606528
21206161
31751177
267283568
15749983
68449292
201846344
18994444
19612743
1479253669
3049427986
70783225
15028114
125614098
52693210
18991187
9595022
3103641
3103261
7174972
2493701
29422232
5988062
4898091
37889873
1652541
14293310
14173315
742143
428333
51241574
759251
807095
14677919
56377143
32397387
46820458
96306012
58303955
2916305152
3434275985
257051655
607232155
249628283
295386847
2813398537
519262288
320627752
2870458775
288328467
156280168
158686933
685913
64710434
796604064
213789321
409167289
3016510127
2359947662
61559439
89572528
90034185
21759988
111317745
78039465
128368508
69912680
281441492
869513017
89494234
57062789
208452113
31466300
108020864
57047742
166344819
155689536
266613596
166203500
3192850983
370246300
482100632
18956703
440262163
6370432
14147716
551527763
213847579
23293367
19097159
16292218
26057108
340339213
374598930
86397539
1176330954
22063434
36456345
723827791
73141343
389371713
1889357756
5402612
17675072
36028076
504661653
185299950
1675608042
552748105
6921712
417102369
420627699
226576148
419622371
271476597
150394025
18762875
1865172415
1519732730
14627400
19032712
14516324
320603385
1140098112
35298549
203063279
105807219
14925180
545353660
14108472
1005827778
145225789
305782898
976425246
14495634
43562201
321299137
31100650
216686150
52352494
376103840
340272362
132093278
256456539
54884677
41218715
16376812
19689682
375259869
456900719
38492727
618354566
109525323
339152862
84307894
37631819
370009808
738800546
527503013
733627705
436837074
562251179
313261784
72360464
90001161
74669095
261128003
191797811
87201342
105226949
31130298
36010475
