3816590896
1263672601
463449110
19986363
4205866233
1075218396
2961118371
4267683493
474498307
933613070
3429953440
3878465532
491697161
3838409068
4207138407
3181148654
1343100722
2697810728
2697966889
3897766514
227392670
16815644
2515818373
3002889757
318005036
588782112
947853672
52536879
44312605
238250804
2792645243
2838617095
16714182
34212917
289084811
3313788260
3221971470
401365604
2981382739
15358329
20755072
18745729
21910850
14790899
41265813
34738598
16579345
904490760
968706080
596261273
24325547
2733563291
2986066884
3144827471
3525046823
2443230103
15138534
3554721
16029780
60421402
21814628
14942612
14942701
81216996
25970331
58309829
79536438
50037051
120557765
19871339
3373479433
462495192
2815506960
108861466
20019468
90334660
30503160
40752044
29283877
24133713
114610602
16222584
2922067493
3069800622
3165838028
30602016
205302299
40519628
398458864
500651859
51399831
2496731432
2612233795
51599026
2619950906
254632706
22877637
2717254872
29525453
16862142
18588279
16794568
216430965
37972440
27466653
128023009
618336955
209994211
937398222
84279963
176566242
380399508
105119490
158314798
209708391
1616087964
4166637089
2508775814
3222188929
3091573936
4085413459
1542397555
3881487634
1514310794
4191045443
3714509772
4184322622
1642761654
4241732473
4143429203
3776604254
3006463331
3315221067
3220827092
4115093176
2201647514
1108276814
4182587962
2850737085
165002322
3018747925
365588957
3648432017
2437353145
3708808517
4053728914
2598966300
3919845195
4190923533
3021253157
4241459173
4228126338
582681311
4016165415
55666302
4141673680
121546530
4238871253
3032104750
4205039412
87403396
610950640
260855597
4180054534
232914762
3872674468
3135954284
422711841
3296349499
2266553200
456726486
3272316974
4182428716
182384817
478285314
3510627194
3021071152
2753337212
705215780
3310904519
4241381952
2361252948
4134479294
3302332131
2285419302
133113724
807965192
4128498862
2955906501
3286790280
2373029430
2321427086
4213760480
383884792
266339155
4228409839
4217386812
3086437379
3387628391
3997838656
3783285736
4127401815
4229974393
2177546743
3911074699
3347521331
144657491
4034221394
2253499453
460516606
535754774
527281446
4238343313
2899795946
2965181920
3325902975
3372525917
3124731345
3388351883
413947759
4152391966
4152525305
4184901443
24742040
10671602
3104206934
906782533
11348282
14159148
1064561396
2738646395
4107230780
1598502734
15222083
15578992
537142873
4049049761
775700174
620144852
447648773
3384351063
573859422
3782226214
3240418900
39119808
3319004102
4165843155
47537284
2671935668
1413003668
238145347
440351132
4134736096
3251490861
45203177
3635933660
3025937318
4235774492
1197956922
3031836255
3989245936
3669460395
4197074475
3329311392
74303381
3669931461
3855437056
2694687984
3288711326
4241964733
2492445765
2896693676
2778984792
4224601212
903491155
3478017496
3421899793
2693137016
3805898293
338515598
4180272491
3956448317
4152497056
1165155714
3548051355
1430539482
4165820116
2968320021
4088831009
3110186152
3032786728
2491881044
2954644933
181561712
403246803
439125710
3768510432
5636912
3224309148
264107729
10228272
3249111983
4085614167
427537390
1635077976
45919773
1023096199
288304848
23741531
35041893
409055353
18924291
63112528
1206398228
1375736322
255773815
801311472
2450241577
1901546563
1584609420
213478296
558810910
1589628800
204688509
1345702333
3266372924
1670423586
245040269
35595347
3411832753
312381464
900990673
2940155426
263144059
4099214421
221408929
25169797
164322849
2940218994
2835076487
106492441
632324906
2811823620
900466764
2655220759
2699554946
855277848
1650679530
4196045413
3339852226
2540061168
378205013
3392500551
801281178
468741166
48436234
82978967
82652901
318571154
74594552
66515223
74580436
28201743
373471064
2367911
436266454
40076725
1694757848
166747718
19208782
760928006
498177610
15635604
163730859
2409543974
28706024
278328390
15846407
376502929
586671909
3439484447
2532923636
2227779030
2786727059
2602973341
282399145
2625176466
7157132
2781691536
258022594
448788827
569458183
373088820
3312048109
3327983172
3281649664
813286
1536791610
15113565
17409240
31310158
106597684
19611483
54885400
10126672
8775672
66369181
9624742
30313925
1093090866
16145763
18948541
34036028
15485441
26053643
17074440
14677919
20012204
19740592
6017542
25092574
42958829
16457400
18812572
14511951
2097571
16331010
22179997
16664681
15754281
2883841
14293310
86141342
25589776
275186860
84194879
284991184
23996721
15012486
14173315
7744592
267921808
28785486
3108351
807095
2467791
5402612
32004130
742143
21258337
428333
759251
22650211
204887235
4103166736
2399190998
714624379
2360846922
285979450
3568231462
4054375653
3074958632
1328360287
2902274852
3437616550
81564767
3032211679
2995366291
903541932
3066942026
1089827509
2337244273
582897408
2337217158
619200282
1394399438
411573333
16938247
1870226550
379408088
3538652658
3032084696
4118462842
3307416788
2962722655
4031262748
1583056988
970942356
2857793895
2866044883
4230514878
8283082
131962317
595211619
89423854
589646492
169291609
207426991
139986343
125854580
148760908
375481345
128472974
139399835
30289093
142977623
237634998
12728672
130682467
27022925
138860140
129845242
646353
3077456787
3290678049
125806240
24613756
344316738
30495613
166739404
90021519
403255314
27707938
403245020
155693836
22252038
2360031907
2739712933
516765219
3106742190
3050985017
3291745545
3134403792
3307440566
1932662130
896482884
2947619807
744803676
476502867
1314076658
3663453132
3246520590
2526369538
4018933037
3427330919
203161338
406720587
3199656965
3305474785
3009138101
3305382367
341046273
3352493919
3258007383
2882995482
2244912386
87912131
3247058182
3389330307
34807098
69242225
3397378407
43856257
50374439
24019308
243284052
23375688
79293791
85603854
92367751
20255162
16312576
14497313
110827653
203162990
20108560
15291335
82939583
17602896
21904217
102278356
41264383
1600845996
21884158
45668062
473493882
454237315
48294321
1531491482
353952064
445659911
70722719
85452649
21133007
75916180
527410330
279137117
21211181
815881262
3063032281
30416124
360737269
907309218
318941769
1480251510
227390518
281766200
2812234308
37000132
59525600
169331241
29906519
92352911
31353077
262351301
46503181
44953111
586136477
2411204053
2205353568
2840204324
1082840610
2371197913
2249275518
398323499
90006831
293722201
1633987406
1888149452
799243476
1290082680
361226047
189283341
2463499796
2590785755
1935780326
1462311247
633168414
1971577826
616666143
317963023
1604586384
3028400688
392447726
3506620162
2458256605
431765325
54125479
561566566
2299833806
123071061
3327901928
3377417013
234267541
3355077914
21094888
1375199924
21111883
1289070420
2980444527
18055737
285736710
1676243917
216201838
135503252
1261623697
3437284288
2945117562
3110446892
2724134814
1549643856
433838107
108392695
85445127
2587658342
2282874348
553061018
874074770
320432814
223622368
1413122868
578084651
519564995
95835083
1860051607
2469350863
257305275
537550889
759911858
1063540297
148807607
770054797
529954092
429565034
48177728
701615052
47786101
15687962
2735583090
2239777614
393852070
33434326
986235307
31672638
381688396
298320111
228184292
1187763794
976213579
726630714
1301907090
771041412
715012902
1959817111
1945721280
1343581202
187953970
65184105
14724725
2303963048
940280202
215025399
158447525
1663914194
