3280891716
2381606574
110978637
973551896
154969527
14677919
148241423
34197952
557555403
84352985
65525881
7744592
46678624
15721256
15492359
15143478
104141949
144463830
183310940
1878504738
15163777
284989979
1546101560
152251488
18236129
2303045042
99642673
16468695
297529306
3439469566
1133436522
2576486262
135760149
512068128
314479335
14251256
2391008138
303862998
36042554
360474312
1479026370
2765826932
3236446485
574210296
183338830
9676152
173890260
153264772
215138502
3800345893
3813478935
43139414
17692554
26257166
2933152018
2805293443
2241984523
1159145023
40884854
21367580
2557521
14585010
456593827
552632832
270797700
350334760
20056177
309824558
934113512
171002992
350224247
267099256
358814014
256781040
1889636426
248627231
2801220445
2816733930
791593628
300184599
2797214395
18558612
2500955780
2855255702
1035100758
2708915372
2583803186
104148676
861083240
194213012
16542390
1613572202
99794985
124940096
2789110914
2737014252
1628181554
3002609204
443744951
357588709
568443646
2916305152
1712867886
3190645208
2570701735
1358788759
1850982410
2763329696
3171123158
27735577
347105841
3249051822
2544852913
103770785
228370791
45829137
32411258
319145696
142977623
55728361
22256645
125854580
139399835
490036238
114685387
257799442
317627010
2147862324
1097553362
2229288849
79424503
10228272
65396670
2149178965
5695632
111871312
17381587
122928781
55520719
14918367
199110089
53790896
57879889
240649814
3099486241
75509967
100728646
43017766
17602896
73871975
355989081
236826818
2999078270
67849717
126219869
50624953
37168231
94816809
367073117
93825359
562697137
514174224
89174552
219304252
141584822
123171317
192103171
763292478
123255923
114407932
120990817
108660954
57947582
43289988
258213767
120071591
1089982142
1087492124
1045849016
2314556148
1217017676
305859646
2597413135
1235906400
21408397
1227253801
2374075742
2565656958
1598644159
2930663428
2425231
2218274526
40343143
318877787
572225652
1068121346
9959702
222022987
481156800
63924218
2358945534
3322216100
3729750263
179966048
92753384
16273831
56913467
67602060
243284052
759251
548640830
207603558
180380465
992437866
249749513
15333047
17471979
11348282
3388727421
279449435
2253665018
25531959
992372672
613696125
245164138
99687313
471741741
70664813
1582853809
141527741
135235142
193767799
175286113
135327703
256495314
19923638
112094852
1467228402
304925210
2333112422
345588852
23544596
2838439748
3244261820
1282946089
116747394
14857290
108384285
1526052913
1266763098
514283233
18332190
2656039566
116412043
228019276
3739512554
3245817888
591187871
3227847456
133354303
105210222
212630467
3144699690
3288521539
607599583
147019183
3201380495
19546942
348610196
773001938
821045162
1393763557
6017542
487118986
415953853
280716721
78598071
3119374796
70663487
301440887
9409752
122995784
124258971
53555106
118201804
456497995
89014429
2348141899
78058750
18673041
258868912
105251590
139848744
115682368
168767461
102446093
21701757
20455625
82949914
97611573
75854417
66306024
103061572
2931899745
526256506
83212615
71478749
84276772
467348923
71256932
45564482
2154547153
239825437
1652516689
103565377
426927447
52339151
44635677
18472223
236282213
1088334553
207997374
50271716
180306960
581579728
64049044
109241992
44588485
465329295
17525171
14562016
26259480
25087685
20562637
243332437
18392906
621523
2461887810
2860160796
3226973946
368182367
328975275
176888549
17082958
114423418
1533597631
106345557
139385992
321866313
70931004
138002210
185142711
121828529
121044171
92945681
138330579
99448420
109275593
99918503
121046433
43855487
1337785291
271690376
259925559
14123683
185902260
196235064
185527889
361315016
2295929078
124393039
732273199
45847467
114795028
466882955
378460963
261598082
119681723
130795100
175298380
84542880
179036286
135180139
336811768
149733596
369037907
21273807
115622213
186202772
191768572
72327489
70903729
531976957
30857481
234328218
1119401658
2419977944
30241101
1269200707
17710740
20751449
6509832
113376489
1220875086
1086642313
624462023
614156493
176295495
14075928
70179948
92211391
114501238
97169575
44409004
417632438
389974129
613321095
492893104
17482727
56042688
1129278218
264034657
729997920
267187224
108216910
3003172754
5520952
138387944
95917731
38831675
58214898
153865320
218361290
105433759
66441732
18139619
2736901908
2247641650
41431123
487843424
218929427
66718613
21346619
188788835
2725457664
1612739786
23482357
449372843
1551808945
1346182484
1521710298
1354758176
2441823294
528244579
762861110
916582597
706080144
3314175623
308466494
35927341
3351265452
3133996860
16983244
19504933
14182050
19499227
41549052
226061405
41364508
69229721
103065157
45417200
60312060
116425054
128323704
2813337386
376098286
800999720
1433730727
507026258
204002663
45022448
2220638376
271292659
87118217
92424604
127765218
87162115
567483109
45452226
46257156
1593958021
578215060
71295758
3117097249
267137977
2863865170
2961880449
2406545480
3273529334
224958320
2930409877
624896628
1591593414
769727912
139118162
144755081
53556894
323469361
2911092205
57188977
84554399
2589343812
2420020489
2439098062
275564493
1417829894
834911994
2403063588
775887091
1133920393
374134070
597301440
113352671
97893963
2853665503
107474787
77888423
171117515
139876086
187890010
45025729
293539344
263800151
168606635
177547780
210792232
2097571
1492538024
2915766225
477875139
98932084
132859239
286036879
127245578
155151279
15639696
30631766
409089061
107318424
239411196
92724677
14293310
742143
5988062
38647512
129845242
2571202272
68399705
123774113
86254626
2843197753
3172100750
3165290299
1021419306
295026890
38403110
947192262
1652526218
3117015608
105710210
2729506932
2805358944
137017726
1978851349
490442018
66092787
57024049
285475285
251521725
1139649950
283916211
102382667
2177710981
366947884
183230911
575188047
552688661
840086576
634594307
605306321
164245338
1430793200
522083802
99458922
81048495
1664705300
76294950
142722336
74286565
813286
50393960
841910365
2977866861
854512956
2201635304
917728100
479809444
564311836
817799994
216247727
381391189
108936259
576331466
3507418640
1252806792
848704566
3025012193
19897138
36327407
37034483
134758540
318898025
271393276
22598822
2507684797
28675838
20099349
81797646
21217761
14124083
12553672
7087112
25485248
20094535
807095
555053953
465047990
141664648
7517222
21931363
165796189
84310561
145592277
61156375
35695228
88147848
18238260
18354016
1368738830
63992320
230140702
66334209
220228167
33868638
2226496302
1176135546
291557277
580451271
513067381
92726549
19895282
87170183
31348594
101311381
57928790
57998991
33801019
2469605695
118024094
113278275
87174678
68497896
950165300
115341081
195703895
317034396
54829997
700568101
34889807
132493630
51376979
79708561
450504440
56631494
101695592
65659343
94163409
18681139
1536791610
132385468
113419517
298959564
78941611
136932734
1052586019
5402612
145125358
18839785
71201743
453507741
452830010
135421739
1041453240
326359913
122453931
97865628
127483019
213539531
88856792
