1021419306
14677919
1216071200
368182367
3593223560
291557277
1687080828
19305157
373416209
102594253
142722336
195703895
379544677
73043514
874955365
3294103511
383684745
823385564
11348282
132385468
7861312
30364057
1183041
18948541
90420314
388099246
2492264773
52551600
40885516
69914008
1563906036
395261800
569858803
1079173153
1391566592
3025450914
1543669128
211237817
429222254
855305725
187579374
111556576
116114711
864251336
15307151
1583261034
412263489
760546868
2826441116
298168543
185344587
225418717
214153705
626372660
239723203
278175819
16824146
296750174
207678904
18060630
26743580
79692602
237281470
265178794
2593064281
4970411
2467791
2097571
1652541
87818409
18538525
357062330
32546266
3179147815
742143
51241574
759251
807095
428333
561308629
84276772
103603559
57998991
184648622
70903729
4011484454
2201291034
184647530
15044593
28427374
77888423
230845588
287834630
216264820
283894108
27457788
50374439
56336341
2860160796
166767883
121219467
438525539
542428403
141559690
223831644
108391251
109853283
65851020
33652071
1657730988
118957997
125095065
73334533
2574072036
369037907
410811457
212560938
700568101
14387275
155642429
121677709
63663831
53414786
73992972
21111883
79915337
17919972
28706024
268414482
16409683
15846407
26565946
243332437
526256506
24886570
21133007
18863815
85452649
15945351
457554412
23497233
17602896
367263377
254830969
88147848
70179948
210402450
707201436
757244562
78941611
213956693
34130969
3117015608
43568964
1196254680
61197829
56761423
96101258
2295465147
142598575
60089365
70652594
170977970
1025796991
1025802955
1633856509
261090708
546556305
55829575
972596322
1156763880
586361294
3185449992
27042513
391037985
47786101
15957183
1606048885
232378544
66092787
57097104
1171857924
1978851349
60023642
389974129
87174678
133880286
96951800
8443752
347257032
152251488
400636503
316563438
5402612
1176135546
115622213
292765961
323839489
260705412
146169170
1731162325
116417668
58761257
16089776
123822668
123255923
228370791
21957826
35291908
144944472
15941979
108252113
446444916
144400550
327249308
267107552
279449435
44314816
89732309
156324492
1646988690
1337785291
180733809
94166168
288333760
16902662
99806132
385473825
122928781
15093629
47753886
77222698
381674024
123287206
158089836
50544680
97614907
2958823663
69771400
17588143
41799998
30457335
53790896
27602673
103865125
285475285
52729592
218449858
132992534
33868638
2226496302
111615736
23061619
137017726
2149178965
490442018
131442654
138387944
53555106
97611573
109241992
736628036
66334209
16983244
2585396407
3303528633
2982269822
107318424
79708561
3052426518
57928790
47055387
3071679078
1317076194
78259714
47595335
204758373
2237343906
122995784
284426825
123774113
2746728095
68399705
66306024
57879889
35927341
56913467
94816809
256495314
155561448
57024049
597301440
252520118
38403110
56054034
1052933124
15508962
950165300
366947884
54829997
1086642313
110025421
468229219
1302871633
251521725
302136938
15485441
332638587
80096621
110365072
74402167
102364880
108936259
118024094
65659343
50393960
115290697
73840916
383581788
26809005
789605024
8159472
22205952
19230601
108568373
471287735
15332636
265902729
713993413
581579728
84554399
230140702
239267224
2729506932
2805358944
332681437
105710210
378197959
19895282
37034483
33801019
94163409
20609518
813286
51376979
277434037
115887279
101695592
102382667
47571031
245857954
18681139
101311381
118632086
17717614
83529586
19929890
56304605
56312411
113278275
76294950
116677732
75854417
3226936831
181490009
140510464
135186449
90628174
79402995
1726006819
771245822
2279477264
75509967
60937837
266714730
102957248
44595330
902534288
14120922
468479147
99642673
38592915
627673190
951218024
311641969
343627165
19583545
36076870
17381587
6463042
17482727
138822469
88856792
24705126
1934388686
794874013
64049044
283916211
124382464
207888272
1139649950
2177710981
317034396
56631494
2183816041
296612629
219617448
113419517
954031914
87170183
23375688
2510698808
190692903
2974874227
867060049
3011923403
145125358
268400722
68977380
2193639037
2345326765
2278735939
2725825164
97865628
130650358
113854897
2657519086
420943164
1570249711
44588485
25656378
3413601149
113933986
2423207598
116112129
3178069340
2807160888
711694309
118003143
215481898
135421739
2429626670
3200756383
2253109628
632688988
56058169
405427035
140798905
2576486262
297374833
471741741
2901743790
101850434
78022296
1731940790
161318053
349120101
2340199748
1870397263
2872056748
8164072
134820725
19263096
481093738
130104041
90126912
1105306628
108829260
2996351544
18839785
149878184
2333543208
629160374
34843814
83182871
176324363
43541357
361925781
3300045317
66609698
