15632889
224351791
220233994
776993419
3088030486
205437050
239760107
14224719
2561597334
85738930
121889306
153810519
16664681
633794939
205622130
15485441
4970411
15675138
69181624
2836421
16681542
932196612
16973333
115485051
90420314
202409095
15846407
14075928
158414847
9411482
9567972
2884771
71294756
13850422
5392522
612473
19562228
19697415
115754870
30364057
26053643
95023423
16247383
19407053
16186995
64643056
336116660
91478624
15164565
413487212
50393960
27457788
7587032
1652541
30313925
55117855
14138785
44935627
813286
14677919
1367531
16343974
6017542
87818409
14511951
15754281
14173315
15012486
38802447
3108351
2467791
28785486
51241574
10228272
112897540
23151437
25521487
2097571
5402612
742143
14293310
16129920
428333
807095
