14677919
45564482
3346564775
4024781435
28112142
121359088
2773170870
3343933547
15754281
265250071
25365536
26589987
3024028252
2382989049
12964912
337882328
163788834
1516406796
83803120
51014850
181561712
130423131
61774686
221301379
3356848217
1416048096
66178650
310346894
1010914028
2839582827
20439102
1440641
209708391
184910040
14790966
16807528
1652541
5988062
612473
171421559
2365843322
16913418
26035198
198509071
2212099006
209002186
38415173
79293791
18055737
17481977
18713254
15492359
166739404
4898091
44409004
17020962
16211434
15439395
11348282
16365636
14399483
8161232
783214
558797310
27844479
427475002
15066760
14224719
5402612
136361303
17503180
35749264
20015311
16193578
86925202
17471979
91478624
22009731
15076390
