33057154
2390784206
343283519
117590354
2557390566
132062287
191920757
425528043
20538291
328990309
3402794734
833750840
42034114
40267749
162611402
18221083
3080761
17476350
3491544853
1652541
3108351
44345790
22910295
122392884
3959752036
156247074
51690631
472385266
115341081
3917946493
85307509
35758259
15891449
389974129
428333
3706733892
4064329872
46143892
79320096
4022941885
3236785844
25283620
280412626
27844464
27489253
461576749
128155589
138822469
6371352
2517569024
44335177
613321095
359621966
153314443
252753618
13361922
99144994
81204909
185827887
1911117415
265982289
3587374754
155927976
285332860
70179948
2419957392
618420295
3115355463
1432977446
115622213
230845588
558797310
121402638
384951307
3041798204
45073916
526256506
16542390
3068719174
14573900
19230601
2231905548
1694483425
79402995
405427035
92332298
3168191809
3022691904
79692602
37168231
103061572
2913052039
343627165
87484569
2150732394
626163370
1059194370
5988062
247543210
1606048885
246247684
35695228
44635677
131731966
1239465474
541667630
503786103
3192634849
122339767
3032759033
1076293176
52339151
1652526218
15044593
44094688
1110069734
863568912
75854417
332426375
23061619
63933540
116677732
96951800
3062307642
2183816041
66092787
3807000498
718625752
15093629
1617606108
813698989
3185219793
66075817
2460354098
23083404
3252289604
3555984075
82962882
2290217928
1445883890
2887717901
48477873
2241457578
3225947763
50393960
67602060
2986073541
2260400066
14677919
3188262614
38403110
270453961
820385893
16303106
102594253
5520952
51241574
16492352
19397785
50374439
8161232
15846407
15588657
500704345
38617902
1021419306
2492312778
469806383
333091456
292203151
37648677
20609518
32546266
110368925
15941979
330868874
110025421
111615736
47571031
27567711
746366562
41364508
53790896
14182050
2187280790
2362956517
177547780
16983244
2480270598
1414908986
2693357058
2241508712
586361294
2611950902
78526380
134758540
205011496
3236167844
2729352699
872476520
2664767198
135607416
544476224
2745975728
2833170762
2471219496
2313746076
3218772837
2764311792
3029349850
3083357240
2966762255
366369066
3561232708
15670515
74286565
27602673
809273
18994444
51406202
10194682
15956519
69687111
14390109
14462907
727662488
18929773
270771330
71815077
75246346
122658025
40400019
34197952
75509967
277434037
56312411
17717614
44588485
83529586
56304605
40884854
228400385
242729362
485063714
19929890
192445312
230140702
813286
487118986
176210542
82072251
14591141
53556894
18860304
59801744
181280529
68399705
452155423
84554399
66334209
35927341
122928781
107318424
122995784
297380894
71975446
65187067
118024094
113278275
2495214973
2495199115
298097587
505915529
412237956
189850197
139092348
940270308
351921957
224223563
313913938
213745334
90836187
353715697
183387449
35441526
50725573
13838562
55797809
26589987
221377087
1281248227
25441019
1110553549
14123683
17158140
42220353
19980499
17809593
14836197
17329538
1544256787
344634424
288333760
180733809
14857290
259925559
1337785291
300392950
109275593
171117515
92724677
361315016
239411196
216299334
358814014
45452226
121044171
168606635
183230911
121046433
139876086
71201743
114785416
135421739
471741741
44409004
18839785
109241992
57188977
124258971
92726549
155151279
57998991
19895282
426927447
168692355
97865628
216247727
138387944
16409683
381391189
84310561
54829997
200150767
115290697
99642673
2558197038
61197829
65659343
2532486942
108936259
947192262
308439963
102382667
61609661
142730813
1673820865
2177710981
95385188
68497896
2469605695
366947884
950165300
382267114
243381107
79293791
33801019
317034396
2459371
393028587
263099844
2987970473
2255036665
138372303
456686439
3314806152
1610646036
124450567
789605024
8159472
140070953
422201803
278008658
327887468
366520644
459514317
1960613304
1638021792
1445077393
630169165
38001497
233498480
253508662
388926121
886426412
606211203
1415791555
1453858344
2330330082
365498780
461922813
593810556
38164846
186386857
29479000
627673190
60865434
444838837
291156571
488731085
171840420
282064204
1640169925
333534411
34949757
219683269
329789735
2669268050
155659213
740336334
550202880
14872237
376378883
330446733
280701704
304596944
1964571728
144755081
142722336
932429090
195703895
2533070650
56631494
344801362
614156493
101695592
10228272
158487331
76294950
94163409
51376979
18681139
87170183
145125358
2797279038
31348594
88856792
807095
742143
612473
87416722
1378680608
49979793
7587032
18308305
560641368
19827010
306642753
756796452
77696645
817386
150429478
816653
783214
213278292
972651
1857421
2583782286
316577087
132385468
150248263
