14677919
512554477
373416209
393637870
1653946735
412425734
24159563
93219986
1178727709
1656122952
2201773830
3022392472
314457701
1088667344
393357720
773804665
3236370697
2534649056
843828222
340234449
5402612
164240164
428333
1620360594
759251
73639742
6017542
21181148
3108351
2188111329
140404327
16496992
14511951
1652541
21330224
87818409
40990911
51241574
162068799
3245618266
154130405
84326636
209004862
7117212
22752595
71298308
2194537723
533081656
1000351188
49573859
122685408
156622876
98193141
279536239
2285031638
80829126
155526098
1907902428
14685924
940111506
36018499
105919089
1362642426
1934191514
2180822103
1934791574
428990777
874043730
1421779722
305515658
1396902614
1861779722
1847020580
1673541984
1947542785
310738673
235299473
1882873183
734661780
328406897
24591435
16356796
151470703
86734122
1284037616
16076032
934193419
1653713989
69596382
1430400949
383847147
1147706412
1054855855
44363615
80096621
249213131
20990898
367101943
19337714
143779403
407213687
362575324
218956301
1339835893
414177730
151404864
138000213
150626780
33852508
720028045
166281422
1209275856
417940411
62006818
802252880
1192395925
366010246
597247401
20427223
15388988
785880066
252486264
25080738
247298017
565640022
236953412
1079432348
457661563
133753333
18865214
25170188
604501507
780133177
547076992
314553133
19654724
328634628
42300167
20525731
40473716
423661858
956467916
108352527
84291656
326923924
110453483
14191254
742143
36630827
235180806
17865542
278549435
174454158
326076542
326283133
16745361
19372293
191820994
86033605
44578328
130197701
248710981
16711841
858506384
115218987
270973384
234376518
261818022
1094679979
54172201
272877407
113683399
1294741
283432397
513153178
115984278
39720304
354118394
14663445
20693314
179887262
18713254
63420653
197087759
19530289
744751039
295108460
823221686
999449736
138737516
289005088
15143478
19906615
230025585
751155445
23937508
19335378
402642526
29739553
327470973
82649720
34667148
164242095
83814679
36843988
866447402
727042568
626586571
80881850
24683976
460237613
224785997
15002620
58317487
39969997
590936594
18733002
93131556
259925559
249393823
44359302
260211154
24581397
76351820
891557539
110778404
226195230
41370757
14524810
736957586
10604172
87466668
6892312
18887526
72235760
136221998
48284445
636302247
41712323
66101007
544591920
79177199
150108301
183301267
16422358
444560674
53889366
20003157
107151212
208451380
612473
609266949
496227590
18199868
91468847
120534606
23570520
92096980
70968175
350788681
74161616
83855918
1775731
445855120
258299803
771421561
713092556
327900409
592759687
75576721
352267229
256468807
602927539
176717242
424403879
20084303
20995047
506429053
55185253
459601671
582520547
197919900
154499517
226664540
38554852
155338258
94377857
88701339
197368657
610311452
171971603
20865719
12870772
316585288
161644885
82561230
500329719
592021263
95874636
20526449
256515492
321258430
152943361
580295060
407718209
397094699
34928719
315835014
278025093
88722311
57351964
41338190
280625136
239324968
575643815
22021978
260292052
213229054
277050970
23217907
249760318
20267173
128563820
355778750
143424973
352931458
551085912
191396955
461062591
53660409
490222777
201831678
301372905
243843261
180703365
142614009
414751953
103535290
365629255
93951698
410762198
410856134
298494868
270459817
513261456
353721989
55640185
17306850
227316254
18643891
539848270
64759256
344315586
176535573
21655680
17441447
23518723
191509136
15316620
304493797
531096097
534116812
20322841
60845623
40237012
65626784
251268570
27611014
20982802
108305299
80916316
499300163
118984374
19962737
259472434
6705042
12138162
19781877
161687069
425036580
387180347
119052031
32876983
230862355
15333901
75095317
29014255
414032634
163552599
20244875
19510261
236037145
404998983
91352448
336601935
169509470
334806664
7152302
332198503
190176121
155230613
78914650
41430727
419780201
16681111
16303203
396810997
76904800
371371317
379371328
343610642
57045140
479015456
16865834
300348359
127892468
16723838
333400954
226284158
475810964
354943274
106390262
288442937
48300575
14711282
2869531
76446565
46460395
103843175
443902625
279482611
14927920
7376892
16667262
20923565
189241782
414142189
200691338
360807352
348416700
227662177
45811435
39995348
67313277
17644601
313214461
21406735
148690959
245884533
274473550
18676177
165901014
19644356
19524590
66985184
20039389
68385388
27097260
35548141
80329177
1507651
26523408
28978705
186763398
23927727
109080285
22653968
18426337
21309731
49357193
54489823
220426702
16708655
14190551
78890225
8170292
15143541
78876184
249565463
47580409
228897073
128506957
26744267
19530134
342770193
204552706
351271933
219287217
278946350
82306796
36414454
340798687
38151231
310544774
29347308
12946892
252184453
20668126
172280396
128216887
258448191
89168924
24447643
15439395
25139390
86664924
66342334
43963184
34405589
22930955
171404842
193862626
222221042
62015288
92829979
31419582
129015197
51086236
166335068
140118545
33144167
16340329
17219462
17444130
14518522
16793850
27339792
24737795
17043428
18140574
15413101
111628028
20780902
89486038
92258767
143432068
20581906
104217602
27535814
31136936
262156929
19598616
16947156
