1493983386
326546895
31444052
4050192377
587814366
2585550874
93723527
414786200
367943730
991793432
194137231
207924310
30255515
361386716
69292159
250362250
1164160045
474124762
16439117
2819416834
86103359
26057575
331877987
337847812
533529603
16630600
2494371283
1506525248
1381951526
130511445
2307242868
17981602
2803867254
160798206
501415207
228761689
278772434
322796213
384291510
2891173411
456050205
3302452248
28628850
14677919
105165282
80117192
45683478
74580484
19614674
87616915
47657595
72630277
65174274
28642145
44595407
33539627
48803664
137576898
40891092
132703700
21792210
61875147
16726035
27923715
34273205
21328656
21402043
18185124
76989170
90502419
17830244
18598094
3108351
612574787
44179598
31480072
337853585
219370252
16896485
28938717
44179062
1596189067
319362679
63781564
45591648
271013671
544578743
18890698
16825716
128984537
2707389841
323283429
2851169067
23049289
18482553
14819993
57072528
35625099
56803711
30259377
16123255
10199452
142373227
141333247
442176611
46477409
60619478
823319828
60473581
45670056
212236087
31218150
19407053
23756134
217531979
27707080
426159377
240826569
44454246
18240655
3080761
65304372
51263711
14458280
