12922852
21804238
15448532
177308296
15888244
29060354
194212406
15184929
21876962
299081229
127918163
37072633
602083200
240527555
19452594
28193389
3108351
1367531
4243278079
19111192
184979568
17941270
185747570
132735612
4105252813
3216126054
4188508961
3840866414
4136533334
328499996
2848641007
22539217
2283130856
4102663581
4220036772
399592895
869877001
28869428
278682576
1381484203
225306536
62352918
14858113
205046009
454484422
28483458
516059328
289045318
46826940
3110482490
3254654382
170418036
84485660
24609433
15728593
15727472
17086474
8216772
166270127
16812787
2473172808
18734310
34860949
32627702
745304084
114560481
133862034
1066237274
27105395
41756503
17919972
268439864
1954929150
29840295
15485441
26053643
14511951
14677919
214791922
19397785
2878485661
1836351276
3404441554
2424221102
991183435
297112644
42836070
192336096
69725283
172219428
33731485
61252902
3229205527
75723709
3099838207
38612510
452373490
118553122
63194055
2911365793
3411762951
2553980894
107882338
2900671009
317615609
39126183
14734548
3113154964
819937873
20324981
17211356
39856054
734996750
282342780
35586151
171653393
91017866
3114172573
221234004
1480485864
20086419
475431334
36584072
75939360
929968376
2457006763
3311052728
298379401
405631061
344961834
1923870626
2301678883
3672539257
105197789
87073784
813475866
38981246
3311172422
167456058
2402712700
2223912408
466234850
3100357004
62125844
3027833695
2615567438
736901179
1642136670
48403954
204382097
3045174500
221216340
112926933
536623291
14884474
169831512
49377986
2853411848
22314827
234658911
1272596052
628867438
2337697640
203744124
32309601
3507121934
3314431670
2881492132
55684541
108514884
509069230
22312621
807095
17401063
2835902364
3796081573
550515622
3062568445
3229122681
58509004
361434861
22118067
174094121
20093620
16409683
268379456
15328031
2396871787
180505807
354464050
106837463
3303293865
13058772
17722397
92367751
987321558
874049888
2170589898
150701927
26565946
155443738
266229550
14473778
32313150
516759358
14230524
30704824
55503012
104543989
245206420
16190898
1100661
18122488
1058571
24846867
73251583
22388639
7040932
1688
2370441
25365536
18195690
84394750
