116857325
19357128
15279429
41908847
3190611743
24930197
340064872
449257494
532552543
200899091
2895461019
115265636
267829268
715460135
22066555
38002432
85961526
95251230
41640153
2848919816
14677919
35773039
399628629
605804454
2906627682
1125937411
2501559841
487602166
156461982
8040282
19330411
174953869
296630223
3840475692
2649100086
235161193
63539017
170699708
22677790
34003403
2521019880
2543049116
16703058
113047940
25073877
16012783
14173315
14511951
2467791
47786101
241382835
562381032
19879313
502135911
31312972
53269717
586892658
179040833
218533881
51405063
729731486
844873897
175378976
3685286376
23494630
46139542
3038211
27918087
726761522
29513470
3377482181
26075922
217956250
1490402683
622002164
31181114
385498823
69750965
28029138
52426662
225677654
34373370
192940675
6507762
628022017
3279608786
22720424
44018727
310891603
41369172
21111883
2207976198
37423207
2868564086
109959589
151595281
3996899594
16745015
249249080
3066082415
3044667250
428676040
3975251487
237883903
22811937
2538115178
178088940
30364057
47216804
44039298
39357410
208818498
103387700
1326005282
25343191
21689701
2832570943
241544156
61824637
348590880
1202033696
23261531
21254264
185420422
259375460
117640526
53120768
67133275
563580568
11855772
8839632
742143
51241574
18812572
609498061
130594732
244659780
288251717
28502693
99337111
402594268
7452872
19509884
27934142
47848627
34701524
28370738
13213122
18967264
241964676
270949258
23378774
50323173
48488561
42040091
204774964
241209954
20270332
65414320
129276705
31447081
16302242
43139414
165586474
25121410
115597898
17051641
21727499
555531834
395164000
303492349
42953271
570290656
19777398
28221296
140308631
35865630
179631919
300253369
39181868
181180906
78183672
40892016
91208190
41651800
521321191
25355724
488011724
25432501
34930912
52529896
50772918
15111011
20344118
59342982
67974410
22675606
111409543
1488506053
1041501098
1104306906
1188355309
3142253026
17736696
28026112
553317651
525408648
47964412
2289894187
286299293
528117020
917505878
503535697
161038311
170414479
373193467
364556532
211142065
2172531042
404118054
289741405
271642524
282596874
92791883
143658063
581501996
368673483
258526889
300479786
172085767
128084053
221552845
215757086
372570544
2377890876
256171302
252431377
1300534669
99659950
240220045
2349202350
6613972
27329801
47534072
36484419
58785008
712897952
2323135466
2969271496
2909371880
352533151
87592376
3084619822
17163447
42285948
368469741
2790755710
54238128
16672159
55307193
36362259
28870086
32135704
61830970
16403943
51263592
40390377
41509142
120943272
68540316
45006808
209233393
75296671
165307416
235181669
16807883
42258864
57100687
71023061
19212622
790136510
234521957
14963032
33395719
19785801
48849410
3416602066
451806009
392204387
718884877
41144996
56798334
83558926
18251618
19735580
23501022
452343958
327752116
24277551
36935647
302991271
76987599
564320598
26829777
229673306
17070013
51079493
613787340
15259870
37556811
64405059
208271225
15382246
41896109
19072604
28199843
37381709
3220831483
559523443
3138760096
23508439
123417995
19362299
19426551
18479513
39344610
29808890
68449573
18691328
36139166
90959399
532423017
2746940134
17199831
15155074
18863815
18887740
14920785
2338509346
428333
133880286
103304330
2326035070
256573865
436292177
55117855
52529345
219773950
443215941
100805734
25521487
97139275
98809456
3235574760
484171830
609762369
2314404693
96474970
799638668
966728510
2282456401
26598593
364054079
50734453
291395794
164792292
582252035
19356493
20700477
278098811
606875954
1566209258
547125055
813055508
2477394225
225213597
69683787
386007220
1225135152
463016850
1596541134
64736207
783763632
25117278
293482180
71022075
225072440
257013116
146409066
113712551
26578816
95176766
219243547
22146985
86230406
28349128
55246492
32073913
21014439
212256947
16257130
26981013
270860757
137112281
239640901
17919972
6480682
32765534
807095
20710218
15485441
18278257
19923144
14063426
2557521
26565946
5402612
41646662
1470146144
18713254
188039706
32717570
41468683
5988062
20015311
19562228
22819823
28534252
88763317
40918816
300392950
23083404
32453930
29300352
759251
50773530
18665800
26257166
74791999
1652541
14063612
