297963914
385411771
131500587
130884030
18834081
22510070
22622817
930696260
330619582
86151197
185187076
9378802
16275609
5225991
458966079
278020879
137041926
552293362
1023072078
72123178
221835592
972651
4519121
155369046
351153154
423824226
134870262
259669699
87818409
9207632
79783264
14677919
2216225314
1280737226
23608582
373366833
607309355
1165809686
2162944190
1851229334
2409244502
557889744
1502807035
3533491695
2569332115
1516296643
41316129
38508289
245960987
97743565
19658706
29538521
136678264
2450021
15863767
5380022
2841153759
150926818
95180858
291607824
1956228456
1167358273
571013892
3319831079
316332017
309324848
262253320
2229677599
27131412
374433704
140368132
33848364
138030189
467532667
48310233
57656803
321247386
62489200
21186224
36318460
3375918010
742143
957861163
1652541
