32573398
14677919
742143
1061281784
110396781
35415477
2327359038
85452649
38216731
1198406491
392395586
827312354
95530663
27711339
17220934
41324376
277961079
180505807
73443014
278691695
71876190
1023096199
27457788
19407053
166739404
62513246
50374439
133880286
26077026
17918663
4100533426
571202103
47285504
8559342
14315150
16440468
17892772
19154824
23492901
32353291
18080969
36843988
2203653848
331057915
18213483
16153562
31714599
14499829
69231187
33933259
1581289837
15164565
16012783
59486068
69620713
67358777
15110357
34713362
3108351
4898091
59736898
35127952
160950277
88776580
266664975
18948541
21643229
84689960
8039612
288304848
21121282
2619950906
1633987406
14700316
32359921
90006831
579603629
1374926329
11014272
115486770
570279813
68308914
1290082680
189283341
17565514
14230524
15485441
1339835893
25087685
813286
50393960
80411692
519196613
145572118
17393790
17137628
25581439
120153772
23674342
22208192
45577446
136361303
80681990
309978842
131500972
24569636
98404046
3386922142
105047250
274647411
580097412
45564482
157902298
386056280
15898172
2557592940
18397203
21982720
40516848
685513
823905
30767393
168700523
101854803
22256645
29573746
407249061
97082147
69737875
24744541
205302299
274184658
288114724
420234784
25067168
1184096144
308193132
18949452
20609518
15588657
19397785
15492359
5988062
14511951
2467791
14293310
807095
