20430077
27860702
56637351
25930421
28468549
24112747
19667766
25159286
17717287
20600214
39986021
15113565
17409240
21213276
3268700384
472920267
16129106
106597684
31310158
19611483
54885400
10126672
1754641
8775672
77040986
502135911
562381032
121626258
308298468
56413858
60784269
126669210
21312469
3431754617
90673007
2572815088
2890130472
2483770620
190093024
3242752089
1884962527
1921902806
1601726372
3585430753
174307074
61040299
331908924
3035075446
24296972
2468088252
1012137948
72602815
27655610
20713061
257517736
92267891
8011072
7039122
96795310
14677919
20374262
30031547
2884771
6145862
250884927
31158031
55338739
98458067
34109390
115817788
94129050
39868135
19318231
43464013
19307639
39796874
18136692
882945397
18957363
20562637
515154688
32359921
817999297
1289319271
3461620053
3395886220
2335007299
19417492
3135241
332195087
16810577
1668523076
394166747
123170115
20271080
15062527
122717561
17498747
4029496395
4077800344
358891518
2720253926
3239346701
2281234992
251828203
80908261
238237217
494301304
119345933
3809320043
321453791
430269729
2256746772
72740470
29216764
2291535342
237348797
19566601
296361085
47975734
217543151
986781648
606264558
559808578
24963961
68758400
234937222
18916432
128351027
236956880
507269126
243803164
847728764
3135691774
3020594628
213792440
2644167680
212707805
25833264
163598742
300381547
13884162
1247845879
23119276
267929245
2873390187
3229908828
437727297
2728672957
70024758
115754870
633212404
26759989
35760964
2512671896
2427899833
2902651901
1431892376
2792314472
74442505
25324244
137030229
1431564204
28121122
80297543
1682028421
254873869
43912076
21007962
15689167
17844215
18209323
156701165
15516549
18311408
3437983533
27037799
2207906810
2990889808
23496474
25344661
18925174
26578598
20936540
31468295
3301355334
3376128499
27703930
247723476
38495835
15976697
455212095
20635826
5392522
1322716063
386505292
1349500574
15012486
2812374028
28785486
332637055
16664681
15754281
2561597334
19159589
14173315
68798732
312887209
421605673
792660210
296474643
368988148
362594918
274665686
2884102383
2394398801
40933275
322230095
177307325
2250521738
2250484914
329706765
327636745
2250786565
1325060899
1113548072
2325814118
1336649826
1689733130
2194672202
1490478559
1638536491
2249155280
3252519077
1186874899
6446742
3025389764
94262891
1849215534
18208354
3382530555
34291036
473128664
1264676082
145257224
102133945
78370416
2191453208
98217945
111693211
2194467582
1326925206
1291738172
1543811382
111687522
2252451776
1468173330
33240765
2249143064
1327498592
25539928
180505807
194114364
36921540
143888658
513542745
628329587
523269695
2906867723
2981606896
3060229753
21878458
5357812
18891923
484358771
2878768800
55329156
455306401
310424310
102751218
312800783
54647745
1097268498
2250935030
2250493730
2249184756
2250537602
2250981276
1480057195
1320510932
2191420994
1495023828
25767155
602103901
2967027085
593360775
587728068
3711373817
506204724
605979431
1315337754
15808765
2976598347
2962813893
45641358
246372265
28407251
3025266412
95511687
1917731
123974466
35778956
9300262
506377993
340501586
1403871902
27675227
29407288
25728028
469484420
184153602
15052787
15455893
157065866
105040178
77245044
500200629
21762433
116503873
549257228
3218035787
38952563
3529828337
325348543
146250466
331058416
18658792
21043564
895715702
2906421651
65958260
202722747
20409967
3434964591
16076032
1879359727
16675424
32600498
73572581
26163517
20837035
3397108749
17471979
14293310
2097571
742143
5402612
19407053
1652541
25053299
18949452
16184358
59486068
69620713
28140646
59736898
28164923
624413
16334857
573872971
48797263
1398070111
1322553193
1603696928
1324893817
1300899116
587591310
18856867
16467567
15450996
10168082
14730894
86177206
44209472
989446776
1360003400
24704564
2712738462
16513416
911787835
114624280
34677788
517703317
2714795814
360166423
21092528
1369895352
18740765
38496375
16589206
590211920
14669951
843826399
52077282
51241574
16032925
135163305
15393337
1117578692
17997990
11877492
39520162
14179819
18917882
1367531
15248150
90484508
37599575
24978710
2178133856
260297418
106332067
47450366
14321517
398322371
24199314
34425121
987185179
11348282
87818409
34713362
5988062
2359926157
15110357
91478624
4898091
2467791
17629860
3108351
17912982
14344823
17539497
73181712
9624742
125836382
1367974088
95824431
72407393
14179165
16312001
34795502
303564525
26152149
16911432
56261100
108460311
74789657
41982514
78037872
33386821
19843052
1485518252
44295087
118843358
1962811932
113755194
2396193776
20106852
14817235
46931587
19995503
204870137
130521412
26033246
20087313
18065572
26580478
19081351
551706246
610230407
2320549058
212212614
146665753
1382011333
613725908
960696949
20023814
17877155
139819080
236915325
78033328
23365981
121220263
834084241
1357786459
123953890
111073776
95955871
297047872
19081001
19404587
101894425
301672010
15207668
7402662
20733972
9855382
15647676
24752484
66369181
93712903
27263740
384967376
287413569
1074480192
264996175
56562803
2215592053
23022687
975200486
233842454
1347285918
19688992
954705516
216881337
11134252
726439806
35039490
18643437
993451813
18380551
109065990
14505245
40878677
428333
340645158
454495536
146095589
85177942
2243787741
39279014
61780116
3031856625
15850799
240734425
860978904
759251
1723060020
2325881377
90223602
879560599
1733818022
2732590243
410347993
374750784
2927099314
216420208
3299940461
3178765687
274523970
234420886
807333859
17076218
807095
275341519
822584804
1638248011
