18948541
77822208
26988955
757762472
1285595438
14677919
196749708
22613875
22415635
22014140
14125317
68942913
381502681
14128371
63262403
2583889045
2842462559
590080464
1851229334
62513246
2233154425
51997943
28067981
63104215
121722592
949314973
1647465306
239063731
502053599
63132954
2566535282
74769064
36740457
21022281
966113328
14159148
1344951
36041901
20868447
1166636564
34941106
21393069
23844538
16432083
1397159869
2916305152
217749896
520449734
431648445
15846407
17020962
81556396
17336417
1536791610
1542533869
47318453
15234546
1075005146
1877831
335455570
28110788
39219035
18424289
4970411
22240612
18814998
380648579
51241574
5536782
243368411
76067316
24744541
29908667
37904694
60891099
47606328
117023932
63129578
14237373
66985635
14114267
74217252
14332159
103065157
813286
26229790
71016845
16343974
14138785
788524
5402612
1652541
2097571
759251
807095
87818409
742143
428333
87416722
1562489929
995794254
18213346
995425794
14779474
63442375
76025893
306174146
68110179
302009663
21203563
113002313
49636886
309334506
384012621
262623077
434201709
54401422
94099672
310989708
361536381
33188722
58545637
402227408
82394669
226615290
303913148
354359244
394778242
81873660
14353627
375283933
19813523
188135850
35462739
250542236
21418129
100220864
198830228
302084654
219773862
370663879
39257509
349256001
27008101
97210423
34568799
36015085
83799088
36630865
68293948
298498731
56665161
235267574
70372722
25966747
19899057
28625118
42741077
82037562
145222235
138424176
358998379
358973993
17728274
62156156
340930000
20796069
28561266
43731364
15317564
19642243
39602599
31372070
16884455
15439395
39966546
22472364
222233596
105131651
38897276
34239885
54869011
79293791
38158815
22694656
17508823
62744996
78934954
25485210
73903104
148313737
90167316
24153510
148719241
142640404
191549310
124863123
28706024
21862922
92073556
86270361
83359317
34906198
89883122
18557271
21863377
36027595
44358121
40896060
15962096
41002266
64664644
21209685
21606758
103298704
116424914
23358756
117428661
80079532
50499439
32835123
18958988
92504118
22412190
22133753
62610127
18321436
29364542
56425411
26203711
115096641
165570875
19131821
44588139
11256132
16365040
21289986
19902330
262853908
273382357
23521237
166739404
133880286
64536649
10810102
112390204
232568767
