14509057
40516848
2935653303
1536600704
2158879572
18191182
112532754
153550209
1651669652
57722453
16117304
2221572229
68440549
522530914
14677919
20245775
81894289
62747302
46479088
164713706
30694631
38142665
380648579
3322723274
223970563
23257880
14427663
3234065312
19091173
18637344
2833131422
3416687659
17839988
18250756
17825445
161163311
1347285918
50044510
50446226
21684189
1923729505
24789175
412227503
14119839
15533253
58523
17626317
1911600391
15306005
113461409
91163178
2342471184
21144314
1913726850
417771562
20100039
36717995
948154826
15595638
18437892
3428602577
2172
2504413033
3240907120
314542577
94226233
203062827
239631785
16701438
961456560
55049476
83374478
357436579
63648093
1112588304
403154598
51208097
282675061
16684336
463831168
313387477
15920468
55678265
1284828757
538337023
21368060
552044121
75936862
445853862
86674165
373758798
28583197
718400590
311989458
15378049
16404687
17118279
18916432
14007532
408244773
23022687
95717760
479813224
115564212
2302040018
57043553
138706264
19084896
1643302016
18648965
17790274
18843839
19653892
2269093894
425755312
573918122
354990034
21634600
63901837
15816595
52065935
83925942
381592902
62427131
41655821
93999422
2786564756
42709697
2557096956
355321621
14360757
13784642
90580528
2273558497
3219461544
15372377
34006429
882108818
16070978
13799612
221849969
2589934219
116221921
228825966
38793729
624945989
2872040504
23839835
2991847975
139362186
575827106
92398476
100053141
165458946
67683130
117794441
1434315109
86981664
860655841
2937306532
26225328
1408003598
550151502
334944709
16866617
2242869492
69567123
34613951
59861123
6044352
13118492
454881483
938803316
14137844
33938700
13850422
685513
14949454
28852952
2848365898
17572133
32455614
513406896
59627487
571513012
10156602
42206719
25362174
107176159
136713693
126002546
2239350253
177760832
6486602
19816859
3092629269
2275254024
22495264
2733320850
216871083
14606045
297688038
756331316
21252618
168857946
388576668
248151441
590123108
322699008
2916305152
31108229
15319555
78946116
18964696
217340627
190360266
1627961209
104237736
564919357
28140646
957306920
32372834
15862891
121817564
105358412
117662694
17471979
1528436052
1384707806
636671322
87531173
61891624
31467470
156169587
3128087469
1915336519
20536103
20681253
3315368252
168674628
24482932
333366997
91220126
35750107
18978553
186538014
684983
3070784225
14334727
18216985
348284120
144118243
4107581
1544755670
2534173706
883619466
288363743
661403
2889924959
32115557
1400466500
15690382
235348644
205622130
98795912
35218566
961445378
454119389
19899606
27996915
73813227
141834186
89826562
14512559
23986914
26559909
117850965
38271276
1634286397
2845225981
11895882
298785229
23485648
160553951
250462468
75843341
1020952663
18819527
813311743
2401975454
41337901
20642377
1900999111
47536751
3081811557
76519084
22118500
1265305506
62513246
2575131108
1587357648
88714944
16652134
15632983
22046617
159562452
3508060755
200163448
15708823
3409617095
17521340
16386704
119625403
14268812
2929712764
20290445
96459558
11266422
14377870
36542528
21919812
52092278
2831665301
19066345
24691376
2304351980
59159541
65525881
16832387
1585987351
2991948728
2928912143
1200383454
14058908
16117029
87095316
59123957
198521070
1128304782
38296990
4233671
232235048
19659769
19336500
27687672
14791918
271170321
29090846
14784016
20434246
22215485
85597287
263675612
2710715024
55419844
19728966
22001973
21126842
22573119
470850110
121832664
2928209793
77844768
3308352436
299798272
285796758
2862375177
36771809
9313022
26780558
22022795
25116466
344425346
185408277
20106271
26929496
45897573
2849713467
3111721
23431388
16184358
2550621678
1000916077
1855680830
67691067
64054704
17899109
14275261
119049214
336218991
3279330570
38522371
13786802
313537605
3420743427
301108020
57047586
60498485
322545183
20793816
49749998
129694634
205195655
35474809
2655321690
26329195
12612432
118304939
8732322
1154906348
18653221
2391950825
2548737602
18697888
399440296
45561740
64877065
20787623
227373977
131891655
16001789
1207654748
3397108749
266178979
316686040
220400244
20536157
1023072078
2605027879
249150179
16402034
1548489476
6604072
21059384
34740650
108729594
855097322
11219992
211620426
16827148
16930489
82687751
1684720207
44674348
32500025
145747435
110533080
482227150
78961309
108698552
30056553
233384112
250188760
292495654
37300555
59598109
33768447
28114096
1955095860
18378801
17638487
37373131
80305178
2645602164
21612122
501196426
83972205
91520410
69034924
17486351
171613435
18213483
14700316
18650093
348010067
53987594
435202527
11203972
18259256
1237910922
2801175997
783214
15742985
167716675
201152544
23206653
59461347
104900714
161920845
465744481
185648582
360723990
15392486
624661805
17566680
27530178
2508274848
199459698
36626485
55648493
24202658
474464413
784845446
397021017
43325463
29901201
14574857
1487249858
457439508
15111202
740109097
17814938
2472630098
14351575
44433400
16028049
2325986834
44664072
2716019450
291951344
15012486
46698062
17607834
49848627
768843456
11211372
15091003
22369754
1396857607
3144928678
201730759
19923293
3308149762
16931849
16343974
236026761
33024442
166150879
17296792
605419220
3358815388
8273062
4157611
338330795
21323268
2678158656
357176410
456910776
28954941
1562382607
199859626
109034782
413344125
281114173
2696503964
2773439308
77040973
116568685
843547003
1078042598
18732606
3332222697
47101500
14401607
18593111
21105276
30050899
5743162
2369267588
2767804753
2949131574
239313282
77740842
115414241
28587284
1418720036
18005085
25058787
14372486
3075480662
71654321
1086485478
48168973
7847192
413327797
14133964
23995748
576311383
21872545
2249008987
38021361
527942610
176212078
160726522
13284722
15463671
22783783
2419565479
15675138
17912982
47707475
47034524
1077570072
21888595
232901331
80617430
191555835
27689907
415108463
12804422
5225991
15057943
168531961
320027703
16655930
65647594
2879656962
3111140416
193818082
3233630988
15384023
1599821586
29268287
360130010
22058057
18047695
20534083
43690961
34676355
40249285
94162164
2918099233
543931480
423058146
93963456
19658826
2848269873
1963298556
162671556
16547677
199400127
2182412918
398088661
2502531268
37530443
3105906979
14293266
2312144515
432613133
100413913
198377806
14837962
16787084
22083639
2224947382
1451773004
72763332
185280748
870751068
15936257
186154646
2437228549
799269764
1472508217
627357044
519825200
53156275
1448968128
29447358
372922391
338240032
239048635
258805021
1876924032
1578519660
19326876
313270388
174829190
727472528
122963684
5135521
216881337
229441348
382376904
246355446
134580040
18023887
23815359
201902948
492558033
3048252359
16896485
65691824
15571421
20248442
470315561
35857899
3393521
14344370
29442313
63779713
21318903
159951505
141525305
194711023
1655879810
1499958241
60628575
5625972
2960531741
23745072
17467413
436182619
554367281
1949322637
24926516
88939038
711816619
2498920249
25334900
16910331
472203071
49702654
78530339
1630660314
863395752
3110937106
41814169
1434251
14606079
2913818650
17525171
15662761
34629240
235966510
2335762466
274991683
121513732
218982732
19802879
14505838
23503181
22151193
16496156
2875343207
49114382
275947853
16677622
36038606
73553243
2163374389
801393944
202677149
165952878
67719573
1335599142
11735482
882814387
1367151978
50286440
74721989
2874630952
25541932
373258946
19038849
6996832
20329875
2602693411
89300772
26012202
17995712
23053335
322618609
71364118
1537711831
18145849
55525953
2467791
1561206282
258146125
21114659
846652436
18771477
14683128
253928483
173530224
121764862
156052545
22663414
11970082
72520597
1112722104
223509017
54311364
30180486
910574448
290180065
20652415
1697153281
1160521200
18551569
72573705
112236047
15918415
240107748
19417492
140134100
10718322
109958517
258986469
1452412040
3115195553
18806753
24046313
19621110
14687253
30003420
45895855
157054878
314847803
76738760
735773
1677509964
145600904
119110363
7235452
313657292
872139740
14437914
15922214
93069110
2451759192
14205258
19011374
15745368
2296584721
52257344
37534994
17044233
50325797
434957751
21918310
326255267
65551087
20067841
934378472
16213023
615262221
107280646
117748506
2954844376
2717694091
1891806212
15866188
113504852
331044298
2855889758
19774757
15656913
253450662
447129562
17514354
460272173
21334160
2320925712
2429211392
555207245
150281740
817386
533832747
913744615
1149747402
260741931
19407053
15559134
168708945
216664881
16459787
200598764
68576370
2892374536
188401470
43464948
356413307
635778252
1579352264
3017439582
17248121
318063815
1623287251
14428289
17446304
17171111
424804272
32423136
19711765
2244134066
2584611697
359104448
11522502
10876852
816653
26576457
28321706
83665853
20065936
112536878
15808647
23455553
20622594
24142010
6323872
1147666670
2223046914
2313603936
15357910
319175529
3063133703
106716990
20454297
2480951
302666251
1482495738
95170848
20174852
15647353
16744558
14112296
588601602
418597196
130314799
184951282
20002004
392955882
747822822
104667820
87416722
184006847
2280470022
573957832
47113735
193307582
378320340
2827051945
2914536196
2587623618
203063180
22633452
55615408
233484761
14443463
394216985
27029537
58872308
23462787
26531880
18389564
3064991447
20176114
871766546
61133
16686144
38060989
14850840
14813320
14513666
426389014
97035806
15234407
20936568
176372472
572225652
38070814
266203810
2303789407
424509230
874916178
129857557
2340568345
2330487584
17001533
9695312
1433356862
20173932
36326913
709853479
586193370
350379608
46220856
7144422
2517295430
19286113
175521254
90275200
2704857546
267512876
20581923
349816997
19527964
633980404
217477505
571202103
19370031
14944532
312927309
329809276
18957805
203307838
87016821
9207632
178762820
326912209
352053266
255291612
3013791774
1019909521
16580226
22845770
13334762
18050303
24576397
46959037
49862014
2886378168
14412533
340937282
1687822543
573894782
632344577
71070614
2347049341
2436389418
17706336
53606937
2907161980
1781551
249013720
2811924896
43620520
325787456
242907470
1934588731
2406353654
510013612
316327930
18462539
446744750
86977818
28338433
1400202860
246966663
2149293558
459872442
48463418
20608701
236548159
21135496
17845789
19892364
73222627
48035974
17877850
18686907
1090556088
34743251
17148682
2325963542
80669530
449588356
440519278
17897744
29725730
14780909
84351228
493758212
886973394
32604273
14277681
2786197476
223223376
37711082
124531391
112047805
119519642
16906137
378206995
435704007
54961522
1393741722
575658149
36692856
15143478
2983295300
224351791
747579979
2366194867
25692368
14940354
64643056
122650202
2483009695
285399460
44678417
158769098
197516292
60658989
28327049
372475592
41197522
14159148
478849885
968664853
32772630
18393773
117759812
176673601
22055226
281540744
47734671
252398355
1390045662
18721583
821896266
67706816
109049296
60783724
26563557
73260948
461421839
1921134331
520011678
2329066872
14834340
2902546372
61230662
458966079
71256932
89465917
1835411
2284066573
16438248
20060293
46319532
16630098
15446531
24801121
22571485
33602654
86886925
47349506
18776131
10732962
620654544
2815335523
15734636
374848872
254530710
21661279
16336998
15736190
90983105
17212474
20474878
255329312
17217772
18883224
46573982
69004966
18031210
116876375
17729324
520034151
31127446
18649764
521149616
6730222
199732904
38630618
18144581
1512677714
14666934
10344812
321299775
80069355
54645160
523340129
2860590142
951876061
34681960
19826509
208442526
2726636191
401897225
15473958
253536357
17217640
40707340
15431856
481943972
14647570
33192021
27882000
16815644
14465607
2195241
1154347052
161023696
36972997
91478624
20562637
630714493
1684062912
2168507623
22040152
2161535521
17446277
16810581
28442324
20629957
18999501
50300831
34125658
121291606
469194846
29465136
24129206
15309804
19355829
4620451
443944804
19939139
181299399
2377522057
11348282
5695632
1128371
2735591
14514411
2418213264
18247062
1725606482
26607712
46176168
72831048
79783264
36442614
21150492
15438913
952112047
19416225
111054522
481598648
146569971
15414807
2711648695
15676118
2348845914
2783239412
13745872
369875107
15782216
22938914
78385726
15492359
14073364
2444931
13957392
8383592
16001827
46498477
53122252
2222123156
44196397
289420613
17463028
14717311
17994509
22685638
1161840631
1372853570
17573212
17486629
213282389
192700558
192693307
1043097751
303827856
128256817
426435179
24236494
11178902
1917731
9300262
742143
15918708
71624794
363657912
1175391
2359926157
224698363
572195942
54885400
87321965
26777878
247723476
270412323
52577339
14669471
1656057482
729076934
267929245
14344823
15207668
339822881
24795242
14730894
69201760
146095589
203226736
35773039
774393817
14345062
374268208
88784440
18856867
16028382
233842454
14669951
82757875
18066665
15137850
54282660
757735268
274023711
19423085
1344951
717313
51892045
482305428
87818409
38021307
1074480192
14529929
15793617
139409902
15441074
1068831
14174897
15028398
20633535
16172991
15224867
16076032
205541108
20094138
17368579
379397275
21344507
8953122
15865878
75360829
26309215
16267101
20688961
18466593
23070306
49162584
380285402
51241574
807095
225962422
41635723
5402612
23484039
17365337
1652541
5733082
3108351
9567972
703039974
116559622
148435933
9252212
20199542
20748745
158865339
17636894
47411569
14982350
15859268
15301370
209082416
17783366
30477727
335369838
4816
17462723
14292458
14139811
2729061
17894909
28126796
188809568
16203018
66462611
27104958
105962892
109158902
20609518
112508240
38865415
91353229
24238553
15313452
18712958
18854850
29453588
17933810
21354449
14502775
15626912
14808390
20550976
15703434
14367767
19031927
15085591
22733967
69961398
80960461
32729111
16935456
9297182
16815990
72930584
16079201
12163402
15343682
12611642
20008689
25203129
14830184
19529306
14469747
9926662
22804156
10367
25074924
32832835
38976060
30514084
14164855
37707048
14397336
30065033
17420216
9973392
36063690
17201491
15241350
14289835
14661672
25882138
11792602
18335055
10837182
11095052
11233922
14319082
5292332
14150855
2705
21826156
17975837
14242983
6480302
7975062
15248678
17391223
20945853
17126835
22631376
15468017
22166254
17156257
14942713
8253582
17537529
26541144
19006934
15446126
10373972
1143031
972651
