62747302
130125697
266571687
26031424
847396122
20120818
64643056
14677919
69032746
16717501
70385068
279504960
18814998
1877831
16973333
51241574
5988062
87818409
18949452
14511951
3108351
807095
3667235592
2988992081
850731068
410017939
500601538
2328291021
485612401
766518662
732708278
98388319
1663002102
579954894
375249420
3752072117
293809197
305449582
290504249
458536417
246201741
3724299138
49112479
570929957
413094187
58091515
475739750
238214712
339965424
357740026
261636064
1117532101
155264719
47763245
32959253
523259744
24929621
407830752
1540528922
1183111178
333599847
393727145
15621101
3300366361
23617610
318717298
428146880
64265063
521798758
421389283
273546373
431515016
345398958
244182741
441153856
136181128
409582092
52366199
714901142
292754197
243204820
5120691
408795883
386617211
445733434
56134105
412046830
539494526
420952536
466811250
578796089
724723129
248260839
542434711
615541227
170641109
2461029246
21396868
1183273422
1643196325
286220602
2808311504
78279812
920722640
1024926798
1676587574
477118338
2666143236
2496702292
2878635204
550889196
333268176
1282980336
138081901
216289357
337399038
499715287
351470906
418065734
2382007699
326359913
44084633
1915012974
592955675
2781921409
600408280
440919004
547604101
42606634
139787181
568518633
238706265
360510708
965706379
375478760
428510991
63172203
22764187
821359926
65088918
44860908
427219698
585155044
2199871432
101782785
481782081
780263304
2396478595
1115071638
329326758
46666299
457330897
526263504
243368411
547624576
261609730
1834427036
794866087
93214982
2333883700
493169948
2883841
49251491
390670328
528833982
272052620
851273180
242118850
1638384368
606776750
1636332378
226155084
2248551103
256061128
1498591663
185314895
110827653
1464000252
35698156
998072292
735067082
70425256
361478461
44638576
322627682
482201580
298545362
414987049
1481786138
473897651
427721039
711447816
1103403716
809500704
47301285
461937879
1409836603
52032722
325559976
360099220
282904926
37181562
411449381
553795764
327685302
1207978982
599985251
16931360
282173346
241185617
388683027
1189427058
14159148
24296476
304909941
151821941
72565585
571070656
575510104
636621956
443611652
1966445221
425280522
799622288
481530929
609196611
793810501
120177938
1974348776
24733117
625724923
1075316353
1337961716
20479813
414692185
1058820151
93069110
404071799
269901192
431984048
1586610055
283721660
540987194
268820272
1321616442
69069459
26249346
11688082
256455213
1469438028
225495353
2149973089
432587651
1551909120
428333
5402612
275558381
611109758
118629205
423656000
398593054
424241159
488495176
1072915220
1244602586
438236869
9207632
262299947
562159218
240262402
1665159343
1093147880
915652532
979565550
1648854134
1922490258
1182536400
1928132928
361611442
1925882954
424963917
476235772
270797371
348632309
1945036237
1930388797
704479300
290579007
93484066
22428439
614491568
491447223
203846782
370118602
208235152
434224354
316053407
55105249
464692152
195143862
286335518
500194345
57376479
521326332
549180727
273054326
59126044
794441160
294758200
33475795
259596543
122994639
538285556
989244540
367150399
47448886
48956231
386267762
15007149
142977623
774393817
185740795
265383790
250478890
24506246
543785249
476761145
1327775185
28075616
203476567
435837919
43669003
1256663154
1430758722
22077368
201501752
757303975
763777081
237651538
746630688
479934667
756524256
46247180
186441686
741182076
33332944
112695546
300726175
283599082
925187700
422199669
482831858
69858368
446510988
288196328
305565958
71480431
450403577
537061252
47607633
227799456
422410316
284672810
116335248
610019690
14948924
420446609
750047334
225543226
503650636
14897936
40908929
15846407
1330457336
291110371
910876620
576128035
245690054
478747112
410764075
424177487
459166191
255464983
812613596
518993215
440072927
706771033
473908472
284961812
251666067
399603314
67681433
634073870
102760961
318274369
27944582
417068854
148644929
556906105
256908880
529707441
260691669
319106703
484317346
39630328
84286376
279019268
1053692101
453330513
49318709
356756640
375965766
71516564
107490559
618703949
324800274
104557267
561890956
154111177
301675059
33344290
163716610
500704345
357706762
18601609
76873978
157261654
139087462
627015615
966112368
426573854
157574765
149586593
56074839
246540531
148274324
255664589
763419470
347565200
731356753
325833975
243658468
234054424
148181641
217841998
237701065
47634588
496376629
246683145
423316341
169274239
103886760
301994889
27593271
37543624
348435087
316109767
352545891
253812442
79330665
259776725
956256691
759472688
515865554
843424116
47961162
247908003
263929049
243317941
243658174
101704542
173183813
373230928
891945433
25365536
16122373
336496829
7527852
242926548
405211060
378924365
458301345
460464400
200333678
204832963
453861950
298627291
165908624
55966664
177689413
14940354
54292707
271606317
280060644
125656811
258584659
7707662
245122113
283022885
83691143
121887978
446020162
233464012
735547879
246709350
85436197
175883705
299566836
407054921
246740933
26500486
192466449
18578912
420275716
297305018
21316253
88540553
81937499
227649359
615583655
34371118
42407972
383669897
183433057
587611448
36631282
80665218
118314759
802637719
55043362
151452079
295306092
273517223
130681675
399306711
14293310
53683990
190656763
409486555
39009454
582964607
348220886
376072494
262457844
209087553
169215309
272021782
125700614
299413847
282596094
350985398
368157378
598049566
253928432
96083073
831002964
412424346
263125568
282705059
24100116
378711821
128472974
474779359
274583859
51431207
361249255
112426154
50796646
71068496
145979594
166513119
434487176
407950950
229403548
15113339
59654365
269529761
199035262
269940376
531707563
508700911
153442746
14699241
196924909
288144358
397457492
397199380
294763122
300506526
259900771
403394804
499672328
627893
60598920
3655491
219256197
608583
397219443
260755391
233514899
435218636
122307661
379710539
41833225
260162879
142561273
144105935
46863574
235891694
131284750
66591836
23573083
16589206
159068666
43318750
180856272
285975836
184013531
78105672
246771029
314198283
20609518
41429377
321180322
64385029
268712740
181906382
348379865
290081566
73200610
48302217
430530678
281474638
114775132
253211408
564613375
262844912
462004145
301362965
84981127
471051963
286601240
42575689
452300739
29701712
492472770
8283682
42038084
168207091
212967049
21481343
278235826
470307418
126787836
49021794
2467791
63079663
24797315
46636018
307599016
430223328
80886145
287160113
373898417
123667372
171536011
387086167
469231312
51004668
381164520
261900515
54997026
455398494
211143590
355726966
20837438
254314577
443681403
8886412
23079148
258345629
65444755
17470346
25049177
226361737
327880595
305233814
79942437
76321868
101677248
234786786
48720006
18286001
49694861
257278894
114444910
50323634
308104032
374258883
258307818
162248086
39621814
237256137
130682467
263900629
80895456
295465390
34239289
288221058
62566012
126337195
100569352
201712702
256425610
146191485
27832808
295123952
69181624
17004618
107359225
57263994
47414242
45796503
2649991
45875435
44335525
262611171
16281428
24744541
37628540
268423140
240760882
38749120
260619899
5536782
251482675
293769086
308235132
125851115
267899478
269225854
5520952
813286
158067539
21589783
9576102
14159550
53148951
18249594
113420831
29170793
242306235
19482174
53632197
74988965
259822238
189591533
156015195
24265090
7489012
48104391
119360445
230288829
3416681
1921671
2168011
259162548
18476522
21093785
14700316
30313925
1652541
24876773
16862260
50393960
16570878
742143
67080108
39511166
214821759
148711787
14332713
788524
255953339
9510892
34430135
51264901
188457869
23188724
91056589
177941018
245784511
36412963
25333609
14517000
137975002
266552963
