2271652531
14136972
2515654982
32837875
16721886
8771022
2166987656
1029154596
14677919
25073877
92454351
65108529
2279972278
590134499
45704784
2222298714
304459002
284039935
22951303
22680141
2472837046
3152706820
540384036
208540726
56545093
22821613
68458356
17422483
96625884
243028381
184596818
15169907
353132602
36044344
618099866
19429305
275170584
69657741
257048195
11522502
14868699
256629460
299714015
1852322136
27045965
2213419177
2588159850
38019242
595815232
155625554
257049306
37578208
32715874
218178751
29141741
2499316963
31168579
37311546
20351695
34759739
477556886
3546786687
3690958155
2828438498
3958052302
41619175
92051199
34312352
875557634
2678072634
45167659
43785441
2365706244
3754660587
2830471136
246103799
48760089
335999794
207749306
2986813762
44009156
3304033259
3317294383
34318095
480535677
1006826503
2438615954
1239422592
3313300575
167534778
16656216
3418750535
3377317773
357521650
49783954
75532114
201093729
425434818
30232532
18472501
3107897715
1011428221
3026938421
318474518
1961014670
2930737642
3096912539
754735897
2180430356
20262083
20793816
20710809
52529779
15897147
487236235
147101696
1380083972
172033337
312558617
320670448
2924214510
3354244943
80592945
54993272
61899677
390496028
833606718
3312247109
232342189
249328822
26892157
185634293
2792767553
3375003695
120810572
34668015
206692858
281779390
250978604
83867715
250850075
16274400
74202440
188490178
122488568
459786116
346312350
140980226
108700164
163924456
109348938
87674836
23861988
212989994
1467537390
60927740
17948831
130631028
130622411
80349611
130632074
61200893
165905136
15030677
28206743
56477388
68432208
52784231
43698856
19708968
87016990
28716779
110775637
169291609
251164136
49663422
567440698
110840720
65773523
384163459
31583155
27588709
24056446
1920642672
3108867159
47796779
390349228
1542735746
153833998
29493065
47797696
22851407
64510593
31176167
14369314
18363030
16356322
3194601889
18027568
297486096
22650211
5695632
331057915
70287204
17139668
47073715
93873338
158855780
632210824
472354749
93468307
130160106
257043817
257042660
62841976
59177036
238280060
271495271
309978842
2289922932
2385845052
19725162
22386263
18148074
2174219034
397345090
2325617149
2373336912
256631039
257037844
257045923
257050479
257051696
257101815
257107119
257472659
257496004
257099969
57884290
280465567
280457634
257474802
257479163
257093769
257478057
84067553
164738291
204839500
164805115
190373714
184920326
158857042
142752443
130227549
2690722536
2923285335
567382382
2847511266
2463304310
1349116362
759251
111442477
21915917
18058364
121291606
3108351
67358777
25053299
91478624
16896485
826856694
2470123196
514618974
2360185652
257524620
39279014
14511951
3044883959
91195821
451228392
15864446
44144212
1138618514
16299627
262013674
2548573830
14098555
166740275
78650716
19738476
99144994
266637564
199288584
117221554
55117855
436034490
25388051
453674625
79174763
211906825
20452568
149851733
20513752
99170583
379226663
3194786117
2285868259
2775899003
305221457
485160212
815557454
3193406609
254544937
624889485
33920667
2281735519
800611184
856723315
3353244502
2201712426
3298689913
314111713
1270055930
1452969600
579995383
17469289
19407053
807095
1426548096
109660695
272112899
355285163
21030857
189200128
186598799
117506202
3172797061
3292399565
28782156
321450898
1684137775
50316649
6449282
5920532
41338503
16271952
19028615
1691827158
16379018
282735852
48100887
18812301
252763592
80676273
25321854
79238164
277165873
52070270
607289206
351061942
1159688618
1183984044
351092363
479882421
551396262
374171983
501932384
1517305459
302924309
253808023
256626704
256634784
2252025697
257468730
141558822
98423036
132568319
93867641
128576807
77294069
94434053
287869148
257063623
633840378
1384538101
120138344
88697754
104923212
257492232
256624620
256619869
257105205
257044647
256625819
256627871
21757802
531385407
24964138
43107992
2571017071
82994366
527016365
36693910
2677794420
2242614325
49405038
2242930578
66010495
1315355869
2230284422
2706486697
188481427
49547455
36672360
292429522
15485441
40927173
459534627
987553412
2196094538
1965679825
52703279
12967512
16558413
2471291515
3014700796
2225459466
86074036
2324523587
11609802
22877164
183786816
182908022
15422277
515766565
911766210
50677180
261333412
2899406596
2173949172
3196860127
38167858
50550698
89460903
36385840
18198403
56767959
20264905
12701412
16225240
7744592
