3151000762
3303138165
502780475
279146385
1713921181
3342642657
41631251
2788594848
257003509
4019211766
2805604380
443118634
207965452
3344431575
1671709880
1441703738
31080039
815690828
57928019
50013899
2558120862
362021609
473790649
9636632
3222333989
50875828
617291420
1881767984
36218435
299146398
571875659
69342015
1004650284
565158179
358386329
807095
54968190
2436066827
3305080509
2932446341
475245887
309825517
3285383033
412004273
16510540
2381823158
3006463331
147499260
127123916
3038463439
2782671329
2515932955
67424923
184477052
2241127867
2835535414
2822652571
586032653
795237534
3710074034
66499232
2621556465
2177206160
237620107
3012658567
2547050562
2955444162
1973626706
3162225708
17525171
2445583910
4226927059
4038367759
2291730332
224406581
136330606
2508544010
1963073408
88749392
1136858335
1259754847
3851715974
2846409211
2706942870
189164472
852360432
82092252
27195114
787076336
20808507
3031169511
991578427
3270464934
33291834
4005666132
2439091243
2816169404
3526764921
2792629059
1498753316
3315352448
17718497
23071286
38779878
972651
25365536
14677919
3939787152
331698559
2834221130
3773949676
3203128031
3497026817
2248523180
2372906845
621872020
1872620466
325001314
8161232
360173263
1108695031
17748842
2741867721
570319000
286958230
3120381130
2931849191
3064971177
3972966856
3224275142
3932795235
4095594685
4109107873
4114159647
2427550422
372467181
1420927867
2726700486
3387870239
57194290
2603139422
2803150890
2975216305
4066600826
2847926257
2975233172
3784851508
3491146104
3379112337
3541544773
301093851
3422184088
40698923
4115914978
3402117567
2350292059
3431827575
2599299284
3169575533
1152232351
2893099659
150847279
4072044973
2462290183
17370519
454665280
2410047224
231727152
29387706
714428815
288859635
4180439960
3266624216
3249320444
3195870617
3301193937
1852068350
3438994672
302824460
3256564377
2999660438
2174486078
3361513414
3318024716
2784595295
3015770920
1611518767
201380226
30976800
40298388
204011608
179698132
41172008
489909001
2770664586
25559114
330777785
1439715234
3014070624
259713028
2765987505
3423009928
3383096974
2483720768
2238136284
3126992225
137800252
2682841502
587811788
4080152242
614646192
3752206288
2602635145
1886690953
162094759
377080913
68541493
76966092
611922523
1581376849
3026636968
3995128649
768627434
247182884
3221350457
475545445
3078997114
1032684380
3130822295
2925809279
106950971
82672232
2898816343
833959190
412745750
1658700679
154647635
182676889
3842399897
2152647218
599033297
470665006
3154139181
3661448594
2763949273
3848378656
2962615597
3850935432
3172691837
2895009632
732713060
2903794590
2160355129
803588749
2799103945
2646780606
318487803
1634050584
2339269196
2916150217
419614004
3575951836
3152016346
3321659698
2642954953
749683958
86969832
446089988
2863202331
237490776
3045131776
1317821952
29586192
3537720436
2937816161
2473980098
17919972
2880898404
3739904832
3602171783
3092515463
2900676030
2466467903
88022041
1462317296
355784391
18731529
103167711
246103
3314138003
1018425775
3236802742
167827104
281121470
883150386
2537280844
502330440
16265878
1199477810
16397983
972923046
718183944
3377786951
3010503266
131720345
2283646980
3401822619
3296173916
3315394870
67145744
2209824867
2821039327
310072711
17446621
2429611878
26257166
1124888953
330705266
629794295
336162766
2740735622
2988438731
2945636316
1165481719
256167843
1491299712
2850531166
3161646699
513195993
2334340969
3081603003
232611873
2896178256
22030851
19408454
3035486994
3032671584
2407060194
3317124474
30932145
3578851872
491056230
2733242731
3442416018
3302851950
2724057378
3103960368
2389142430
1316551165
3409658309
61195275
2414926694
1691105335
50312549
3502048752
2341266151
27283297
3136630969
67424705
2438849011
363910446
2819619468
3327329749
2786407097
3235503270
3003964715
37599351
531624528
2483410144
156833011
137892753
1528146578
3406601237
2884164265
2960047973
182384817
730068464
1244406043
573696878
465882513
2149377696
294930153
830115948
1152446810
1319533950
260955516
2159765580
1107374772
72306434
372506807
2938309221
2234610206
3173791294
3086375259
2430634301
277343192
3938976873
18857388
2900700165
2344064497
1324190474
3454767986
3374031987
2975496860
3070680957
3163019179
3557065215
32555531
3302778261
3130578469
468764739
2359791403
1854119959
2319814051
381308778
3868291276
3527913214
626256603
2915520109
269956003
2746720512
3276549174
3087106934
63012110
3036057022
2587959098
793771309
1897962415
523060215
3024111531
1184132275
3219574542
786848701
3447246612
3828935115
95286037
3789934694
25278754
1361061390
1042785398
2264748445
2714939088
2602070834
2515709957
2652499394
1668003002
272668369
16423395
706173913
21256170
3341385628
3180108746
1057580732
394724663
763642
958316126
111220716
10228272
422822329
1222881480
3327607500
389279609
2170942711
15836013
3184527864
1239557828
3523659137
901899878
27695719
2322723667
2940430677
2792920423
2572145916
2940934140
398898234
3170619773
3196598100
3289937932
3829567115
2938497915
3491872336
1440275318
817794536
3278825575
3131428397
3247323324
3544435522
3222207983
67625793
2748494161
1109541367
2337791733
15754281
15012486
28785486
3346314687
15485441
3022613785
54560434
14173315
201772109
2557521
759251
574204051
2563734218
2884143425
153233445
3223862528
83611105
13519192
42809909
40953271
20281159
3266137838
459536574
3305366220
3255116905
62682978
459724066
254634679
268423133
220023209
313805912
265145276
92180014
220503361
238703279
329756663
99725968
139544237
502081037
920188164
2486304745
919882195
968119093
2808788890
385816116
1622761195
555586513
793030740
37986002
2483013049
453084486
2865584804
2766050231
2781666875
358078632
2513124416
66422288
112918314
89330165
38243812
37016962
57586364
33623859
579085713
15443867
1289953436
711294241
1300047990
1564348284
529632604
1674285686
234833764
2398639260
718804824
2462103073
2500975454
2890039945
127941748
2394694183
749945072
1546757144
2572712829
1279444878
1675193354
3312448913
2309387484
3436225810
1375137366
318333376
3732048198
3403314244
107154460
25521487
3025463301
1111631222
14511951
1141334210
43116410
747431245
360768482
2929179841
1531432831
2610603692
1344419454
17943285
420912766
3095583935
3234211435
3245372436
2353148970
349172093
3341703773
430011923
80770979
282714070
2274820003
2789047232
1027087062
2997829471
3692579716
1019327492
395824229
2533468094
1148765527
2928056729
3008913945
497374323
2703870205
21492835
3122981269
2940805353
2919207541
3562747993
3384071902
2731914666
1078088167
3397208201
1117889845
2270832548
2566234453
3425058309
3057972302
2888752403
29555839
46424167
57567726
2435974477
1329916556
38235993
1393611908
71343336
366293312
37332381
21498305
182444835
162235000
52941675
3170424171
475970582
2296849956
974441856
2542218889
16193598
244237521
143194209
302183590
1139803758
2800505292
2353716716
3178006908
3308321541
2491185523
3219602660
2834033225
3318535699
2821334291
138584469
137886638
1096368456
2841547330
19777398
3416673674
494270470
428333
1394399438
21940170
2570888356
1488108157
458465640
233870904
516019589
84979326
3524498123
772597069
2815645597
3077099353
310316864
558814834
101870982
72447379
5980142
265005397
116993264
21268217
61959300
207854974
957933164
481107671
2739068814
2241235608
3253566420
21027409
1056391920
29993822
249788274
200786998
44073878
2431828267
520398033
208729480
46690019
188228035
3327582082
169751370
3327587921
2246155639
40802896
824389184
348090254
514767494
158414847
2298871851
2744841631
2777832908
3298741168
2772401372
466026571
2959357873
46946199
2772153547
22575165
3233373754
2848713804
2513209634
279651044
1523219580
1240911973
2907996661
147734728
2365765033
2851534454
1148797159
1362506846
444486215
33743510
231922005
3331546093
3021695749
233812289
46767136
451158122
2950962565
823839877
273748289
19216532
140941801
168835308
481437240
30547075
2770430750
349296946
253308892
433299277
3086331234
16664681
3241470744
3283546812
3131743238
1278564168
24578456
78413327
30701569
382796862
239936765
1976100908
1467854322
944988116
6487292
3253608894
812794724
1056395898
2709385357
2924593731
2437580028
183485832
25690199
32306022
3069658804
31685342
31023725
1493380111
2799497249
2342790655
3283703047
3103270674
1387582050
2810047327
19384683
3308394206
3229969634
433057151
333916148
29059343
3283288225
391210637
331620114
625016581
612848530
795007183
995587728
21342742
19697415
14920785
234966107
21982720
586726522
813286
14371242
50393960
5695632
34507480
62736055
19397785
15846407
