13992132
2097571
5392522
35773039
15492359
807095
14677919
79783264
16459243
6655612
3266848870
1538818580
87818409
2425116660
84689960
19536830
540812894
3021731130
338372004
17602022
34452998
259497342
17616574
19179093
66300624
15292041
177783108
8520332
16220088
2751771498
125071102
718022586
3146807078
28070333
14247591
3015943962
3108351
5988062
608540134
22580958
571202103
17279473
247462443
573918122
24505955
2586925819
74311500
25940364
87727037
2306321395
3182062628
980132557
35542365
38120542
315463335
1322074652
49510889
160151390
61154313
352291922
76427443
580482473
267883541
3304816956
574113453
2384662998
34854572
255284668
392399365
108440286
351244950
56200396
192404190
92423860
23139145
169727433
313817837
2602675074
51687055
2993061323
317378407
3293869463
308171831
115479572
2915066816
544582652
1602558102
35407853
38391826
3314248591
1373356422
759059508
2995139815
166045977
14392236
15913384
49798981
766674594
74871400
36775186
3235531640
25258898
62375698
19617105
166163754
877704792
16855780
29553652
168863606
378143547
261710732
75750970
47228524
22397269
767108502
3294525975
2800101300
467909935
90474646
308093534
483513096
1886022992
1378173198
76791884
258234145
154327349
1282731302
621341939
15373441
33344402
2371200608
1654322005
1955259529
2905513537
2696651348
1565571314
3295545472
44858692
2875203681
112865128
2385821989
538358091
212693160
1268561828
123378347
3231444620
3322693178
240474951
116296045
2303681078
36775745
289727985
498345171
23028774
19899612
2532817476
1411550762
3147473677
447810526
3410894199
39231391
25734838
3187859143
215732890
283316014
26546679
30427391
250683543
1163798725
166739404
1385927138
94480914
2319354828
41161499
186651180
1391364770
3316936632
3148936597
2397387444
1605749120
1862437944
214315895
1905514622
112026464
53670991
3104009305
29320170
61897394
91261761
42750652
338658831
48212793
430427095
2165060521
453446949
88382334
306571759
60728295
154064609
2858957754
555778708
1041300991
163305275
88539658
1849613216
1511378220
221923060
604384549
10454082
612582099
754922480
77990581
160828197
577234235
269533827
586949079
246080791
313291629
1036162004
313324205
501316722
541970683
85985478
3313567050
186556427
313995371
1654255741
1321269486
3262608642
421600414
15819070
3245788128
81569304
45791221
137848003
1360522202
33668199
1367666388
222298610
42286921
471415453
124920676
1238332356
2780222875
864056472
95152977
1642514424
15699886
211722189
22439724
169351014
168324562
61283755
171421933
43581848
17078159
1432296164
17544701
576076452
1614131514
399679616
2444812280
368040650
57432955
152541923
17267738
225251233
73933196
541184530
17550469
3314034271
205514759
