1595505840
125122481
3282294270
475292738
2495700853
2939352273
903539845
3319346792
4084527196
2988974865
536636942
138418895
21342797
21814628
2834494978
117662694
40297195
18164420
18665800
24569636
116930331
2440252190
834316544
25920031
18676177
2846058853
2542375742
2249227194
22735611
55131390
46260680
52320140
76842602
1240407498
3192676196
788524
3122998811
31250140
1937357114
43675737
61181934
1002698060
246237246
16215552
1059194370
742143
51241574
1652541
14677919
43234702
2836421
20402945
28785486
24600452
87818409
344634424
19720747
1337785291
44564878
187756121
3027036113
3043934764
186272170
867474098
3034224741
76966092
334520151
2932155266
1153766070
3576758714
1023072078
937832288
3168446508
2413275636
14434063
3146765047
2790764784
242822343
319082495
1071777608
15824288
880058594
111434806
42899832
3301536586
21147300
2467791
12144232
709393716
2360874306
194398917
2272739412
2786660319
499435681
282508308
129981447
388555493
15745368
419101352
113047940
359708028
2495190615
24136063
2797055862
988837885
1910730668
34807004
92425442
292022246
23369261
27579077
54060016
41074464
500042487
30839635
452102835
1092378031
91478624
14740721
17983196
16213124
61455757
213182364
43475594
1507790114
286686815
3028299205
2833147516
1381203330
223786815
47940279
2934714439
2222154486
511389974
9609632
89856037
1963890170
212023524
18550018
549304456
599696032
109293542
2524707338
163372894
1028293938
2777961511
2719280713
2318611723
762656780
168606635
169894192
260062202
127765218
412781038
43048160
502531529
2846609137
2802408798
1029487634
234931628
2785074092
2439937172
622188626
807095
963247633
244655353
95784432
452678207
214413743
956683886
2620116906
251456839
1442429202
2300576227
40817342
2366610349
471033216
112983949
503748718
741941852
19273963
2650159837
263985862
2733930757
246080239
82022671
135890983
92874830
31594104
624556771
318868273
1470692658
1963358702
2434617228
23949957
302851607
218939578
2478093847
40068395
323524221
244807423
218847307
59346947
300512079
192812753
494052466
526095706
936328872
318255742
558249770
2197023325
1470687774
175452679
391223134
2399042852
61781260
14700117
103065157
122994639
567628377
603898183
15007149
939091
139986343
16789970
15764644
1115127925
507026258
1591083258
41431123
218887833
396762175
988166166
585255867
264035936
110625811
740118727
253365400
2339426593
226888617
35466620
224117266
854512956
243504722
407555802
1448118895
311072227
293539344
354777730
1191466099
633223321
2409107857
192870502
32848686
166857588
2310980448
188520997
226786353
415964941
137890784
1538839159
325925805
127723154
790842841
1264286744
46020276
316896650
363085432
60515373
196349572
461745007
427786410
604677779
61764914
166106613
284770152
2346617754
2147592826
248464507
369125724
418991973
166655653
871991101
2317867567
204611888
263417921
816947664
261620269
635421774
94413908
156845839
323910300
1181206123
2274985106
781641980
108806865
56083645
41792085
454423088
354095873
1302583196
818212956
181913019
305832508
1388258588
1282429782
487843424
479809444
18009781
273557471
14740392
1360035901
14740227
595211619
41520312
216299334
2249968148
81556396
29387813
187890010
45022448
78058750
162962004
1437127572
2239884031
2230987464
514960677
1365309175
1297200529
450946343
978908012
208073965
208480085
223282435
256781040
184966814
861083240
514549531
2151746724
52608486
75944454
113303820
300538480
16678352
1707321486
127428320
69151411
91041719
487954349
486124361
96050699
412656361
394471665
29610999
247358046
1468330632
865758326
1086485478
1557315432
1582853809
1566790596
28079634
314281909
1616163054
1614964267
29561483
765168330
608148699
97893963
307755781
183063452
26053643
1141410445
529147678
158724410
36573752
15313320
17828468
19286024
390548720
374253543
150524831
300097935
616906012
557919972
911147132
633644281
928955522
867905113
742205504
369963289
232800905
174878891
148083262
207023423
1094778319
393918235
1289874200
239728148
123278845
28287525
88806389
1288083338
121953691
15485441
15815674
86823243
424624761
167281867
75945637
87903148
339476278
177123522
239320509
1168356882
266952829
145122783
266490491
223063646
16319888
822671456
129673790
147869440
41718791
356893311
350334760
36973711
533780972
358814014
175298380
862200522
428913011
114795028
28739612
185142711
158414847
95766807
74983704
51721595
219251853
30016344
68999404
75069067
1330457336
757303975
37680340
1339835893
103711636
15386108
224975787
114782856
61391941
389841047
397134290
19486877
57678396
479378387
302027011
42365343
1017363385
209463426
137198586
460590893
237967235
515883730
544502351
31154169
717623257
547922610
23818581
181912800
18865456
185902260
105971448
104799646
742923708
182803523
378460963
470790815
96899655
29098641
468286522
121688539
460546145
362922692
630111284
501434016
468089050
1000262514
326104123
135180139
725496920
110840071
733751245
1272991
479411176
260207527
259191165
872707908
450441089
306075711
385312904
274765335
361549476
501560365
911622583
515355918
150611354
45112524
931491925
352078462
573506710
467243844
411394856
21833626
453875549
239937667
859433520
795042258
222970566
759208914
488799676
814429939
185615833
23492901
15224867
2884771
47459700
14075928
144130505
21506437
19571299
18948541
44039298
15693493
21499292
54682125
434545375
177501065
429035507
409089061
397788853
704887794
390044412
401765749
266995569
626432709
297820184
375510622
511204996
270097074
211451772
490982935
23537122
552632832
480654225
473565017
412801575
591467588
467880331
15456745
333278810
124113114
587317250
38717228
25206561
252291818
474493404
24502450
404451793
192779721
248880052
366448323
352163271
139925143
288062769
227609260
14830896
251965342
176888549
24882286
477275569
266475211
386409533
516082515
423149581
384658720
219238586
164291016
129375242
221340807
185527889
190865605
224846346
136090545
21724653
369302697
63724071
478383273
548364108
26179831
19183953
18673041
33936357
45076752
479063661
42812068
22256645
32201814
206079538
451586190
130684475
107907690
358864119
218366867
569977082
224965041
79051329
117407834
166058055
89308231
82267228
238343689
311873733
267451742
81474785
399815196
65225366
99830375
87363816
68939842
21777177
45847467
17885553
80989226
139876086
166076778
172145243
65228881
43837158
186286647
21367580
190157503
177838266
163767202
201926773
200766076
46007139
224839276
176015391
251890113
251889582
65202448
252392717
259449625
181508036
461532484
228299509
424082875
412845000
360380855
393842481
350922801
330022883
317708215
271292659
285395562
94358834
259597381
92424604
322331937
298071107
204002663
271690376
261930468
264663187
215138502
20570629
491581948
78519697
392421094
164117344
355741893
250945374
466832562
514001006
471528491
114685387
49223858
531881411
376568882
90319576
21810928
16303106
140118545
404621700
372623020
39235600
15754281
16834659
137663870
42162444
190638538
128219555
165700830
470983439
339014616
468391963
381366053
105691292
135421739
28298107
15378041
78941611
440799283
438255694
17331252
430561901
429785694
425372013
20015311
74361628
94444788
70069109
17006157
67853109
90484508
114936799
401873210
304290185
199211366
388197116
387484618
63889630
400643174
401794637
85363141
60525003
171637126
199182267
371649211
65583398
9300262
26337627
112356862
25032802
16542390
180913819
367015969
132731802
14293310
17220934
369997926
77888423
149092200
98981062
155823836
196530731
27996451
18791763
216177591
133093395
45025729
23183563
21469205
3108351
17692554
5988062
64904483
26607837
39154586
64644122
428333
50684862
51492686
166953120
235937796
277242683
92892933
45512887
85436197
106961801
66649935
336859669
253365030
26227825
55459700
189014016
23134068
50055701
174866331
20762509
36612498
29402333
92724677
171117515
177547780
20559705
87118217
57181602
32311602
93766096
43662276
150943098
34116377
23403321
44286651
267570919
68640609
254515782
22439643
243865694
218730857
18658280
56668007
166941174
153264772
179011520
148601889
136816516
201702881
783214
14511951
1367531
25093616
16581604
7713202
65493023
20713061
15416505
19394188
813286
14224719
6017542
30973
141052723
24447643
50374439
115485051
10810102
62591681
22685200
19397785
20609518
50393960
25073877
8161232
24886025
2768501
16734909
22333048
29576445
16832632
336116660
122253954
174870384
