24775410
27814665
168857946
338157158
819800
60642052
275686563
30261067
105189289
2890961
14372486
816653
1344951
972651
31353077
90420314
115485051
19329393
40965341
23482952
95904216
19247844
32469566
38292798
14791162
21401466
20177423
24034209
14677919
3012577500
759251
19923638
17969108
993094381
851042137
428333
24917529
459557733
2889078373
12701412
1121213196
47409572
17150022
16929349
350450105
2191076826
37971731
381923899
369113487
116901903
19521983
45929232
29873935
1916151
98942778
20070905
148484883
25513558
208644280
292702247
50826280
229148202
24923783
327596725
252352789
283599884
524314738
242985920
495751663
823905
30364057
357850742
437886162
391607238
193066344
86572714
225469865
164771178
156679562
317625341
191709252
56814021
58462957
348662630
50184111
57393165
24599923
15574305
24591544
7040932
16855148
138468913
194723698
28762029
68851721
130954824
17446621
26090755
34819995
15921793
78968148
27810485
253776518
19383285
174089924
73564616
53193336
174257311
114905478
73674314
167155752
25612932
158556951
43237805
148496087
60395840
27091468
128263500
58816328
27083523
26378747
311610895
21208444
20642650
31228985
38190358
31119337
16228699
12
352762344
29257521
161382594
129734207
18012372
117520079
18348120
20749292
18895336
24421464
154539349
136361303
204491797
40984125
16305852
28867927
14163738
44787537
78400205
136359464
59557446
3085881
14363197
7938112
38313257
151920151
105208812
273480819
84692564
60169328
19274270
254207644
28184728
20601457
223968031
243847729
243781400
278708734
16109222
162080386
40521177
46442771
37269308
20800328
14202246
10922752
94124057
15067872
17395814
90746345
21208238
154713841
50432621
11744792
27511085
113129685
349767109
16116995
31183437
25170188
242420502
19074134
42811653
20639369
18224213
20661539
15131310
20710809
18128265
18129528
17796018
19195914
15380717
14880616
18676177
48442572
23518723
22009731
1440641
20622594
12804422
16661296
17909625
5225991
10848842
20089995
18201801
96610271
36806802
275256072
172501174
51355629
45703661
22686795
15933910
30947351
262359713
40415424
23235056
176206048
45792701
302197770
105392990
16991075
44000363
243803494
139179645
44577650
2317921
32707312
15279429
27389854
22346601
146520122
120027724
195844532
39098034
193171627
135687341
29620099
23843880
24844457
156377397
81454560
14222518
25326324
19546942
178286886
15281391
190915906
119908373
41515592
181840075
25913173
19386403
24844148
99837490
57506632
61385455
43952326
116882980
17303943
149622902
45017604
35549780
15934926
126553201
170770590
15196747
1680201
25267437
20289223
20574635
49360126
17737145
155011948
20276964
34298169
77810669
23599540
18752457
24838711
22840959
21452800
16174335
14206711
20632528
19685167
77451646
125798713
169615841
80739505
163613388
29692115
5578812
90025958
96584450
23649689
74747583
20086998
170837956
62075720
35855953
89581570
169421658
171186047
152107569
71680153
170917918
78385510
93177100
91451189
14230524
29863027
19058681
14808307
2057421
153474021
19554706
150502306
158701609
131643866
40978340
60242883
33338596
17145442
20780972
59535301
26681374
22456796
26525581
17475920
25027806
40076725
55748107
52161849
19538986
26884171
30704824
44415931
43746202
21425125
39373595
14802856
106653604
26591324
19838850
17029676
39125834
65844657
32627322
54694822
18471132
30352167
119282607
15912441
20205952
66456148
83620836
17908920
28382497
57249277
57515129
18405431
101629378
38234933
32888743
38242359
16186288
68551510
33681442
115512618
125218027
21223022
127005426
30171815
16684257
16817174
117347308
60811278
27054435
24224382
24139243
16191064
17191788
22048072
14514716
15919502
10007112
121899325
117547294
16969069
15145892
34047280
21887323
20456180
25456580
18859454
121626016
21893626
67490601
21575420
47778362
18496863
28630573
124823901
48270710
37387336
117798867
16814783
34326214
104993809
60960937
13438512
21067580
118240432
26356332
22574461
19518925
65537932
7069422
32496437
25785336
41404621
62147377
43194668
34947001
121672981
43245634
27627797
65666021
24290468
124311194
113553823
58531975
34344873
4144821
126487164
64919272
109325228
28669595
27800390
125919129
124934823
16641718
113238461
20894444
17978013
75363451
64959948
100849806
54439999
58407373
69203755
59065240
71413402
25081520
20475748
32774989
18452994
69637354
27387610
14715981
17352063
83249461
34741439
16447588
23954988
78359853
15422715
28409701
22446724
29931919
21631096
28140961
62581962
24560931
48938473
41697270
24095880
15118418
25203129
17194296
19624059
40253716
17233958
34532530
27488077
39970721
61890266
46835005
23800248
30288492
23106112
23585763
22313603
17683676
35969019
23797653
23556388
23175686
20746504
14505596
24407263
14399483
15265269
11448652
16002563
4435011
42241870
18188440
42092736
15907720
20225875
19999141
14218186
7957772
21990826
18533317
16183814
25109223
14403430
30859943
21490165
22708140
16796268
16103650
17956318
18062787
15576509
17242874
14167316
6382062
17123892
16336086
16651924
18017461
18423137
14348574
17851917
14718073
15951152
17791025
15427619
16224075
18624139
18700656
18526950
18557300
18734516
18733525
15755923
14480727
18775072
16884383
18414465
18808417
17292744
17819651
18479795
18572379
11350892
17567665
18848613
17999328
14443202
18965443
18036243
18910220
17783755
18767931
14356416
17007696
17076140
14938663
18996170
18724596
14463440
18768755
2367911
16347551
15109021
17597830
18966728
15655285
11281542
19212009
17463660
19005152
17625499
20380852
19390810
21365185
18420140
18806753
19594580
25589776
18665800
4278201
23624565
19310266
16184358
27042513
19791158
32004130
19028615
17909306
36098990
31757342
22842982
23173711
25873090
36952458
27845072
36863032
36882441
20545731
32180104
41103441
17028156
17526930
22871715
41295751
20928931
16237184
15846407
21207539
18220175
28353364
16190898
15285490
21447363
15621623
24331833
24942315
26556122
19397785
17461978
24954835
34347262
34402316
34348276
34386225
34347216
34155593
15616733
21135860
31352592
15384777
29247452
19451882
15397886
22595798
26667405
16362106
23372997
21499292
27457788
18228898
18022904
14934818
23006794
14523801
19404587
19877186
19784831
11347122
2883841
14506253
16129920
18863815
17220934
14515734
17074440
14224719
15485441
807095
2182641
6449282
780457
33794429
30085528
14119943
26366444
18209051
25439038
32178928
22655747
21937983
15349986
28390115
21798994
15432881
17471089
24276342
26059857
26809216
9209782
23599214
28713644
22518807
31011574
17263932
20620332
9714202
6602302
16516623
18072717
22551514
33682980
34019889
8852492
17324220
21336468
19255870
31524543
24724558
22842280
21116610
6342742
17926120
7660072
24826410
10327492
16072148
26643018
12167622
21773736
28414234
30357507
16102452
14315387
25165072
15432147
30030807
19959195
28893734
3665791
21700929
27486829
17881583
15601751
22834216
27956062
28157459
17272697
19998368
19671805
26331435
18176148
878731
25319725
7711902
27252343
14654419
22203329
17236746
34008463
15771604
18652032
26390561
24383129
22744453
32675517
14954662
24803301
19140783
18150346
22714064
24134545
16968464
17907799
21837261
19568471
18315822
16276174
15899268
24979886
18027594
27160098
24964924
33025603
18222211
24438108
24110469
21704385
33397810
5415942
29636928
33954167
25634864
20172067
27742855
20829105
23005913
29835231
15601354
28144378
27189250
14996270
23492839
25139056
21371067
31037286
20458524
16214226
15648159
30268388
31431199
23498129
14272300
25821977
22946213
19085493
31270667
25147456
22981451
