15007149
1652541
742143
788524
14138785
380285402
35773039
16973333
15438913
7587032
2467791
14677919
612473
5402612
1722650852
16194080
73880751
3003812217
3248525117
176824969
14845727
176822367
19655985
349219385
23932994
50973734
96102210
59460397
63886603
103533476
487833518
366129591
294081601
38146999
1198887463
858064544
133238328
171920903
50998548
87922339
13850422
30313925
161801527
10228272
1636590253
2245946990
166739404
554510636
2714672935
783214
1536791610
50374439
19397785
11348282
50393960
813286
1093090866
1339835893
25073877
327577091
19224439
205789121
3316330337
1909598810
41113259
41814169
60783724
14293310
19701628
759251
