35344018
1033027590
2540615958
754101056
541643764
169290921
16320752
23477487
164111222
18012058
14518077
16609196
27740013
500008431
111792986
260437711
348738507
28862596
325788481
419883740
592156917
14629315
18635026
15802107
20031242
5131401
1059194370
74580436
52024540
18227888
10541702
86960703
23664560
47367719
509446741
214818415
429658413
763707823
1209897378
237584791
30011731
18434259
70203101
27540809
20545454
16157577
15527589
50574640
24976277
17719694
33986890
274619572
238302152
17476472
27089681
36942406
176873382
716889936
470228160
18178787
703657561
82551870
38237277
5943942
370925717
19687289
513707204
23574772
149662876
15901114
23820535
18110947
68087525
19281037
1491330559
939813528
54332395
67992374
18494046
275091289
19719769
20006437
22840721
22018221
18273368
131125718
495867806
318536064
20540031
445383035
213846639
44903885
18893174
27864943
102208685
1438426094
222328915
17093617
456482377
226085497
295821382
44677043
23878818
2321469060
85152024
29825057
103923445
25504218
39551204
105606999
24143898
18913721
281352069
292754165
1260366252
42171826
101060824
5135521
2249590315
10228272
205437050
11257842
73296395
27450176
70395337
47786101
40076725
891844694
722932488
435952861
69170362
38999293
19169275
25194335
37817723
36772266
272209973
132240051
1484201899
202379160
262981013
180990505
111774660
18468501
62901679
32340023
23794293
149698700
400111747
2470432657
462104534
1726324753
14740219
365589972
2360623656
217278566
2575675376
263825030
29020189
23853371
20031354
291927107
347065906
28394901
258692713
347940364
15958130
157065760
31558050
18105044
21384852
1226372377
23845619
19818667
21392871
18904436
25099840
62971680
486927315
21113023
126101083
637267644
45996424
125772967
23161070
112736741
106627494
879789817
25983057
106648442
2175876524
39846353
50883209
6681342
225078239
975132607
2174480637
352017493
19955298
118798373
16566799
15408276
1466488657
184849143
239760107
191165672
15553222
23056209
196925561
175383567
1857146280
1154917790
26527922
49450929
18978948
1936241744
72788388
22880507
348288809
462334660
25532739
37162357
24938771
318096431
98418871
43522180
48812282
260532124
86566054
468614906
87630219
31601961
5444842
15908078
237027524
89045313
123390103
46436607
33427781
452666167
111351652
40572559
30618215
23154989
16317715
17945384
22045347
40972175
43185133
164549584
71909126
15914779
18297906
135634594
18308627
25179560
69267651
221829909
57162282
141075315
57472936
90257329
10435072
19415621
16303076
27091195
237414634
25144658
45440988
108971296
17655650
16331010
375952523
449939369
15901190
3108351
64671799
61024352
260507490
36460597
160091983
97293474
282198216
15813516
36511031
13784592
17681513
268866607
108382988
2172
15776837
48661644
807095
38313257
20485076
20187034
80764810
253294853
26692407
19618421
18261133
20002517
14166235
16717534
19015761
15565173
186178148
15518170
43237591
316972604
300982621
795789
16847141
527049750
61346129
21265120
161158324
61124978
59150974
69034924
127024764
6352012
704160848
8480022
29547943
26679748
714798204
234053160
23106996
15980503
217908571
900393222
404409170
394590995
50184013
52786633
17608719
818120270
429949336
402993250
706023367
127805430
63279722
28458604
121596221
16944165
15910041
195951022
14677919
106010958
20187443
5392522
293175909
12816062
20472792
842692290
45974502
22049881
174958347
22143532
749841805
15586554
1007391884
251433567
275686563
16634635
892231226
19253501
1344951
49931119
1025268948
164847095
16324679
18771549
191912914
34700777
6848792
29315067
24827928
43541022
17297982
1554670884
4409501
1268382337
69653890
2881468385
2922062688
388207038
186191960
776876166
2204264826
360720245
436483472
7255982
359042935
473518572
25835734
22046461
15780166
20087375
2474457103
21522437
2925441313
33394148
862542728
54451153
64554647
3196556038
90773253
15027176
16459787
130189387
53192051
15661871
21560378
17919972
182510752
1613918192
57735579
14408639
2853592457
25734531
19726058
105730991
18626783
2713223209
229149032
56280193
3233815033
1561448815
250978793
2514431024
19141004
35787166
23679858
1594044822
46597488
19806306
42808892
2177074008
190441693
26914630
293369538
61677534
31268233
2918954396
76272800
10081112
117626419
40983194
73502200
67139171
234178445
2935339099
1363086660
55117855
22288560
1314883734
1209418332
136220221
2825842543
285742426
1345446434
2781179738
2409595531
1676089584
123266709
36836693
32136168
14166714
45414414
22435827
15814350
392203548
13017232
342922268
53985952
218599191
2392078021
15840846
242996655
2385899011
16077201
18033816
18308919
38117104
299926774
353940110
172574504
82644905
1730223355
386292599
268320627
1630896181
560321637
1581850604
419719338
29214329
35586062
458497212
73425125
370414491
142821625
154640120
93932271
731974962
1539473215
23910469
838649444
1583682332
1500329053
23634351
19160272
594556232
482976371
43604499
592716542
112278816
16631172
521812759
135638665
16355555
131430034
1046076030
18226677
61799001
2236224961
97573361
106855430
609466203
482282867
480508668
57087149
517790669
178056819
1912324495
140308178
50704598
2372202367
1895740021
13809092
16742468
122536398
17965843
90598092
143812589
1638564823
1615884794
16046255
20844663
57917516
547052703
221467546
2578220413
1473538206
27890540
20959079
66235118
16543775
12219162
218523764
19778050
22948692
20640328
189821179
67026664
47810807
15446126
231814276
434341008
139514276
21094636
94891659
234779587
20721914
21530025
91478624
26779584
2443859780
1649344814
2359429231
142441229
15066876
15367660
376895269
14323188
15432119
491350825
101416186
185722934
2320782300
707830526
16378093
20779619
2275167103
18278629
308121802
2439080965
2793108707
82384947
17563292
57575255
186489227
14885549
16467351
376294802
14413263
2455597411
224511725
2374178096
23558062
43968744
762938250
2481072488
628138582
101970598
995554633
17149356
362618753
1362846738
16314021
17225211
16683656
18924406
16967571
52839239
1176924918
2661332754
19954665
63663664
220879484
96668049
78475669
17988156
88194066
91285767
50435929
3038825970
83433061
3063792232
3249052761
1674464906
234264720
442239664
1280737226
13049362
243163874
241272537
14089195
314901898
1517107201
2319287592
18286505
415859364
20348431
11127012
2741263701
427061010
61312712
18038269
19801012
18517910
9636632
24202152
215197086
15473211
3806553495
324769147
42585672
1376074490
165837668
3312617938
111682600
3023215940
315011008
13215132
20609518
128906076
418888059
714913652
17925031
316162735
58455639
17904774
360087661
22736017
15914468
569644877
168806905
626842949
391787551
321174721
258132731
285708729
36896855
75544059
64593344
15816699
735168876
21610878
276540738
1414092102
28594057
1119355939
965762910
426222068
222581788
105063046
44449412
289079179
271478805
634968009
287801626
432885784
86426208
20922014
240415129
717487738
16589206
314889843
1296469530
34780417
1421529474
1457911274
1959553580
1883943246
1931426150
1561869368
23521677
524657792
508411551
299251780
205411207
2322312333
2324692670
438410352
295450222
1525373298
602884368
393488321
855692623
69728887
1897739522
31040780
507456235
290842491
26023799
131998118
18233822
2439005785
1377199242
18664088
2446455097
474888738
1486334130
18381396
2505176762
21717842
23065354
2367982981
2226771500
2861482550
347802136
92914375
15861455
1074772994
763959596
2879948613
1955117924
859954885
506408259
67368685
2511790732
450472517
2417113141
2424219062
2496588554
271056526
113245250
2434771820
157206546
717301495
166327178
616389458
1233288608
255341900
228913196
2572992972
1689968946
2385989186
31016273
2841216423
138282960
2755555879
579600267
379358088
2272204938
2467968685
2872776489
2965078564
720716737
2859304624
288505896
328311822
1875015421
3011692203
1613445074
164579472
430264584
117242151
396904695
1063333825
3503317948
3826191160
2976563836
2462075274
3342493449
44668581
382456771
3315327794
2661297524
2425614888
2387604625
484295423
1720565970
2457351332
391165938
322172447
1440483044
36474207
450955272
3247491746
2772295899
3118428840
527868959
3074927972
1447233139
313484140
2500328724
540240346
254888377
1220082918
2320348861
1866318008
3418723313
1380508452
579321062
2612550174
3299142614
3355376219
637210339
3737918654
1197956922
192417115
30756275
2844444308
235445632
4114802354
2847752909
312718042
852246042
566000947
3656698881
396319628
37599351
3271972128
593096847
1319165947
606851436
852096386
324673446
377599373
36534124
599716921
1629377917
1384245210
1227897068
26369606
314963922
39345210
707634774
2467637286
3824698529
3322630615
68902200
412618310
2231753292
371992500
311242531
307424354
20892554
1963067108
430435217
265090483
3915253636
96150715
329583882
377061654
30978716
26323495
876772332
2474755129
554107663
349502431
903067244
62209809
443348706
3091954330
24554903
2783267600
2171621089
811320888
3670993043
3307426526
3258351298
1684524458
150829166
3254836640
2909399508
1549674192
606907305
59324194
4003178369
2996642290
998730738
3109312423
959635268
330743549
492674361
304289156
2337135774
633995066
4015321818
474552708
122411549
129305612
405650725
526765568
285775311
3015723057
3587985072
1500670819
3247855938
2745382306
3075828920
522934487
93201087
2455796502
246629505
796934299
128462086
121856318
162816630
173614607
231486501
295519759
240566112
119987824
3313618166
3253814412
452540168
2211881706
963128210
3301451607
3123556766
454440179
2244656960
2521622072
2273854682
3038737999
103188265
47749765
36526479
2848167146
2354201707
4074432384
3310200175
3274881751
423559553
54280805
2906620366
245629836
602636359
2332705687
4068187696
3823518513
4068247394
2302231494
24550812
1645989720
3206798087
732461256
145172752
3417781043
433568106
1799177952
181289101
360583490
1591760472
2767022035
19174318
204500684
3646952895
2768264441
4079671594
499048102
63305983
411759772
4113068773
4101600379
3310740588
2964358052
311699273
4112126615
2513412239
1319756563
2344790723
3387555255
3067852538
304700643
3305877829
4106247795
4062553813
732867871
1060316984
3276620352
3016111674
110161294
4124956763
2925908172
449121710
256238642
3222649181
437342173
1380082002
3587328677
845034326
3762468269
2727975921
3478549342
4147801545
399749494
365377812
2789032054
2973761293
3804485356
215388092
253311146
2727039565
4158024411
2741915948
156847356
4166020154
925099484
2899039691
2985496816
2956442363
2921268661
223547644
56871524
596607831
244904182
602444844
3070987759
16009605
3340993881
207367779
3295186657
1372492891
3013589764
16842663
1918034250
447680640
3630590840
3119060374
2227448185
442189095
1546603592
3383941743
512968340
4166053935
1093468681
3627068296
2664903283
154790635
4077376154
2297311651
410149661
497647693
561610940
2780022426
2462465526
2951627101
377495318
329304024
77433877
60143443
109377653
1236831252
618476944
18574517
607682926
383830912
1206859693
1400354269
3260394114
223344219
2450638572
394525846
288906386
713728904
482434789
328036916
387907944
2763146077
3252220526
1599608046
409453322
49523095
3497150053
860093538
3506083765
187987560
486270693
318675356
2888080247
480867401
35070460
382427159
1699762698
293526192
537930006
479062149
237588287
122582127
207896229
534930669
933125576
1541986868
2905942793
623420437
276133865
237508976
61959603
1408772521
2318106848
3849900194
238763290
2951403729
2294501281
217804077
42062617
3976479853
2213648904
175198393
535994476
154007043
4019054112
3340949834
1026998798
221041116
149967720
3374635458
1724090106
271062591
28209990
357953332
148349943
3266491674
1158588056
3803169856
438074787
764922325
2882174387
382071441
2182702914
2709669938
2658613624
1674132204
3945773956
243848609
574883110
141253239
1571403330
68779917
29105377
307633996
101114507
1129949546
3382808722
369886462
3039168353
3384730102
37498642
470622993
3394766410
3282079410
1318234536
1414072142
1941744950
725470489
2842864770
484894955
3214065508
2335782702
2258328840
525483841
1136091078
547203118
1900192554
3324168214
561747443
996430176
2731401485
3146678395
2309389838
3432793011
631788103
1932691208
3437716684
1089083910
577580309
3310841436
418144655
1536350874
2229510750
276187679
383648398
184111242
3425045555
3633738861
3655326676
1959637386
549888810
2787993350
3322867883
2567779489
3676803498
3733362080
3830711477
101234575
3381258335
24240635
3953115617
1354430504
3165216982
3192410304
2222266222
1592262416
3025628551
268887114
3527751869
4054763713
2760004728
876550261
4107084160
3295513428
2714079503
3298332648
3041688647
1950095527
2636295668
3323554402
93246055
2899720763
2711507547
3314071231
148895522
479852331
321132078
446960731
3429942765
557036340
447600631
2851199517
3524564729
2793540040
3400772535
2890086396
2307279073
3239995768
330004077
392445784
419052561
1255825376
436458983
3944226466
2344947935
4093299261
1395517440
2227554387
258490502
4097223027
2326328833
2573886048
3147987507
28006779
1325298206
404390917
556388850
3629229089
3277655246
258711651
3607642699
3164728633
543754457
3751774755
632461147
240102495
3092621405
407250798
703677376
3810211636
3847400609
374328683
161004492
3823447697
3376582673
3644651121
3252889985
3900841755
364044843
1317368084
460222394
412275220
2444369370
560667341
4004144307
229558680
257982380
284853581
3100602011
2203338684
2964917165
4027852006
2891325029
2152014648
416915610
3861474261
17419743
1489290445
22515643
1209516660
562818456
3297406137
98927137
3044637807
201881429
3423647273
3318157806
2996142242
3323009247
2561919308
3305344015
41466189
1117378262
870141272
3033125904
2941643134
3697649052
1544483366
3605016499
2207687790
235893061
528613875
1642387430
2891781469
764799926
1199407310
3355422165
2255469114
3333215253
2810185940
264810275
193554134
1324849166
755566416
2179595635
2895126401
3310876734
860673590
193997285
2916108432
494264590
4017670937
122875396
2470714330
2924498550
565834072
83895600
2857803381
2432904175
2468606831
135623907
2165662321
338131897
108819000
3404953096
2884687443
2341180808
3233074559
4049799793
3129500092
22221569
4092968893
2614588212
2858991778
4093447402
3330478085
306001264
2382932539
3394924701
4099068794
42272514
2374616436
1433964319
4101522261
1166801455
19175464
24588689
613100943
519149141
1969899822
92072820
1104584426
24751083
2311024848
3398097729
102159181
1594895658
89833884
220113663
509469408
1045993639
3333624045
3490894814
3443911874
3133753766
3245662572
3183818196
3567626115
420653315
2430064902
260850916
1902715482
3322715261
3247672490
1028810210
2740655623
341102194
248352724
846947108
3613153212
1833160574
3059968280
1365591420
2175348644
3413242005
3333582159
1619018281
3718234637
3047933735
3075792109
1102632096
3555583274
319239737
3696810852
1188435716
775221276
443179932
1247663096
2832965789
2167554649
2602391976
460588375
176103865
2588345780
2417918108
3840465459
842993418
3649467973
3227766086
3865421427
3323679323
327028454
885883429
2389711058
512131590
3333184589
127081391
2800190732
1007542122
3910143423
357110661
974200020
508429563
3020674601
3126831239
2294398683
3580308437
2921632935
1573184196
3333298198
1443085190
1016005651
1965232034
2254798122
133961524
4027702546
2442685555
3948237977
3173817728
2326303795
408938152
91245719
152457403
867302682
2806387010
2232202915
570642208
71569146
4038453500
4057811554
1411045645
1970179033
3060871289
349458051
15401398
1971564709
473620762
29039546
3359326137
314817390
1067203201
1347261360
3043773459
2619429007
3008744933
2688691621
411895564
4102239202
2293942237
928553888
82445552
509704647
732076387
1122331051
248460976
1646711605
2626170107
51404605
343109995
28201235
192749697
193026822
1445515800
510204070
1380821016
3340074858
190790448
3241358794
2172664570
3070260775
22404271
3035749373
2966938450
1898588030
188890285
35300714
2220413214
170767404
2622555334
3048205055
1005857017
2986507552
585533194
2223931280
3301458262
2899832693
3148926931
707109796
50139232
387020752
2255882640
3115991300
561548236
108178581
1947861103
3026981858
532602481
3234927067
3234977079
760887294
3119764930
3324018039
2905296232
1375171843
2985040701
2696722236
3333520503
2381262174
2446931767
310475274
24850388
399178092
1460431740
3305431553
2977827439
316179448
2950252114
2456416897
2892777261
2922670313
476601415
3296642044
2931351881
2299431024
3350965461
48773897
185294427
2709956160
3366832469
384408636
3334765869
181406790
3194047825
2704908918
1544721841
336401343
249852630
323930495
3337638047
2300874776
1732763010
2897464522
1046645682
2735721010
2835996662
2697745747
2395040360
1521256262
3336200452
2873704198
434739226
2860828957
2746899604
438767152
3282827989
3382150977
3252964209
34834577
2851879021
17482547
1177184287
69150262
411522472
3283640599
2928858686
3047240736
3057115307
1019599537
447622354
703390831
2676391874
3320288524
130477419
519514974
560977902
3066480009
1633887236
3286950493
138688149
3249594583
3394570973
2923247124
3043735216
1672545122
3363888490
384024410
307458321
2522640343
3132106599
3136710264
237074442
712127750
534986978
182801836
2519507069
1302045302
436962846
2531695168
3106481247
319243902
2401921920
2780524678
55111428
288932073
2295408614
3393540291
442347859
1055915083
2339153053
3031652413
236606011
44931585
3127667164
17916213
450894307
157046681
2153338742
499278602
1912492322
219190537
377175747
585791735
1832406080
2307038289
404793954
156884373
742059306
1138340456
3145762725
3288908806
21367065
1021057357
3428514790
434540301
703651982
59836566
3633907999
2683512854
65294019
345520618
3645344533
2915770694
525961777
3277840957
277267331
1276464673
2365221599
23728990
2959686465
115440440
2432274272
1023487082
3085907105
2452795147
3465553812
39218299
3231813288
3673683918
171685098
3038459562
261479927
229660901
44027805
3296944158
631012220
534962895
3365792839
2446359060
2191618105
280708725
3229992938
2718291648
2768774870
3618164113
715515703
3582108861
344459925
840304171
129326044
2792419695
2611351470
224385833
3044791523
3209432799
1554469142
1340351886
1411931358
1025175086
3196370286
299364430
386315778
380121633
245932074
3076752520
3381766875
3227807484
50253432
990988668
1546691232
1642167506
2667620562
1021204082
799654094
3178669316
69466118
2453136431
917976122
182645046
70259546
1018532587
34768189
775868245
3309441251
3032747861
2657901169
2385234745
586805588
3103956422
2950636962
1007307456
1661360611
273827387
3683689838
382329891
2170804530
2770671417
2990822517
336902969
2432761153
2618626187
1228671812
2789034823
269624420
161182014
3640743140
279385560
3421951313
4013001585
3308504151
2775797384
3942164853
108046769
378402778
91693292
374501336
3307489556
3644489477
2811810955
324243778
2526495800
2864990877
2827106510
3226542270
438695528
150022509
3341410030
1965224888
2433731654
1959531510
293930288
1210456549
2884187714
3429341459
322180346
240032719
2963086413
1166285816
3228551211
3115875522
115188723
4096128134
282563258
3044812000
2804764027
92231875
157250287
2450881377
285862277
3336911597
317618679
3294348338
2185238406
449118945
711793280
435354214
3092649497
313609153
89299671
189025601
3411239637
163366015
35770298
3301918777
3255853748
1666549849
3252919793
3260489994
2823827559
770004439
3302282159
2376777877
3277884541
68349958
64102852
2338783105
3317096478
1574125207
3191462707
199492287
3427739349
3349406530
142794309
142123237
3429193600
3140688632
2446030452
2980342353
181198331
473371544
1036413799
15608851
2540074729
3322791955
3188130738
3333288112
2731772255
2853742268
3333243959
3327810326
22686121
420163748
3171708699
3438391239
3035952044
2150075216
1197263324
2954990293
3439214567
2178123112
2857742139
966138482
1648826238
1063854487
2883998701
34812832
3297371336
65688668
2605661001
3344934973
475873158
35300944
33405721
2592358531
3323528459
2988240598
3333502991
3333331025
3029138184
60710416
2931871796
3326008862
275059274
3333645994
3399548398
2445115896
3346294715
1356204278
375612009
828389048
429569094
3322919459
3482913399
345053693
3327735289
3393376100
2574329748
1273377816
3127752789
3218874600
467893422
1300011378
302731864
2809223613
3222735601
244017000
906392348
3419076680
2895127837
520443468
2970333319
1483157521
3436256969
3469289788
1403587058
3365941574
1273518787
1952285612
1596276445
2184577315
3566974095
860882449
2812836432
3232903439
3573409943
3438281290
264926363
1292415420
3323586983
718798910
200384703
3327820076
3508543753
3014090262
2323488301
3287445163
1305519650
3333593097
2835140379
3438679485
903435372
820683618
250990740
3193852423
27440348
1193055829
949824978
290810176
2739762801
165948598
424313653
616359214
399691198
2253941724
3434564021
3333600400
2957739657
3354629115
328416518
1323797335
3322949597
3664867877
2327805276
935214594
1390936957
3642919817
3073946450
1150397886
3303518238
396062772
1644894480
3182190481
3218427544
3498862632
2597613474
3618125654
912850958
3436107928
2977782338
3333629565
954084469
967116830
955968828
987552198
993609080
1009671434
3139626890
3630916879
3265589174
3246621116
3064240637
2367479271
3239648438
2844408016
2902740918
3225636348
1961530357
2808611745
1286967318
3664259894
2676070752
2442712926
3333133023
3679755560
242105600
20739933
1646394740
3698423596
3554192594
3146978830
3299218322
2892851223
3313778466
117382629
2504297229
135322835
1040312172
3659627482
3231938323
28033742
3340843299
491528033
2807021882
3373829223
3863578475
466159845
2386345366
3869683588
387371953
1288231508
3085517315
3875979736
3377542192
372294182
2444289441
858967837
3652907897
3436759977
14253678
3221925528
360926490
3621755719
3844639573
2831107081
3843179172
928147147
406766342
2542763009
3880469360
3893134999
362791786
2903100593
2690107842
2312203584
184595146
2832397192
466978850
26945111
3376179312
3997805062
111843837
3290415336
2493228859
66768251
18548136
2806379907
329382701
2885192530
2189820729
3302664018
1496786029
4010172552
382320547
93477644
2340621957
3655350797
3424117247
902821896
528986375
543794599
3012990462
2491539474
1401457046
1442603953
111782571
887691398
3021945569
68371442
106950179
41745770
40920716
378253514
3433127247
634367975
3138268616
