16119689
58462957
280582344
575492930
14677919
110721158
365071261
34036028
28412286
18948541
24749103
89503894
19080046
26053643
500042487
66561957
87818409
24807616
14780915
436292177
1344951
16894706
139162440
5402612
28638126
16132022
443215941
2528144136
742143
571083342
22501380
3108351
142157505
59949396
158414847
759251
23544596
19093936
26565946
380487087
14075928
813286
16303106
115485051
11522502
18919286
25243499
37072633
18597641
14522630
16666502
18741652
8216772
49752556
14504258
749833711
23274387
8731312
2670122929
17451031
15948180
30986996
19945389
19947232
20192521
2373944714
909211512
141052723
39596522
166739404
1630896181
998458033
71057397
1167155690
321970500
23818581
1536791610
92367751
1093090866
19407053
91478624
5988062
16581734
17086831
29730065
21769127
14353392
30278532
16271952
171682730
14934818
3066007731
178111058
185314895
109702885
136361303
326359913
14293310
15224867
972651
807095
5392522
428333
25521487
30364057
15693493
783763632
300392950
55117855
31080039
6480682
268414482
17919972
1198406491
16312576
19397785
2883841
15279429
15485441
15846407
25365536
2452724785
588534680
56583028
421612672
932601786
3030410535
508326729
478193974
992205014
289774641
2461625374
65198581
75491082
2751287825
18821991
408006225
309637947
22580853
3018616946
