1675281750
1020058453
15375383
280716675
14085096
20442930
2735591
110437588
17895820
16896485
117366399
34655603
19407053
16139649
16887175
20562637
26985345
15438913
1754641
185306056
102707504
28140646
47583917
6107422
15110357
17062358
16973333
25053299
128216887
16343974
91478624
14569869
14138785
18949452
21866939
788524
4898091
87416722
87818409
5988062
7587032
16589206
34713362
612473
16935292
3108351
5402612
1947301
1367531
742143
16955991
15012486
14293310
15164565
14173315
2467791
35773039
51241574
28785486
14677919
5695632
1539928194
2233375945
15356900
283308297
216264820
227879769
471287735
488838893
2233707276
316511921
19054622
272604633
299431654
318424111
292071258
2234342274
296971297
1947315842
29675916
2306842808
147869906
28665877
2541397107
61355746
2153702508
336124836
1408509804
122130797
2727788817
110195330
762897271
133448051
2357574325
361283407
1351181894
449983179
1668425226
2314826760
2338108773
2845905197
1594903015
2383005914
2187156524
3644381057
50446312
16017996
15840909
42871498
25104363
25103967
22090282
15425377
2908538322
2242180784
121034444
3177996390
3436510577
3436563898
3214122658
3355631907
196619311
3299852381
2214714876
2842875099
2418056378
400421714
254371868
69045175
30287737
3028677509
178149655
2590351134
1355179928
977238306
2753142859
18001691
3434224131
574726427
456825963
722554099
48177728
325871376
342560704
81947940
705674170
58297475
760011733
2815094055
2150124366
2346120144
70714191
1969446134
3370079309
27151820
3080732573
2162812627
510903226
10695922
497122213
2333873272
604528213
582681311
516870540
545526535
2419033453
636809503
582756204
2482172443
24929621
52344859
243662948
166767883
397610743
92727851
216299334
254098644
160926944
42519612
527526077
229294027
582685996
543797289
2391167911
3207674490
285332860
2354078193
582759042
19110632
16211434
16365636
15066760
173992307
36184220
17471979
2905957948
11348282
2734934637
34743251
44196397
2641557771
13298072
2732794569
183201869
107122128
2589682427
1571855202
2734499566
33645850
43430484
2937533263
48497136
27650674
57016932
102323621
2408540402
3414121240
814882453
114517074
2739414147
93819292
66395780
90320997
91083585
82322622
16143542
229454266
28297965
90636188
226087776
17341358
88803528
127613373
192981351
24871896
558791314
309066576
26235265
605511043
186439704
69008563
494939290
224359740
108247668
98955572
212332850
87984807
38170974
1545994664
249090055
54502344
349714440
317373303
323319539
1292449110
1435811695
600388202
219327896
3386027117
419625185
2896497669
2859210428
813286
20322929
2955596087
2756750885
1571462509
2557041553
244800486
428333
759251
34507480
