159491022
16935292
16834659
213104292
16955991
15164565
26585095
35773039
9567972
8839632
9411482
14062180
112236047
16589206
25049056
115754870
64643056
18424289
2347049341
1178700896
1344951
4970411
17469289
14662354
9245812
14677919
972651
2884771
14511951
5392522
15754281
2836421
16664681
1877831
742143
14700316
14293310
14173315
6107422
15438913
21866939
14569869
87416722
7587032
1367531
28785486
86141342
14138785
87818409
788524
15012486
2467791
51241574
1652541
16000318
34130969
15093629
389974129
586361294
2480013506
48504743
20458588
436266454
2899919287
15823855
861958693
278147367
19637618
60876632
24706035
238319766
763292478
325514838
99211591
22771488
374472155
138387944
557455887
1375643814
22749632
165631081
201383132
299169077
256433721
18323683
101914300
921549176
14133447
13039372
14651308
3940871
60100860
13986352
7624112
13992132
15936527
336116660
2815294117
1951522554
53722000
91525942
367263377
2959415371
3146156240
18861574
34667257
40200685
103484480
28223477
20551782
456862468
285694773
2172922045
355989081
2916305152
11348282
88147848
477875139
207997374
34889807
61156375
2802316930
45829137
53184267
489208027
1584997952
490442018
761789870
528956313
26005515
57928790
97865628
29385549
40884854
115290697
2561148812
3100280034
2585348214
561447418
19349022
458966079
19042491
19305157
30633125
44295087
38872717
92348148
1536791610
613696125
41707253
15895661
243381107
98335997
16887507
8131122
121131508
99642673
171275005
22821175
17483878
15918501
12369372
18667907
26265033
31943671
17992258
20727819
78670429
19981142
18018384
18086960
14840869
23990483
36947388
14497313
25341996
21904217
3291841
34676063
15291335
20255162
17602896
23560015
203162990
2530443284
184910040
2353432662
15635604
180463340
1526052913
216839761
124335068
329746058
47786101
57097104
133880286
53556894
245687754
2584146452
2576486262
1337738234
338934670
14204007
30826229
15875921
11117572
1582341876
68497896
3138727082
947192262
6017542
2097571
5402612
428333
759251
91478624
3108351
807095
5988062
111615736
27602673
200163448
36449698
31206614
18798765
2534351640
74278144
14867598
70652594
61755650
44595330
902534288
102957248
18872373
14120922
42573217
468479147
93711247
65119912
382267114
77034099
1878084872
2196922086
2429499830
1978851349
748160077
12286362
16186995
515766653
1391566592
2915766225
2949701732
2883228919
204832963
