84339577
15912890
116994659
46078438
14677919
3185549852
1396151678
937071079
14075928
254117355
205864193
14802885
205702402
1673101387
92150250
480811134
1286312880
14363353
36074927
16817883
78106844
187972951
8953122
222177693
119788592
305771333
364480117
15755938
194137231
14800270
203132018
22059787
15125585
17997789
17595439
135316691
60783724
7095
155908524
57741304
16246929
16732770
16955517
57978111
208155240
58550415
25709609
406884548
46470906
17698956
16955991
148529707
19803365
119372054
227070376
44401911
384910109
14276189
69193833
159904799
28165046
65381936
40057701
16247045
18858395
106498703
404422077
140912249
30043148
23970102
5392522
22302444
48802204
20467163
322603418
114782468
20402945
14216123
56746275
