844519796
4134411424
3158275387
22526677
4200530602
4208257286
18857913
902644770
1633044060
3320999542
902655752
1485828464
905257344
223120889
856037461
2323982664
611530014
243655287
46117928
23151437
23083404
492230261
35257681
16134692
15111729
159968819
1139433727
826023620
3282017706
142555671
350424184
1456114124
1463797422
780104972
815679582
241273903
241674327
392443835
164113799
523857853
2254142160
241276423
1058378665
16154395
336219347
202480448
361387604
83104792
39375008
53100890
551125862
460660317
316042041
39605988
2785508954
234411459
27590883
538725792
33379274
32128418
478602651
23452901
22630865
217713369
3318701658
424711422
217710638
2786489154
14424995
57761168
14544190
11922692
11000562
3445299138
3764527580
612261187
216845612
1427743862
35567687
298753844
277595625
3327983172
17844280
152801977
168677715
377804913
2239830097
25521487
57084769
80700514
23544596
6480682
60733204
502135911
80374392
87969610
232364329
14511951
14677919
14075928
20479813
31080039
15949042
3470982618
16303106
19697415
16129920
62290422
24008967
35206553
22084427
2291800411
58466292
60637549
36984909
6427882
165511377
198830228
612662672
62513246
24668720
133880286
22548403
466813775
166739404
26053643
24807616
436292177
443215941
6480732
39706174
6480652
18548221
22190567
2546659830
19494203
25725698
17732153
14348594
196917975
130516054
15346695
17073913
193725962
34282186
355307031
100220864
20565284
45266183
184910040
15666380
237845487
1137700339
325832193
14230524
17919972
602317143
1183041
18396070
4022027955
15227791
7861312
100842674
130600864
34175976
31353077
133093395
27042513
90420314
378207083
2852899113
266635199
2153005170
3142614406
245954929
493488747
76143039
911471588
2155691491
256775505
65624152
233561717
76710096
912988142
25127782
16180205
413802355
234395010
271073165
40550119
80702644
17389318
3249745799
3613282999
2631758607
36490075
20059181
155823836
336116660
274649460
500042487
14824849
15846407
15485441
373683618
16423797
74186967
363997684
130922325
16220555
316389142
158414847
260809924
30364057
115485051
19562228
18948541
20015311
14260960
3041707923
19248109
289998339
117169249
15110431
241039951
17471979
150270263
245143058
7401202
55594930
188007231
41468683
8736882
25375962
17881732
37710752
18676177
6433472
15256225
22412376
14500608
