47285504
195828758
264153788
2715115656
3063032281
580097412
47786101
391037985
2988467032
214521159
371786600
180733809
393852070
18173624
15687962
288333760
36591195
204238767
3416421
485370684
3453170952
42084906
2207775140
270507573
102166611
128487133
2244981348
1159274324
1159422488
3260519058
1159458169
70915829
466919194
1347773467
1462327554
95255169
862314223
2550997820
85426644
1160842776
2549012761
1884191208
1705676064
348671748
2563398696
343668996
3015277406
495309159
414869890
1967768574
2249234689
121291606
1511263122
119134771
1102449241
216566780
216531294
158079127
6844292
2228891959
87532773
133824534
103770785
427475002
300392950
90556897
1347756012
632708673
263884490
1533573656
178111058
593893034
818212956
130649891
357750891
222953824
277761722
436266454
372575989
1526228120
107336971
21983413
74237656
202309564
43971153
45434088
30033714
41155400
22429948
17958918
30343740
28807346
2818956283
3216171776
2617626120
2920598598
2882166218
284027188
3692512514
2922855817
3053412696
177265607
344720320
265188228
82821779
40454059
898058054
25088746
115141256
44278933
436913317
14301731
2752080493
34908698
10774652
32256522
483350291
50188318
47228964
21366823
1241716466
15750898
394471665
29945848
19945609
126733638
147725246
18728203
17365337
436873679
15520253
103060329
20779110
22356817
1056850669
22127274
73190286
43425975
19665244
33584794
15250661
64643056
14784588
15375209
13896552
16579249
113050195
42958829
1100927498
16558796
156464691
2958642883
14677919
20605217
28134618
2884771
67725628
15224867
19706851
19616718
22216725
14301074
6577642
69329527
24741685
819800
1020058453
4970411
87416722
7587032
788524
612473
5392522
14511951
1367531
3329528134
14458280
180755368
135648787
2425151
180505807
373471064
19373710
19114743
238475531
3319804777
2335560870
32959253
23617610
25365536
17525171
22179997
22630309
25589776
15676578
23603092
15087120
21217034
2883841
86139696
471903858
518557386
19790261
18201114
21701757
740882012
16027638
17244973
23176276
111556576
128753272
2493205201
15905925
14780915
18732991
3408064229
2906805787
2253458150
2829369168
18698895
433808263
3388184553
3492188053
3548757433
3336539292
3610581374
3567738375
3647829812
3515629814
3284364925
3604326373
459204496
3601240694
1389794018
17215752
888836942
367498751
1065092311
2227729488
3803483292
2829196566
423130891
3845124194
3625815614
3867159792
3681469465
2243385865
3923549113
3687968174
3713317752
3602561712
3869724390
3603519434
113089376
2181747805
3711002300
3579128592
3753304032
3604696692
3513399672
3670457654
3670174825
3736476012
3714717080
3770225960
4056852192
4124767153
3825794419
3881012600
18382902
51219631
2458256605
3979889424
986235307
35031708
277276900
238346334
328049243
228184292
1754641
621523
3946216393
65184105
218167872
16409285
28140646
20562637
3236167844
15110357
67358777
32359921
25053299
18949452
3786929053
4898091
91478624
6017542
87818409
5988062
15012486
34713362
1652541
28785486
3108351
16664681
15754281
51241574
599065130
2467791
303862998
487118986
87795485
8442372
18971490
29383691
3911715859
4130003178
4077565038
3919611432
69378169
15767831
118116698
15969142
147463326
4131343411
7424642
1258838832
4122477254
3992800872
4087479972
19386949
3118769484
2890961
972651
3086723719
193818082
20536157
16877611
14293310
2097571
14173315
5402612
2557521
2166257887
428333
783214
14117843
759251
742143
3074643684
3301468268
124375123
3279248214
57278644
214366192
2531282864
3308873642
458990409
3284471743
2611728919
3283139474
3321014900
2986745642
3274013018
3303761358
3309670627
3284059134
143748284
1440839774
3316037966
3233277817
2605199042
2591184036
18873438
2688796724
2636158200
3184143554
3035671554
2722756231
164579148
27975374
2862555025
2536061112
618089910
504418798
2611934306
2819420966
230651075
2824453640
3318746276
3299518070
3315643536
116572811
18877612
19093208
238220198
278377978
77892612
42900575
339980160
121713209
63491502
368016894
433705097
10228272
21397043
188011200
339932751
456079745
264889475
404542595
104014390
21453771
127617309
50722598
246159751
272001208
408177579
239394793
43739160
828742454
740216334
82796779
147466810
994647318
17055388
27737538
1158476784
1337389608
17351972
525036883
16106552
211330724
79887622
321003817
368073800
27621451
1964161316
31577674
47575230
41678714
1483072716
24902472
177600594
919464055
2508415520
453190106
2325579356
268587676
600435408
18382825
1347632863
123948593
79399374
52142834
20631454
2729873130
116429402
215013370
804822086
108200716
357585106
464353786
35631163
255796253
2462138298
78677200
854073877
3325792254
26689127
2985244698
2831254950
2918045287
25178413
34701437
2912006948
3004287390
2876475277
2879769444
909444044
2551935368
163599146
2565571082
2857653504
461614826
2877498775
2594340668
3180799945
810929294
448645284
2589607202
3281496816
3297517686
3381810553
2685444096
3307741482
2805749490
3311529192
3321143652
3337893792
2742070208
2578370413
2800254422
2582013488
2953239444
2919080731
2586030390
459767147
2855082806
2992250982
3314038009
1604779058
2903424024
3307496136
3015947568
2810675958
2969616944
3314793115
1651072556
807095
2835729218
329515229
2256238326
82101722
198339918
190189490
293939448
776280132
597894590
1095272214
267722912
83827297
167713923
476370629
223821668
280037721
2596652784
2822140428
1378145701
589932054
594511665
476724654
476718156
517540133
282557533
3267975582
2382264276
3304136568
2568810066
2925290522
3323894652
3326341896
2893175683
2993185933
1323613998
2811579536
3438094492
2924128274
1567955677
432406704
425580854
3402405379
236623606
3322006598
2385104593
176625318
261995499
227140738
172268613
89373526
1001553894
1358872147
127354039
1658814594
216608813
2368102704
183440400
51067400
2373049046
216993716
1935716222
3186572750
2325956750
715712113
1228840274
1651846998
2169570805
2324526547
3277653877
1649242110
1598632316
1646885508
1649005508
1649568344
405404522
1646882442
1659095276
315714079
636639392
95172177
441620453
1648954452
1966682562
2931088238
2586874262
488355018
339405441
179728842
312004806
2908270855
2651479842
3011756870
156555363
3187626229
191324969
134974100
2371029229
522597443
174085414
2576380669
2598259003
391350559
3271902133
79877061
399548941
444303238
454717005
224156379
899587500
575842796
362377821
277449609
305553743
363764947
1081645874
852441218
416874396
962139030
100719813
188961420
19445183
1353675216
220968500
21091012
471897125
327028949
2208592284
305441876
298220307
120078696
22136209
93794912
167341797
132800515
951371816
2821979041
295971927
2824154234
2789594448
397932651
60851517
365172195
56970775
150180749
60458250
65254718
150715473
164509454
61115620
213591116
397672819
147451838
135100425
118720645
41735670
91946403
108872550
543778633
47856818
