49992096
196186298
11274452
20627081
15588657
5392522
1273449210
149180925
28583197
17463028
883619466
7587032
17093617
21107424
38531995
2983138898
3248829660
113474407
563190439
301433293
10351332
113184683
37036363
188256714
20353120
308223042
24414384
574210730
181077575
771736105
30221150
599536551
22359814
37338773
105685154
2485637500
157059713
15571901
64031011
25082446
1355937458
16888904
16697018
278147944
47112738
22638297
16894084
75300453
441499346
15235829
48872562
15846407
4970411
41866944
18424289
16128819
774090876
532573662
20778387
102707504
24223641
612473
141947171
18764776
6107422
16973333
16343974
14138785
788524
87818409
2097571
14511951
51241574
9763482
17469289
16664681
28785486
15754281
3108351
1652541
14293310
14677919
35773039
15164565
14173315
16012783
15012486
759251
5402612
742143
428333
1020058453
15728028
2800590113
3865478427
3856218747
15620557
807095
73224714
105242077
455024343
28676469
3308352436
525644018
17392219
245841182
76738760
109326674
323382286
174824747
113694823
28207839
122163974
478782624
402025521
192693307
17486629
360173263
213282389
355784391
1081982948
714249878
15566901
25087685
6450322
1044771
18192818
22019881
6794502
39250316
27461078
28597735
20621399
18502254
2274795806
2214480794
47949826
16244789
56699878
18093039
15881875
26106064
21362477
38530021
95753389
21146733
263859819
22171612
161801527
44148901
6519522
14282672
21502432
1188106032
813286
116986352
59397009
621543
38146999
27726303
1536791610
17994509
36771809
17781673
277796727
7144422
22708797
18999585
15397978
24961671
120620364
23342987
31206077
38048560
24212723
37251642
30533211
74913349
13787352
30313925
183022206
275471220
101570542
191937388
14592008
17091346
20609518
17573212
36498054
185408277
15977916
28852952
14850840
2467791
14323300
359843113
93589445
15723971
14592723
86180513
19658936
357648167
41602160
15587500
37963496
44783853
86697288
18700629
20197996
8984292
23999515
24965771
53039176
32062804
16300786
25928253
42651647
10791192
24883537
22650002
108455039
50340794
1769551
38489678
25562183
44957814
17442457
19402238
8963722
24236494
18058609
16616061
20436059
67994357
1586368736
18027434
26077026
19494371
18242110
27922157
11856422
17002395
25950355
21328726
28160998
54664757
76040671
179292904
1414188224
1671193267
20272531
44614314
37436197
182898659
256465295
3180940273
170115204
289538135
46519992
159134280
714141500
17972520
268474261
144881159
15134240
27295244
20187065
14361155
18213483
16153562
14700316
69231187
14159148
33933259
14499829
628628464
1078402566
26810542
146569971
42708936
19557681
19495715
65341621
14543569
138530516
1393546608
63149065
538309364
580276716
34648965
