14511951
14677919
14075928
16017475
256289743
23544596
586892658
28221296
44039298
115597898
55117855
19777398
18479513
874481815
521503652
53159918
361492848
221147416
360185259
18766687
14061640
43119975
61499190
25282025
41153953
34701524
91208190
14780915
61277941
25339865
19820165
18847632
14611103
531424464
227216207
488011724
42645903
1093090866
13213122
500042487
813286
16672159
20479813
16403943
118958259
55307193
19697415
1267646252
37824341
27065876
55355654
15164565
17006157
5392522
17076218
67133275
16302242
19362299
2557521
19426551
126000232
80701402
18753846
26598119
115512512
34935679
29859415
20264905
56798334
19735580
23501022
88763317
17219108
6449282
12101862
22536055
16211434
18552281
331813832
50393960
17899109
16348549
30313925
15808765
15143478
19725644
189248614
158414847
17904776
428333
807095
742143
15876379
52529345
16228398
48410093
50374439
15485441
26053643
15693493
20015311
90420314
16303106
91180720
238319766
336116660
360099026
130617778
14824849
19238073
28870086
32135704
288764875
340418291
331817345
256590209
411319342
556118368
491534033
256708659
40927173
22922759
27988621
36362259
136026074
32765534
329260446
115485051
15146558
51263592
