468863638
2337020545
40899421
37387336
3069691256
3192836017
15445112
2397861914
868647822
2297778757
900990673
1133197026
74580436
236548150
74550604
41523902
26005689
4202403074
63998761
3241680972
3173176371
355692937
191254246
4008850092
318571154
1506020538
257837173
3408949179
167421802
2240995066
3011093212
195545520
74594552
14677919
3311656280
1156827277
207237402
3291337947
11018442
82652901
4126564395
20632796
59553554
12952842
18944397
3467929637
60022147
82978967
66515223
477486895
65527984
468741166
35891135
3313986695
77624936
39108582
17149356
3998250989
30973
328114518
4029563112
2467791
2979466367
1394399438
22940219
10671602
71026122
470933595
17460043
4135389694
3767059338
2193159798
48551786
1589840064
1336977037
4157044205
4162341040
188776321
489414010
306833322
27316439
233833912
127434630
4120023868
3864403876
24019308
247438985
2367911
3285939913
9762472
463967411
4136976394
468412120
1567039723
15839517
334739729
2974820885
25552593
300081875
21127733
395478279
49356830
259787877
3570005653
2564272252
3304443674
3495397459
184340543
2714066977
3039604127
4053080172
48436234
8771022
738840716
3022715511
3901377074
3901326139
625915261
417525218
2984137371
3075445397
1500258500
582757842
19988832
3097049928
3233096593
4008178995
838639196
2244730044
163519334
3131501385
4084183852
433808263
490857705
522537060
42976376
717583896
18636159
16810945
2251052168
168543375
26053643
80700514
14506253
113897988
26604904
165511377
17853760
22070897
27967526
14513611
289368447
4160584816
83758686
243381107
759251
382267114
56505125
20536157
166739404
783214
24807616
807095
10228272
51241574
443215941
15033883
436292177
16573941
16303106
30313925
500704345
17461978
50393960
20978103
18948541
17828988
14867598
18125335
121820614
250831586
18351318
21083000
33342154
61270808
238319766
18219438
48677625
21586418
18208354
22084427
156411211
42977712
14996376
6541402
426084854
39706174
78194111
62934462
19659605
38536306
56405314
121626258
27022632
89898430
71273952
1418745782
23680913
60520655
21131816
21995408
368448364
21954529
48203178
310109265
63770845
37997708
29344169
132022097
22633584
6480652
38611183
19165963
18548221
22222761
42583325
2409110397
3816036619
17033335
387796860
22881014
55090587
16306235
1553662453
2347776198
154866436
569458183
562381032
31312972
502135911
17844280
500042487
28644174
47786101
23544596
241382835
19879313
253129127
22676634
1523700259
88836132
309387678
90465490
16507941
101942673
280600496
954427716
2889969683
40486162
1958915611
24910075
23375688
595901043
361358462
27547197
2281952595
36213173
33585235
2509194325
360910326
110485995
30124060
27522969
37341338
320889964
15576308
16727749
1706191010
630374952
410120893
1064788682
511471523
154168046
35447935
928502466
39538010
249307932
21111883
25027988
284705326
1419352615
617221822
376978985
3062408755
369241380
3163959722
992869536
30063187
14095436
20322929
33808700
24250473
21013522
288030301
541204858
1253380268
69286601
3279252690
48941222
492742094
1064924413
154021500
3419456373
69009743
819308575
1467854322
92564292
422025722
48431692
2722409959
1335070398
51333507
432667011
178835600
634247942
434686786
120560629
233286229
1307170334
1040193648
256667671
89321603
18859855
3191056592
862515516
1271051972
804768510
23982932
24257893
25736680
770418949
329346621
27260086
3059233344
127166705
202486418
1494791550
522580809
3187147850
4053041952
3617375297
3319015996
4198732814
1444396788
3436849222
3250893044
2401405753
2870515126
4181744713
207815948
4093811121
892663824
3882391901
1951531609
1581487489
291251653
149760844
337502808
3669631337
525906207
970942356
3033591543
552867119
1191102132
23161445
42384760
44523767
1277248932
854082499
237634998
5392522
16305330
8795772
315535943
23083404
16543775
142494403
2557521
797679698
189949057
611189638
114919502
79293791
31746745
23151437
57799972
813286
559231517
29066006
49815793
60205561
471560358
17915334
24922704
2308533909
261478810
268414482
506822340
22217310
321278412
18465507
20657448
25563933
71700176
457696613
151730171
365823722
470470475
304740304
428333
455046699
579779761
2239316576
78573
82884121
220336959
101582364
154600577
59346560
19426551
308155020
402229028
1186770062
1135593504
1322733158
3529200736
3301321089
203735730
467103860
101093429
393398863
7540542
25365536
29810373
2236439599
2163522683
102193667
437512477
106513509
316717373
17849234
175584991
578321883
289724824
132388899
22642626
535632978
26565946
90420314
567762019
127897724
27902825
434946797
630182089
556455282
993094381
88696149
1388502661
21447363
257870326
629161240
716009809
15344545
257882494
16069681
40412982
295687045
18563232
28706024
260821120
3131997021
1360821583
281570507
11495892
599354569
26200630
18066774
17919972
22948692
303600468
1416806604
365806142
126143409
70665444
58591661
2955596087
71171748
1077942836
28221296
831275821
1180379185
27556565
17498493
27195114
509366976
19778050
1007022295
541857821
503658819
20630639
165608282
35316171
35737363
114610602
24256516
574997926
15846407
299777261
71350663
82208326
68331619
15649070
31080039
499008086
57444715
385269428
1899091908
30623004
823493676
2463975468
318560534
1201408615
429575365
1497706615
457975337
180463340
423878403
1703342334
252597831
15635604
74181714
3675001461
15225009
261030773
906898508
89012125
377447971
196748815
637365185
48902202
1091796259
467652462
772795418
437018330
422878185
40577195
36192836
32686851
1455192456
39302767
1077537032
1491740082
277168496
15485441
3400857028
1345702333
25698541
266680931
182176913
42149059
35478358
106835731
200166202
350191049
10035502
312948063
217887080
604772054
44666348
426685149
30008146
397621472
38255651
1037890002
299373263
22209201
1344658628
35891574
64490449
2196495337
1852410666
69660343
31194755
833668070
340627053
225585803
326040853
160575722
17731159
207188881
25847036
870098772
24105656
26257166
5695632
37512732
36923627
282789898
2739430810
155255123
439443324
39028617
1816041
23504870
18734071
1378000488
20172395
1715051
16089776
254647773
348489171
147808148
20106852
498293371
206424191
15968048
236526491
382735508
1008151898
198261539
1221209287
300463829
2190562776
1393084334
135375237
1851498103
150657136
32289079
114342923
16334476
102282964
19461534
28623869
22607788
34463468
213699565
18764550
14662209
17968519
27881617
20474496
237420120
8349542
41394972
18687355
60667880
90450701
16983295
8932142
86484381
22241849
305374021
15685618
785169925
176283458
30775007
41958659
135023840
14944855
182045344
2285473272
76102591
47022990
563232107
927094285
23645599
69728567
1447191678
704205150
486260742
1352615809
1524636690
2252690149
2382942402
2482805293
16175198
3389123182
358203135
2487836718
89084561
19709040
2213655313
112511880
7157132
28926068
979353546
20402632
44381332
112481670
81480697
18811325
243442402
586671909
1483303028
202601671
199876535
339655730
78618675
180505807
1414246172
119139848
43385006
21952592
152108221
230927249
18498684
17804976
1296352699
971160691
1347416634
415311576
238812045
30117125
1161274537
1048507614
471055186
14230524
43736146
239635726
18463380
44490743
749927396
37599351
419194595
50572527
14552394
166747718
88704452
83800755
252279354
114128868
1199097697
381619153
19768193
66385960
378313513
15693493
239888654
1040828928
298228389
19115894
767601
87534528
18743082
23312866
69406730
796597609
20609518
20545055
59949396
20279424
455481041
402489485
212288787
19667724
812083873
796984094
42936819
284602545
66561957
10810102
35184346
729889507
313665723
481852267
46996676
578993727
221005474
85733826
40290215
20571353
59725929
32559327
146491026
88002204
120954131
919983410
53886585
223933351
26090319
858924511
21718006
40349753
88749392
61593861
30364057
25725698
158414847
438570178
336116660
19793752
526316060
41073372
442237496
26130127
180560224
63302020
18091925
399444662
22544911
35787166
20106911
15308331
10422602
26756650
22184271
12804422
15057943
16568227
20622594
31606867
9313022
17241895
38934368
62290422
142157505
130922325
15147397
201419073
718346215
633092678
29277240
343552767
841550784
27960433
191737201
279395139
16302651
143555197
583808442
20322986
86363143
343694145
25442942
217158161
838729123
456636692
318831260
1086465121
1113167976
14640242
318537582
205915163
1006497193
416963802
19494203
14320551
15666380
23122597
6539592
14075928
28406270
25521487
268571261
259365077
518895332
126350194
19637934
23027237
16826656
27711685
44039298
72423061
6480732
55117855
22461427
6480682
21193261
115485051
1005614322
326469783
372081062
114911434
965957347
176668749
625920727
328315402
202706935
589756336
11348282
17852343
459557733
331117955
14823598
528924082
1087100384
451815639
119420465
365923816
204832963
1000262514
15108422
8790412
438792667
21035409
898798399
46455733
14824849
127759438
139162440
17453527
17732153
143469729
20035593
36686415
23827692
32121726
292092669
388460307
322390336
40389195
216558441
50374439
305216715
