30414789
870679500
1568181362
540660963
42209165
1937805774
3923671377
761512159
242750690
196603521
191445487
1096498604
20874566
3194759556
3015119734
3416605398
520398033
296812613
536180410
186892431
59222801
75802687
1136422994
4170141622
175271919
2974648606
3334300433
2650762250
319247041
3032773924
250522664
195035017
332691544
212968548
185436634
551318109
564012870
199288125
383213591
148084350
300509037
345971761
233740311
368309123
21836409
80585373
1253624815
29195706
61205478
215052012
2401184117
353610582
715986078
3408566375
479790776
2832978568
204004306
710186205
3180489923
196684829
415953853
588180041
158865339
2339038056
710345401
3107218174
353701419
2465259487
47458488
3922007003
2614572432
409996014
251238539
21111883
3024083068
4149195561
1042219086
1649983477
3241660551
43134762
106837463
67358777
3102189689
2789957842
899567642
2971554502
4149290391
4163175891
3101989912
1733362400
2980951949
268439864
3102022377
18764557
3057761695
26565946
23742864
58528137
3342774838
3335232281
3532842797
2388968628
3377007946
3925791566
25787446
58908198
69426382
29643550
898058054
3396323782
41307775
24736226
101878289
20400862
119881075
21972711
17506089
121162178
23874891
33403290
104080038
2338945918
3979436363
298693971
64461771
33464600
126626108
2402832901
33959546
43965146
1572284256
3748566557
1303300358
611632849
1388990490
110365109
2436639828
4156788387
3189479158
2839661693
3416002630
2813202073
3461457858
3789985822
3291884796
1493279275
222114873
143933041
3122363127
1139883696
417827973
1548518828
34640565
1732989216
106145955
2939406733
3837799295
4062175745
2942952437
599606014
3946190722
474887311
393474189
56060828
460305726
474878323
22167056
2845191549
474880229
3440200642
190426393
2242189550
4223325972
3816827296
4177668461
702671952
142453906
2776688257
208841123
3138119856
81305054
2707805456
3320399507
1265448235
582679358
2869599629
2481937027
3249111983
82549842
1108695031
451604693
4117690780
2962525243
2602413667
4124678354
2523232337
1658208277
4219514592
3981467240
1755307201
437499532
4214373012
457355515
3352982530
4171314261
903494262
522537060
631865146
3726499301
619343268
2963970097
3202621246
143852591
1055007595
2393063119
2643950610
3164774620
3141263333
39152236
3032115201
3230285771
3164462966
4168368441
1210638806
3422628629
3997248736
3855497537
3345579063
3728221693
4194264352
4134118525
4185900201
2602708329
582674212
4194900317
572931704
4081502113
51820059
3100244978
2345460642
3782662221
377032968
4195675533
4249565359
3175979267
2389777788
3420968219
4155837448
2331855796
2182888991
4178221456
4031576536
359568985
63807771
4239120013
3847482437
4185219268
4189485093
175424722
4189442871
262111019
348132614
4235766156
4189478943
3861201313
4189532777
3052243486
4189558870
313999852
4189246785
888238927
4193339713
3181586420
4189544428
394689008
4189512652
117201536
2647911940
3686290215
4189461935
4238804472
14124910
112249049
4189413441
4174058062
4189335995
3784479378
3685187058
114217065
2649071712
602495568
2349668777
3948714796
4107475823
3316411265
2460892491
3927765856
1021523659
4189413857
311227026
4187828860
1498406796
747391393
3297572125
143115654
4238841794
2982926869
4189422454
4188722716
4238887333
2312755666
4188896427
4189283475
4238707692
4189299345
4238341758
4185109667
2402960428
2173638598
3609016876
1089595062
1656622460
4238749274
145001071
4188105586
510036666
2761796498
4189241121
2753598221
1628487770
337973631
2341196083
4189111523
3272022474
4189165941
4189231155
4189228497
4189345384
2257376811
4189024049
1356777602
2865326890
716909743
2731626004
3601657575
898252681
222035268
173364223
4136487460
4189166127
3307360732
4189294246
4135583656
2849207948
4189201883
4186717997
2359816112
3800422287
4189253644
781714892
4189193129
567882070
4189188737
3312153469
4189253236
4189194334
4188958600
4099693035
408959443
145413955
3065571499
3861671019
4189156559
4189251310
1497099721
3255249778
4181793515
842509200
4189095501
4189130139
4185078747
192868797
2984480986
231224835
410943637
3438520126
182362945
2544672511
103551823
4189157651
4172649316
4216974132
57190680
4238386994
126593789
4189117701
273143433
4185443901
4189093661
4004318073
4162526589
1120436370
4172215001
3055461605
1568722441
469153795
4189130183
4189096893
4189116335
4189211056
878855653
1724807857
4189201348
4142095265
4189111283
4187179821
234178942
4188876291
4181318721
4189134076
4006744754
140502936
4189115861
2191771632
311654967
137885283
3715951454
2413049058
3312199839
3640025475
277107128
3145021755
477591986
318805167
3281679747
2217063276
4186372876
2364823555
2789616503
3179761314
536636942
2375995950
3169760908
3534236001
928933808
3011045667
3239651624
3255241487
2766398462
2387705120
3041233159
3313764537
3611580977
7802822
3526523717
3815953413
267385659
133524869
4040163695
200670878
280070879
54942693
2302374795
14297098
2696408460
1653776882
4229468616
3656431703
2502879353
379476398
858964134
1376223002
2444563690
2941622822
459269265
1047420062
4076346434
191789666
2465249010
2830757531
3308766388
1089344251
2707113008
621533
86925202
47636400
75896448
19644592
136004952
25984418
236453099
8170292
19717082
160926944
21303235
19394188
56723973
16025112
169963553
25098482
17137628
92263845
23053809
25390350
318887578
19645791
40932856
17627061
252740978
471287735
20543416
837852091
2565225859
19380829
35094637
20536157
52484614
7744592
382267114
243381107
115643685
2573272112
14116807
745012718
2679154795
2792492487
2808542327
2838071283
2859109503
278776049
28162128
17965523
17469492
19546277
15281391
14216123
73238146
16789970
2735591
2241195824
16451932
14466538
16732770
7587032
38477209
1347071545
851544830
39853973
116799581
197347638
288311590
18017198
140003488
18203224
90636107
89423018
35773039
86141342
19915362
45621423
22595388
127625168
14589119
47319664
33546465
169021842
18332190
312757790
130125655
36683668
284066524
57339160
152866991
357648167
146569971
365344176
84187233
304909941
14095052
17220934
19611483
16129106
71294756
621583
10126672
54885400
31310158
106597684
17409240
416178235
52833129
20600214
51809554
21213276
3082499172
19964034
310189843
3071016518
151106990
993161678
2323710210
1442028488
1173943710
1978270322
14569869
16815644
13850422
11856032
15458694
14345062
18767699
287834630
11856892
205392468
119829799
89820928
17112878
1615463502
27901418
450941680
146299154
15629005
76348185
160856730
109813090
40654619
20987538
17757005
445428656
61507091
15872418
3319112445
65493023
15675138
162432807
17061263
52660746
18576537
2561597334
58562226
85796380
3149895787
24506246
1077914569
117777690
277761722
77234984
3307929149
1967768574
143779403
14190551
38146999
143478208
17481977
424127411
138037459
40015678
80588808
130456459
335798015
10933632
950249762
2236752439
76635157
43077689
14342565
117060803
3416421
515838635
16343974
16973333
26657119
148529707
4207961
15667291
57405911
397998902
435608222
7402662
19277186
15207668
14344823
584298608
2205899719
158902885
2939247995
2356287412
1916208366
1511610632
568767800
1493639233
2949243381
2197556981
2270707878
537293683
36329597
190012443
513319908
911664745
932196612
2178797168
1603113240
242555999
15324851
249787913
486694111
237770636
211588974
18909919
5558312
75364211
48724141
18632666
19658173
233761277
15442036
476256944
60828944
109071031
19726613
234374703
76456274
202206694
193794406
43910797
236511574
117501995
93761782
1074518754
264219447
970207298
18915145
72198806
244268646
29442313
17494010
296361085
234022257
20113797
435500714
224285242
1058917562
995193054
47975734
92186819
216503958
21111098
252819642
29201047
555474658
171598736
278124059
1061029050
109287731
291756142
262756641
88784440
18695134
233737858
1074480192
212262370
73303753
21157904
132278386
1071402577
85318467
3233509898
3198193409
1588094323
117042662
1643280427
73708731
1729331947
1536791610
185314895
21114659
26792275
14499829
17899109
75069067
2175576742
5357812
7713202
148453195
236786367
160952087
743800592
26230924
43236258
3300335896
2704951
1133928223
1596428378
14260960
4019627338
1572472460
355478669
1225696320
15010349
5680622
14281853
14700117
14353202
112398730
19017675
20699709
16708655
79173926
153810216
348974190
19977759
18916432
733751245
15745368
342894187
2293759616
2453263154
354241735
3369435429
3937351757
2798125167
265626456
359638660
597804210
3041545037
815993306
3975741556
4178168368
4177643206
395900814
1459961330
3331140737
2244216646
747171253
3296435219
2380053765
237280245
3030014223
56306862
3172252595
329197970
4176160066
4106288205
1377191424
222817951
3312994349
1079639641
4180485737
1937387610
4181040857
3093665329
4179710596
4092944097
3967397126
3505603697
1072575397
3374792577
3096126334
3882646336
4176881854
351646274
107035374
3859266747
3976268403
3261263833
2781294010
2483776782
548823527
2806933511
3638707515
3642829703
3341357602
1236681740
342926157
462970419
4112186661
2514881678
366528119
2196299264
3425457879
3130107845
3429932974
578559876
3757986439
3407891368
4066725935
3012527288
2992617851
2699753811
3261256741
4171850848
3138270263
3904215740
3352194249
3514519937
2165220070
552844761
2578551871
4155760011
765819062
322226420
838441976
4055120712
272101032
309003546
4010589432
4180634123
48293918
4178424899
4211747413
4151880681
4082065245
4074914279
4171414972
4170556935
2870293979
336115532
4100065943
1021799088
4167773313
3301950693
3390624257
492176839
4166498344
3994929867
163207039
4166136335
2207988545
4091886875
323044536
1545917174
1333760269
4155931167
4098632819
3248393812
243628475
4163080756
1592023975
3389169616
319583359
4127902552
2430730609
3354071573
3369508563
713772308
4154238916
4072939393
4181871083
1621526552
3959597423
4174487561
3327855570
4180964871
4224387074
3955859973
3145218988
554986966
3359317678
32875605
108585426
3404282681
4170172565
4187165913
2817798276
1447567922
4185749651
3994568901
4068815375
472025460
4185522209
3352727728
4030740689
4112700737
3985437802
3397795025
2995502383
172673592
3630651672
4148377985
3434123129
1113755089
2802256442
218826933
3401136923
3341885327
3298585465
3430116587
3342557175
4067283466
3402097235
4000695321
3350540080
3992651111
4001543889
2479825778
4008207231
3401712226
980929628
3342425925
3351553947
3293217829
4011845056
49202870
3298023518
3389450883
112990183
4019379975
3376533297
205625440
3372931205
2981915650
3342522131
970262450
3384318628
3353200025
3902252422
3204008252
3293859338
1576170656
1633515085
3418639879
1677413144
231012956
221408760
3498871215
4186726108
4169487137
288957855
3317965856
4164065007
4128604521
3312355726
4182039322
4187939237
4187422481
3878515456
3657423263
4187141356
4186978774
4186684696
4185996861
3409247541
549938224
4134165192
4185979187
282424619
2502539967
141576060
4184956505
2835383526
2829281137
285949794
2448445394
178874279
1912139983
2292257703
1944105781
182957158
4109685195
4169625917
4181110540
3179614781
2213362498
184572537
353086854
2424167035
2164917855
195125795
3318497542
187676549
468438500
2752078599
4226127072
127974301
3340822138
4185391395
4188333574
2447837933
3740666716
3872406442
4181345901
4187975001
4187931987
1083415668
2390803890
4083442819
721059302
3835690527
2364279282
3102448673
3928659801
3989077168
4186507709
2219284389
4186677274
1265655344
4054555457
4186033839
3882487761
2332285339
411039468
294652705
2562298739
2343486434
3341054530
812817547
220281692
266743283
519198205
62065766
2745744308
385702451
15912113
7152572
1435461
239351466
15944663
46575796
223841171
177137867
32356101
16664681
32359545
15754281
14662354
14677919
2312829909
410216127
236526490
16589776
400152210
291690583
17142046
1068121346
1265726480
34350419
14869932
1110105054
83372488
19864877
16003760
46804450
337262250
28149588
2556393734
1131352537
141208596
441636351
77732185
137780376
471741741
2222673457
1447949844
2597413135
1488666108
2478988508
2953927781
3285925532
2877085260
3179399429
856751137
2195332273
192831956
87476737
1295981654
217081859
245683367
5945982
1404590618
1020058453
774393817
2148554364
632923508
21303464
322113764
1667050489
277955580
208747547
14584903
984274980
61731614
1536938744
932163222
407660414
45847467
3128335653
2478274668
194858053
2411916943
2877317205
2163307892
308335438
3007788305
736824854
2895559540
3057110926
2991400913
319785525
2596521037
1122972379
1520326422
1011833905
155428489
40591763
2335073008
1732012424
163202248
2158003668
2974690035
48589659
3293630777
3295518767
3132768814
1458137226
2787197509
1403908254
580290151
3309943024
3347473258
3347443810
3347436149
608293518
989869530
2874858983
2974900557
59601797
2347526867
1901265578
2785680208
2401916952
37657919
1186234688
323797226
924079003
3320685131
1601385205
1606412959
1605996936
2202909984
1605757488
715018538
248792627
536632005
511722279
2726151806
78443540
206099992
2442111136
214342828
1551253554
1127011429
1285889430
854925019
53292878
523716682
894938401
427426764
2451684187
234631558
187904465
155224592
352925044
1872323970
191825702
364455596
376096436
768423156
2483039668
356852833
364418856
2371748878
380577384
2388829078
1582338296
1439786034
340179332
386980911
792028700
308036048
342048433
192943394
1917614816
250855022
456398319
146450014
424899704
2225449316
191787943
1186890636
112824841
1485061314
370701201
1320308527
294829565
239713035
570199894
709768770
337122382
259632315
183590799
228762380
1860783224
1949799990
2896747183
2342892169
3006463331
2256962322
1598444088
3035387727
182749914
2340873759
2541024598
1385526308
539382986
310730506
1666471531
924066169
362559925
1261249778
175605389
2352696697
2722085429
319861696
1027468086
866774575
1004031631
2473070484
2576534977
582893544
910828603
424399010
1587678775
233614681
2216118331
1400837108
2196891614
2505267823
557455977
543316184
613297929
523512145
66714703
485370684
585937668
166630377
1435811695
227121370
586242124
2617242450
2357600840
2848149332
173727516
340418936
2790183688
2909817873
579342963
2277539705
2934211394
177134089
329418923
54360288
499758610
2808663432
780881828
341102954
2278267592
1581241297
834370320
2478045313
810483626
758543612
2624520023
3140705840
1263557930
2786430025
2486151379
167555974
39102033
2787199064
1141461181
2513545184
1960283150
1319755279
1698040651
1395988206
2786666684
918346674
16933337
190661251
1913427931
4158431117
17304334
62333669
210885388
538556969
3294701428
145905041
3280402183
2314228608
126695875
4215261138
2429129180
4166415316
343180384
4170718696
85181989
43700148
754423819
946363848
2469534462
4179974451
2348723910
2427803299
289251560
2803090566
1546705717
847802280
475674281
3901038192
4224702493
24086167
4180012936
4179895503
15737041
4179809565
23641343
3142782094
128665342
54947881
4179987634
3803741729
4192669634
247856466
22940389
2391603810
3506596275
4149045918
4166883669
426842641
25207072
3084387179
15733926
4179143157
231860318
3903037875
4224895032
4171424255
4165548561
812130050
1571248184
4041398892
4018522452
3242613457
2856778395
241641421
13344492
565869650
4224656000
145436284
34158663
2207704166
4224576974
579087245
4179495089
4200734724
4179256737
4177829968
4179093262
4178991910
4158160934
4217823074
4180982899
4181646493
25989414
279156563
267479107
3067174322
18126751
39301327
28585534
419934911
3052592374
3166467989
1971269514
1261552093
182918703
77481782
19571058
17373094
22389174
277498239
3513638656
57040556
45801834
4150596676
137494654
4150485563
180657893
37363015
65468560
417254677
576377718
4150518257
247334603
276053328
227080328
240599174
3760282698
2446411332
217461302
250491114
2331450444
3314016641
3042534649
633852625
17386930
47457894
25890723
4180122319
459342650
4180893014
3838347919
4180384572
811987292
338362590
568492487
1421203164
3370338622
4181915053
24915784
258019515
4179176354
144384229
49961559
3233462988
3413766153
4150977202
70513788
3767308332
1148530158
872207352
2526282145
4174832478
4043328639
3688496903
4150903276
58311925
3156618243
173403526
2406208494
853804237
3739623507
237078447
278801345
2504762314
3060646580
591066194
4181747954
386070396
4149863056
27394353
2284169166
50201491
3766448238
733744867
4095151344
21228292
28166720
2468014440
3661028052
63042635
4102353872
423576379
193794455
372346553
4030487181
342930849
47362512
4151302036
42830460
3335846645
1039195958
22210309
3033485500
4142629901
148789040
3026658703
4099398921
2805296767
4144830801
4182258314
762975751
613729762
12512232
3884662994
944636634
2378260048
731022282
4139586253
3290821630
3304677430
2645139424
4151185767
84486097
164583969
227824906
208710603
1664992868
819626300
2268398407
2485125878
3293013219
3358254825
17963895
2189135088
4182061274
28155905
1677112596
481719714
2323085725
4136971301
239666946
715450193
260001030
365225968
33341277
24893200
229268224
3286056938
1472422645
4150422993
107152070
48732515
54714869
259529922
2312411018
334901553
3050983548
939037676
2998714566
44191989
4055350661
4151641223
352531042
2469524657
4151715513
275102720
935707333
20597205
3207450843
362815535
4151732775
4151579296
18030633
333583958
47453648
3306420947
38218575
245902259
1066383108
4143628349
2982279911
18983707
418201209
609451438
4037038334
2469568903
375625108
4152282981
288463244
4152256216
237499064
2893466710
244581175
4038582874
962232894
436094382
1638674618
4098979534
4071944356
1295055038
2424376371
2276187368
480736277
3706759098
861730880
430727193
985401050
4030787476
4158989654
3046845514
3972855701
2465239620
2989694290
1149036684
373703345
2955895461
2908211091
1958425854
2453478990
2464368113
3503885655
2291521514
167958868
3161194586
38974140
3532779137
3096527939
3343853799
313269222
3306434174
3254589542
3343788791
2596250359
3090952924
174953869
3253397442
3334389333
3334295723
95328979
1681956830
902614789
208083510
2651482988
248805664
277805390
1228545349
225379065
96307231
128073024
4165158197
1548793416
913138123
101791445
4128025212
28830480
3577713198
3312883392
350425853
94937541
525595860
965255749
3852490815
594069992
552087109
105074490
1649104410
28022257
3585387552
3923168657
4173336447
2264452751
3035873933
2866089008
317192373
3081255524
1911169130
3957056419
4177484295
3166205146
2298871851
486106100
4151960477
188836276
2467737702
22240612
359017598
2716396878
559916075
3233300829
1651636675
4168768759
3273213650
4030580717
960213157
3185122158
2799246575
735352813
3185119044
3233346767
567170154
279508602
4161944352
3181067660
3788243181
2492816143
537831888
3881702021
968465803
4134896593
3437686247
4124457618
4124526193
4130509646
3237089130
4113941241
401546795
4127261832
2552556101
4111288043
4111410253
2827565141
4109755595
3346375318
3233333555
354541251
4114798933
3233339849
3185124498
210736487
3856539794
4111832473
3402988642
4097643377
4104906494
4069462761
3308250011
2152208320
4070240933
301806163
462617798
25287077
3641173517
2990361383
129153816
4065284777
4056979762
3165987958
2960268063
4048447017
2792375186
1106002999
4054028391
1943792778
4037050393
4054484421
3729135019
157148066
4032723733
4053084124
3343909030
2919186755
4042554580
4002061572
4045080741
3001419286
2298641190
2598498901
2865935015
4041644596
3402628078
598269624
388234546
1305337261
596871982
3918977007
115067547
2401935920
4023928535
3985288918
1908736248
3898529621
1403110772
3856919958
3847994059
1773664796
185745880
4002348539
510809181
2375923306
3268868077
3955191613
3955459093
368460679
3149521219
3155675026
3607612096
3605176397
3888591982
3629331433
3225999898
3066981911
3947008452
3947408653
398777881
3986473517
3684454579
3379350005
3683819416
3916538053
3306737617
3933421159
3933650894
3881398633
3974201963
3973468456
2647371202
3865364355
165157928
3511689322
3294302460
2717145228
2518480786
736710024
3434071306
623346076
3905890585
3960624281
3948996017
68843909
3894197532
1721367170
3954339364
3632362821
3880441576
2460071091
609437277
3757954036
3876734658
3871005860
2544233642
3939804106
127030142
2825063462
3937707677
3865227315
3654664877
3936810274
2182432160
3912515722
2394872832
3822286094
717828394
890418548
3174445683
3828108734
3890238809
3891285077
2218507242
2218513417
2217929809
3890589862
2217950748
2217964159
2217955938
2218538504
2217981493
2218510915
2217968150
3811233854
2218532251
2218526006
2218517227
2218514904
2218506414
2217926496
2218533817
2217919448
2217969727
2218536409
2217966200
2218531880
2218534795
2218525903
2218528322
2218525189
2217903654
2218002438
2217918007
2217721981
2218518985
2217965101
2218538760
2218531891
2218538209
2217956948
2218541875
2218507280
3499108097
2741172766
2758932351
2218540176
2217677767
2218528434
2218513478
2217827557
2218535210
2218529270
2217920712
2218521211
2217961938
2530014547
2218528332
2218542272
2218511664
2217965132
2218531933
2218522903
2218528477
2218522746
2217971719
2748649880
1156825026
15444160
901903087
279414166
2590144724
1245945896
1449161942
1641614732
1909002734
15428397
2925407813
110963056
447334955
2542045038
2599444560
15843059
2838117143
590211920
2996462212
1965905149
23328035
30875781
1965576588
1478411316
262742534
152928734
326994013
45638072
14828860
93295809
3012699500
18924946
352470944
27917611
388964816
2698778155
20200651
19443377
97492736
1337268200
2923443150
98958990
429864603
33170847
3171549289
2580148125
16276552
70528636
3022274595
23119276
165675607
472122359
3229908828
429533485
188760481
343709239
32366249
61089546
2364686414
66148549
2641505999
220233994
2603969504
3237955018
28849371
40957401
275284408
455346913
2724501098
463074952
227509119
444205853
14061161
2350908973
885372505
2939034045
32913997
25083002
313038011
776993419
879038035
3462177972
574621059
3322754713
552282652
78599720
77062830
55133916
89743502
95981083
74479317
88012558
77231473
95493980
77064180
76688036
90694084
78419512
59274071
59609288
100538334
74035510
69218324
96184413
42174783
78495596
78139444
40037388
76692861
76715676
78671324
57790392
14377605
15358651
15922214
48115928
172858784
16434558
244655353
131144091
15764644
18320874
325830217
15018709
14194108
5610682
42717708
702043
14862354
12858
6052172
1144151
27693
22843337
356885109
356382421
47462001
210833051
7651862
114547989
369505837
22429979
20858177
86537404
87768088
15667802
402472046
74552273
446657012
939091
340333435
29450962
666073
770128646
44238517
69295996
14327933
84552932
288515819
25896607
389770689
49202580
36719281
26278266
1135399020
38095006
29757820
27230268
25108747
29560305
28494231
27706170
27855595
21779924
21151125
23524725
26077294
19891960
20975259
16502385
20072179
2480079168
15951830
22589302
21631217
26139323
14161301
19146070
28247466
20730485
16360470
21234838
29244896
18551797
15288851
7478422
28145043
36083748
44343661
43684370
35771747
36012492
43907445
16607975
22380725
24875838
26709038
10157042
41383366
15592424
799828
22287769
27290542
27456097
17679508
35850957
31323368
45402952
44013858
36578839
40485628
26754391
45613675
37250082
21602526
43923358
35165860
44322665
24692292
14308982
17359518
12978472
23589746
17564168
22833587
18733708
18175604
14579771
1721321
813142
57107167
18160275
17411747
85607960
13225732
109633018
9313772
112943789
43723602
17797100
16481781
48159203
28859130
41243757
127665590
90462463
1509941
58128405
20121960
85234611
23215583
19058681
15947602
150317190
14061771
139220786
61848087
174348019
18343779
17093617
118017268
286218785
48817946
60854668
276991521
10707
288121169
36743910
23023236
33257057
18170896
189584735
15762708
778057
245039644
214821759
15588657
15846407
22137035
40629923
10810102
247560825
36686415
107544554
32767923
174593833
53496184
44910992
98129007
20667905
28360766
250268987
199390866
353292029
309747710
79366215
18270066
43383705
122448174
47285504
48269483
228911776
19018401
33235771
18344173
484855406
31497006
469368150
14095133
22811937
14368074
182514838
24017836
467668517
303509036
18286001
43638469
415985101
539607474
14328066
467903249
101824385
43532023
584152440
462229611
578627671
255719070
55679831
898073886
16492548
270424413
34268058
83265654
17718356
781154066
85663416
620268933
16350111
829945724
41780094
1024399056
17391989
18381609
721285358
574321836
131497030
619342609
1483166502
113667552
78648493
310105537
238185915
52437361
618300542
131500972
1950166118
32129142
550612446
349112221
1478394204
1879311486
1372530787
17004618
526633650
53298430
276979950
297389771
496160942
403119532
47688904
257058729
139474919
483486896
27156793
363922615
174991892
245611234
119985197
176468837
224060213
125469208
39219494
56646688
169013211
39920637
22182947
80002254
107766712
47986706
110972471
105749438
552322111
289727450
14165865
58258187
130569693
68786483
76836557
138128283
41370439
35708962
14138724
34044360
87223875
77040655
73889820
85194283
25444855
96608247
81807207
77859562
64843056
35114275
111379378
1191819433
238367325
788621538
24931027
2475510552
10399382
1119621163
253635731
461265290
2362792520
826348741
256168633
48665546
1321526396
2317351705
1934610962
2479224200
78706973
102766938
24024778
32698959
443215941
89503894
180380677
1857099596
54625633
16035471
15978412
1291770157
2531533170
525601421
79028016
19658614
603720262
2970301150
50746928
718407421
20783
1694040764
2964950313
120150558
336162969
757184910
1237291
55899260
2195671183
16076032
3048023501
2329066872
2304938610
1699497692
2252467392
207243664
250784170
501333876
18148907
18240736
191477653
215099628
258850836
222266630
176905010
15991770
605721374
139738464
2245422732
99786592
15537855
135575282
236026761
1151193788
43758222
18772897
1909568287
143879845
3001349853
21829480
329323059
35571781
30864583
61275359
59145948
37730129
51205137
87711816
59736898
285706952
147241562
621523
2307427692
60784269
1347285918
164903782
160348098
1924620415
19418649
2374466929
1668485550
561472260
44621097
1668018894
18229535
72720837
1861674800
3420040463
45931428
478855762
156154573
2376969194
2668273160
2428776326
252051097
547969112
636303971
462104542
277030308
55915010
212302405
919614626
424083365
17066022
2518282478
30013010
1408003598
83642072
14453704
16892481
21918310
1978030782
3140623461
15462819
7091082
326184086
3547711042
3547337542
97245826
3740236336
280863318
637378580
49700792
2465207048
19878055
2427485323
242907470
21534951
17423554
190890578
316389142
1072008757
57917441
163586067
502135911
474464413
386815916
51514193
217550862
90350594
997684836
32071013
538547125
3650693118
220911060
2824855980
1180379185
43317553
21313053
15822295
930139483
335996055
46667249
613344549
170649449
1617199308
716218957
212161677
338031886
2164918101
1523391193
522331943
194323632
49095683
47150433
36848065
155516708
230794365
333279626
78050153
75988202
41933551
1681749690
329172077
80604718
164594444
291080724
398280331
1922358038
182370888
190954763
263610402
2866045937
2644584832
14911067
247941031
266867464
487385047
3184415596
4102763465
3129689513
233933230
1326473227
3289719005
850856670
1870532024
402137161
2707179360
139974630
4010036741
3421091777
3358571854
4143391051
3334206585
296649845
210573965
331062901
2706721732
615434119
2716819455
2918610503
2393446849
822870092
2432976324
905240773
738148470
3302377786
3590890234
3644508623
2466233328
1610979109
182996069
2881795581
3988029749
1022146562
908793385
4152510381
3248637092
3901409241
2885331909
177319531
4027732519
500587821
3998145843
2892934608
885733974
56556150
2845259997
3761697199
1667261718
311724491
108196946
3523521797
4067410335
115004208
2334493204
169127327
2803882572
1870052112
2441571577
2658319184
603743076
757998810
2761111690
2748378230
2375121355
105177346
2783859084
307647873
2815132784
2714408407
390663084
395833889
2646982201
2783793893
281591919
389386996
1639316095
2794188916
2809264294
200060380
72650262
2821595596
2458677969
2543407510
2858619369
1923333918
2781425885
379308227
1624963819
551578168
2782437461
2915235568
2440677384
2634006652
479547775
2278463712
2938415062
105938190
431281787
2295477989
854414065
703782964
271024655
504718289
2973773795
2962964163
1807311853
2436486004
313379247
3074842497
1899343230
287885364
253016590
276900100
1227218948
2829360488
1600713294
3114500273
259056263
3015958717
595539779
595588538
595674783
595677336
595600855
595611724
3166733025
2773911375
403360581
3260779161
3226120672
3346036288
2649045962
3365397130
3371249883
3126261083
2752022010
1470643620
3260725099
3385860149
2205683763
2452872000
313107583
1297902938
3063929542
29784333
2581785682
3340861042
160689221
338083637
444828881
91118269
2605898356
194081935
23976386
35787166
27260086
119509520
100220864
26895879
26516984
127415560
64643056
115754870
69231187
18213483
46003622
48691731
23561980
18220175
103065157
61781260
409486555
50055701
91537446
239332048
1676238666
16717501
490126636
29701712
217749896
551669623
105116603
80820758
50725573
279137479
31927467
40908929
28076276
2649991
1994321
148517828
164263382
612473
6467332
141084952
269729359
236891946
122994639
1093090866
209584092
16389180
15108530
133663801
37929976
44127582
28718775
15110357
153810519
33300246
169426475
487118986
83466368
19489239
206717989
2428796856
205622130
633794939
3301508964
1690415646
93484066
427288938
742817124
18814998
583561154
1901298962
3118537148
3350465793
3313672253
94197243
21369637
13669222
3004046817
3957015382
2328513365
1195361966
1311267457
3234326929
454047437
65097918
1160917645
62138549
1262623074
2558414234
22651134
437064431
432183652
763526204
621712089
2336304936
2936714848
1638088080
2373776488
316403993
1028618214
2975421042
996143635
2750693907
2971293058
34578106
618208031
186441079
1026046897
214531325
2914442873
2531005222
141717061
1351527318
3334164623
279648371
2297473461
1378006544
45112524
3330110783
31203029
1615371307
12030422
1172741179
321345536
3305159801
274461882
356413288
269256179
69021389
2798860962
41216909
345535650
3358798571
3586499419
2916305152
1433921922
227720229
53660758
340215327
571643189
549762771
25073877
3063963860
400383768
1243605769
396056819
818199702
1021530168
92997466
258274614
849587166
1051543202
3070029193
2802096835
272838976
2713629859
3291451453
3254447096
2219583486
1313162304
1305109939
418210984
3069472488
2834116456
3068049323
3079876132
1012147375
3063949344
315838465
3864126029
3919383107
379304407
523308260
2285083706
602525396
3510237737
64286082
3102885835
3197492243
1332208500
2931525574
340811346
3634156108
142759156
177195399
2841326331
3298614694
335320739
2984528890
2651458802
3314795460
1968914257
107731692
3565060636
314544762
3147205067
4037372307
348343259
183311523
1817299992
2738121299
339640196
2866207503
180287015
1580650987
586784986
306826377
631998615
298670598
275213527
100861337
467551101
1942073221
1852282556
1149456618
2590557376
2184045924
589570233
3742469667
3342870299
1718154050
578213796
3413439609
3375894179
354778701
38464264
350137239
3362059647
185140202
1186924724
249495399
606527868
1916513502
79449809
2289496913
1877612072
1942606062
54635202
2829251164
3124586439
914750738
1949257626
2618155863
434839326
634718782
1543434896
2444222713
2976459548
520996614
1855202713
1342831946
2976238629
2381747401
246676814
92423536
2670014906
2579968515
377775232
1068481578
622045531
282449430
2243602867
2822427393
98344427
1105693836
764977165
2772247827
600934289
1142915833
2194559654
2720904688
316960550
2660065806
2574520295
525147676
1598343985
2459798254
2289590005
2739068814
128002776
414614624
41786149
216231636
1583197964
2797168986
2645231059
2492749862
309448628
140488355
2278911612
50734980
284045994
450241139
444541780
1959570253
909078528
2650137690
422022272
1870297315
2731738678
200305165
2718673139
413836789
578055822
131819803
479520226
2724025381
30525901
85775537
2390669608
437953396
18104821
2506558691
2753290054
15678723
2784071251
2430635384
233581490
2457449013
2173412596
855642523
583356370
34674666
41077287
580523507
1307989045
558480423
1627949264
2300859615
244161384
804471913
548733280
17237008
340245941
144298455
190481460
488408478
282028481
297378462
2640137145
83623466
221031131
324211081
62051546
312159944
768213516
2577592328
458835549
1008856556
446072314
618965963
83104953
524957586
2313100964
1723812235
163711924
282980703
1976656130
1353261397
360500630
126205101
65596271
154228083
186017092
123579502
36336542
106193672
115683157
79776634
435011337
2720659383
2758133291
2190675966
1187966664
2317312463
999235363
2535897575
2422613932
2354270524
1585570752
576710637
14897584
704658197
32132536
1288262778
328365005
257635906
2739599164
493100447
132659714
1910738784
2729585832
379657634
2754511004
271401689
26012679
546815202
313325261
2483486018
2559126178
1340026976
2772144096
588383592
90515879
2687741972
2527759244
311048938
2739843007
332527680
185776960
22819146
1006901664
337579638
2658108588
316380574
82050044
105779775
315800752
134778688
70673772
319985090
2742540114
315835296
2439976980
121721167
2337850378
555211735
866513982
1623599196
86512212
325558117
2410829505
383696202
60025762
28117421
79293791
24966423
14181054
20225875
14575107
16561884
20802277
16492009
49061402
19615098
29730065
813286
79758113
184910040
2161258523
1328479316
2158403571
710795496
227410776
2274957096
95609825
776550866
353017579
81205220
86547187
495496046
225443784
320783984
485825542
352960836
354233476
132486260
206136440
264250298
475260642
387510786
1188387612
42668625
1655073361
350261314
411158140
170278683
227263347
249979848
399209630
560029075
855653438
197328324
73718569
588477580
429721635
275918074
423083095
1890809011
818615730
184959459
99818164
600180303
69575724
262712075
870659395
223433731
80393518
583164549
412783057
812378808
1060469952
1949861346
25344616
16910746
39724278
359949740
635951020
906408954
1066378100
431504973
469460368
502344119
29705778
237639451
38943050
293801851
1652253877
1023032408
234295983
398619983
84528256
139735878
212847321
34916361
163379148
255456113
2408831888
1189205972
997241287
2239932470
2282290530
357420186
878125380
1064839428
1467466765
2355163250
548417945
92248316
2570404595
1182485761
221781204
183614010
142885691
56990056
2301058585
2553957625
179294405
2450540152
189243913
459254120
277878947
330173872
348526316
14879097
2306038951
2723830559
368582358
199888780
828151412
483879506
2771228210
310483039
267031989
287915960
1468973473
2751971037
335746740
2097571
564649125
300875329
358953123
594960763
20907248
143409569
2161270042
2800528076
1912035721
2800969615
311722988
535314446
895504393
2171170209
2765766239
2765039008
710840544
477798705
2462133406
461029443
616315175
229784099
2796164832
2277408552
82573447
2326031649
2396953563
2675832917
67418572
1712330570
2603498464
942892434
157437373
227689182
707645133
2795130374
1088935854
356124614
1330949395
108855634
2715341698
200105184
603002161
2383711587
2798121786
526096194
858478088
711585829
31540131
597172545
2258752414
634414304
1227585840
356976202
54501770
1531059157
595073509
1488532736
1058682648
622926198
1927995278
2359198425
89541477
40032429
711216582
2387342550
759593526
78739872
43335705
42664672
2777426659
2163604778
1128163856
1927212361
2584271502
2755291435
2364670684
247351807
551672635
880883612
81896518
33933259
2289008118
20646711
183246304
400093290
6450322
16300786
27916865
22708797
44783853
39250316
1451070494
21898041
431650564
1534474406
916837015
1894303080
240641671
1095126116
590428099
2299497066
314647506
129044592
147822964
220337960
483652901
580987475
281869882
2266531910
61555491
23785474
623910513
2793371089
2373906348
231943835
2396910715
54730916
346680340
48141619
18850866
198996458
27608231
70651442
2591800596
132485659
2266796619
2394294890
48297408
145599210
340590608
98011980
11252962
2588929422
465758291
2683045968
392330341
82927134
86511895
398767889
300831592
194128338
2412478158
1626030667
47509268
494855838
632293780
168678274
2390952806
59815702
139678406
1724941586
594820949
62064794
507168726
279439295
455318515
29301346
919310282
406433649
273959228
346222084
1329851618
240361284
556774652
223639124
220303964
14138785
15438913
521571550
556974591
54270673
2561496426
2411642070
172408516
2619187285
2604441678
1615330951
312090029
1578789001
236960657
2498282330
2464931556
1615475828
2766221033
319170699
2431438184
52551600
3004231
16409683
169686021
17696167
44409004
54951973
29840295
24775528
50826280
27406401
71099570
14790966
19571299
21790160
19248106
85603854
390443359
45243694
41481366
66492624
720577573
289076761
32959253
101928415
1222283863
1004111881
157140968
1880108604
218860642
2883841
22179997
286286864
25087685
20710809
20177423
25093616
14983935
268049412
229461485
127881758
107903036
156637668
353760051
581984314
138559365
742434974
757303975
173906170
107036780
16727535
395904108
143099084
333554877
88614742
327047799
132497004
43042353
80383840
187719462
1125609404
1319444917
1147907706
900277645
494093727
143956763
261392078
222959530
15743628
1427565012
16201796
116684074
816653
321300470
142614570
1565606280
99457985
974148427
48203064
577057543
84426628
78335516
17266725
1134457646
1477768686
258561138
139446679
208619869
1849048027
75626513
378831046
1900338114
564686965
997285801
604300001
536332790
40239058
514542342
76345874
30047168
345969236
135072294
113678021
2171129647
24955570
93462110
1954402777
2449827914
2359416884
1338765294
218184272
1474666800
2335526499
49599842
494734053
44196397
2269376269
556087546
358145399
38055392
288695149
5392522
14437914
5741722
15918708
11856142
25053299
32359921
15764136
32178941
37508738
126326127
15907720
94199767
150393828
154154464
25305242
212127041
128879778
2762706122
538236241
322803324
2792641495
2539143904
2563374151
1532154240
1252808496
2472491474
2179746340
2350663003
310313105
30169170
2746082070
160309779
340372309
1025985499
307263736
111820217
1267183171
2251305894
2798527106
36315182
25259710
143384764
15224867
125786481
222041171
194940608
42845729
121350422
214372835
226147887
110528547
71497754
28706024
292157444
23832022
289280632
51006930
219915520
130734452
393588339
291731009
15809249
89787662
145954040
195170108
27510384
73103368
150997691
45133678
122074212
212494307
64433332
123192857
198910545
86378661
58759599
216837119
77757746
283300934
95918370
249545520
95023423
166612666
87879696
61601584
271617242
194705236
413428207
196157593
414944413
133227022
474714198
406620014
441223265
333456075
257998725
423910110
334613389
247653244
245660877
115118715
219199707
27416540
20583993
65873229
131646910
220275216
58062293
157498543
462747202
205042751
167543797
195713752
23137747
285143471
220428365
60348900
33543948
273129200
132714227
386019272
59896854
63723103
266930441
169438120
728075598
592678096
17130422
290570868
526677862
224646999
23296067
304808873
221724982
500704345
194159259
123545907
79912956
71096893
628702263
571935359
90430658
374793265
202422118
132150681
84417933
280578387
1689783355
133420166
234236365
416714582
91545068
485830087
34559364
205309138
1885356901
1469052374
900197612
350998699
843574525
1003609032
514722218
168638956
332053668
290043928
101476381
341381655
82212001
108580615
49553725
36761669
276120124
23799890
633802857
217688089
131947475
821045162
243443155
284915607
41574294
38848610
117466682
212133095
2338479151
142070691
202055740
129962786
17855968
2535790647
71373267
450505220
1861973173
131642474
169320497
2476762302
781201268
2679221276
51871909
259928837
93429356
2695947121
51198259
25619667
98588767
1551190549
259215736
807864978
2761824724
2743006150
2789735491
2723889143
2735443239
505902674
63826821
43261344
2761708198
2786464130
185564235
88661178
499044969
140554926
293907018
2211159196
618553048
269962759
2281845677
236921250
261957660
345496607
419209295
1428179526
219269468
567238337
1647749214
69628745
2549735500
316004496
1513273500
1582975148
587406023
742705310
420569364
351695267
2216172765
314902234
215123222
24661962
2169167176
1063719390
294000078
2368726959
159769949
2759216248
30042550
312156369
134503285
2890961
11856442
78890225
35002876
11014272
153718208
15012486
28785486
14293310
87416722
1367531
9938852
2557521
53696134
140070953
311501938
127112875
74154036
305882592
49813808
126998863
22059471
165503134
17507198
214951909
133731076
171697517
337255162
387038484
378809160
216331785
37019708
19900778
2884771
166568006
34713362
472321669
203414077
105765750
569053466
39470235
32660559
217012298
452965366
270952939
82826066
2408084719
2419301021
616444844
264856221
1913776171
14511951
2305067593
250278830
1312213699
31524221
248332338
2411447383
2364947157
2439169294
65335592
509096095
328544239
2581564491
1456336345
619920247
2278951088
395534057
15708272
353517175
2598200760
189950643
1178527687
21425125
33835592
32829912
29546945
16681542
42162472
58598187
119771348
41814169
25365536
41331588
31239408
21681809
25333609
836445187
20545055
198832739
703249028
1095237367
1382864090
2473920246
608212695
44090289
2744488147
69718936
2438336631
1433188795
857419416
2567190028
913186952
65077077
2370748242
2683630548
357410224
271447192
979452463
30665326
1135659194
250241856
769988359
16440035
2712261793
23844021
196734138
2738680814
278186034
2658760543
221686948
2481983263
1702581054
824008963
236898676
226921482
562483515
310223575
217344013
2412355052
82856561
435735590
2367184111
1525329098
372673091
279448877
95291791
1172084084
863034349
44093375
1412789514
16182044
1856557064
2571341210
36710713
175054537
244007703
118648805
103800140
614530240
20427406
74566774
58430301
20511074
18640288
17680372
29458153
69030191
17781955
18898143
17426969
15676118
10228272
21447363
807095
21021891
15829003
36665547
23449774
577176707
413387003
38220933
61216579
962088391
950080579
702247658
1427331708
863547464
340497694
257044600
39961491
565813187
1541963209
69725772
73089507
277702843
767498196
173101882
273431885
130524341
80636236
534130932
344975320
1359542724
58421382
238287890
248827135
1140664332
63999908
381429945
1484015923
770341250
20663500
439838598
58803791
27114180
73670724
2253758823
835897285
210994772
180701842
289838165
257399365
553439564
236505870
266102331
293944969
2367911
19595976
18216080
25207157
52939106
54387680
20322929
19397785
49695088
122387605
72414101
48484999
599215631
201006536
87818409
2467791
238554588
248929204
788524
113317910
485748503
1555200163
117087700
176566301
1896831372
194607562
58584629
1221878696
2244374245
44900997
612862671
9567972
543487087
404112499
1162687218
29496004
198828214
37670274
16396046
147860682
52049908
36586787
52548075
153082849
143752566
127002728
103718819
32692300
22429319
22436004
105905066
57001414
65857373
33595608
50176813
42210513
43683246
25433748
42522208
49398936
121089129
133308492
192313600
88958944
113565717
77230919
143803946
66431240
51410369
57405942
55577810
141612873
139212765
153209413
183265936
117295724
141279902
20761202
175110874
32483780
29477943
365512645
348409434
545033219
433426660
248606848
2388703801
315424861
393845449
36670025
740148150
2732014405
87068122
24892308
6860232
18424289
165198361
283419643
335925186
489486716
109784359
470914193
265975488
47323938
1261396326
273826206
196072028
259460777
22641545
747490753
458203175
20577920
108227176
193052164
92243656
285761192
224620348
89145100
433611898
42731610
25387183
191025824
257328332
1103304463
116817682
148229650
242279790
1896896846
31755637
81641744
252472885
1322218482
23584333
21159536
1883527866
17689864
492175190
205887871
264248576
1372178946
24597982
92601842
1489690303
56556045
264867459
1675584396
2166645894
131971803
115628224
2272537928
420411751
947935261
115049505
1647483986
42958086
19196403
69271273
1088596340
13374
237007475
2665950494
1561354518
102773464
31541065
282243524
2558804928
1287574106
588492837
181636580
975684830
169114999
283884523
71912145
1542400573
2762456732
59785531
14800270
16085646
43008762
19396560
19257786
118880936
409371254
571083342
1061686909
22742588
89792222
223454816
571202103
15859268
49706968
42803836
1884423823
2296288099
426071922
17352232
108155457
371346012
572225652
874205856
972722412
540734980
1284306812
155125055
955481971
94210183
1392985646
421749440
587682352
18369254
1525342994
319108336
118657549
384587093
194461482
188327237
508912396
627133548
135184183
2352938133
2156951100
214121051
157918768
278036371
972651
759251
776512543
22101064
2228715151
188006067
173792373
108279785
769075644
211659198
28353935
1260177343
2723970928
209768442
2229481826
2575317816
2593006939
385372798
1155559146
2704914462
202136139
546237443
1821335624
102075889
2428480975
2433799876
1495394016
2367334541
2386225805
2289291820
901767379
2178186715
1566156270
198552436
266600056
250545055
2666091062
380603710
271500640
2744531277
381477303
2708982013
2602234440
150546196
82588735
2741041702
2555363075
2483954344
2273316386
2448110056
170599520
2741154010
782481948
2738312555
1875643152
246334433
2612093700
152946064
2277997410
193796279
11740902
2249437944
626668081
332666398
23446496
2550392828
2738552812
2201205847
1636001467
438671717
2597940265
2343373219
786852361
243843957
338301147
267285211
173744348
349629848
100619114
129900508
185679558
148712147
210457450
364814031
96736501
146823654
155197969
118518057
94879188
232406906
489700168
87944731
137287759
57468644
252482393
27856717
541123587
112997330
500326224
787239919
525060895
286765088
1019668284
478656092
224287298
63744363
141953654
121110790
853240033
636987877
180505807
77643398
255704761
20250541
748795033
794975898
64019328
155039718
329439351
35692731
20196481
1185360559
163926435
14953060
108936631
160546286
55791762
602229787
8559342
752108780
142341247
39475212
131319738
71545719
1620679315
288144575
163533238
89419415
37949310
583591522
66433645
28966228
226165681
570195888
234388114
200996438
269418955
170263861
226558650
204820627
196504255
374393545
44421150
198471678
177583133
165514655
926181036
121909585
44337029
210672573
1957309904
1229644513
129765393
222245799
192947735
1141530888
717761057
336076505
236369384
2210127354
303192746
164045689
610938274
131785861
74458149
992592265
1264788474
1681521630
38920431
403475769
2151111496
38802447
621925756
28354730
891073525
2217259851
121237845
398761605
66000793
2422243666
1681900519
1541478282
2330765172
196614278
1616481870
2693739718
2676997354
2609175788
2718973215
1585283078
2298391015
934428066
47479695
18320887
24558926
200209096
172786205
55121922
574680161
1323221012
2599737926
176231360
203621949
473533854
1678534765
14993272
529657738
2697882688
474882535
302881437
21282867
2342450740
1145854104
2217068947
1641850028
15108702
97261425
70636581
15007149
19674502
2206902068
1558901294
2199833554
387659913
783214
17874544
209500139
126778579
1133604667
330995799
1331073302
48476482
40839292
135187648
56891751
24164305
24166580
33159267
42379703
29841654
135312824
67465811
67888012
52420819
135973690
38797799
146965705
135295059
46319608
159086582
103939261
21474245
31322556
188539577
53817066
101825544
71613068
25238117
26400157
132613428
308591924
69266428
66857043
148685893
103350352
149664798
49058640
181941029
102117124
425247149
137435435
158493079
28314936
314849215
257350587
141300574
69281027
276939439
278066421
20590165
24860312
116915464
63845653
204481211
862729310
806809369
391741212
58990787
82453062
52121189
38043442
15609449
242342302
41142102
228769818
420268219
38515708
16570573
577988695
77254053
16215821
15998593
277009707
168505124
395286435
62851714
243094102
163594070
16250400
1598644159
184863575
2414289913
867214392
22255654
67727882
282280747
20596281
161801527
232193350
27860681
74051281
20571531
102278432
44438256
19747220
34673698
70266297
44380651
343267635
18228898
18676177
11695472
19621110
133880286
22872308
361486440
240430897
233364902
55308417
245031486
5252591
88776580
19673700
22776526
245424983
19177501
336218991
2384071
227676615
15808765
13
19564533
16834046
329746058
93115683
74067180
335536869
21407083
21697654
153004670
1364930179
1330457336
44335525
16564324
1244602586
1339835893
1304864108
186154646
1344951
1898989837
2190933757
20571756
56420936
427900496
17297668
128586415
2614376262
2394433898
271505240
2478412082
2364841028
69181624
235582329
1308252685
759984042
470130723
775987513
24291371
329064032
55496337
294082746
260058844
718115433
1427292392
250126194
244746802
1008760116
493050102
214595857
1472987491
876128012
1509712298
615437451
1861640334
320327987
47033057
477613328
2425231
350884062
16887175
1877831
361501426
34655603
5988062
5402612
19291952
15820664
384388286
82853372
47331384
14224719
1102449241
558797310
19230601
19583545
22910295
34613288
14885549
4898091
5120691
8161232
91478624
54203238
16913418
47459700
16193578
151532036
30278532
16365636
16211434
9549352
14825399
63681020
49573859
35749264
15987295
21581503
14361155
27613071
85289376
20602394
27830610
3459051
14700316
342080796
50246444
148937517
597224882
39975533
373978904
126733638
128022083
599001082
1003354892
22832997
112411597
742143
17409452
157011426
8775672
15647676
66369181
229860431
9624742
263424208
380592102
40093078
30313925
631531017
27528339
14159148
720602048
179530750
90974396
71209897
3108351
15819466
14872237
63977305
20609518
145935897
430038426
16683014
263284370
74286565
211846330
14075928
16438248
19658826
57320024
99269431
372755940
50393960
11348282
8963722
17842366
17471979
15110431
343627165
50627903
136361303
348379865
17208213
14055301
26308916
17483248
16153562
433105049
16864209
398212417
249648112
343337373
29910549
137417756
252753618
466976882
155927976
150632123
155659213
18601182
19792845
277920665
22059388
5577902
22256645
880453729
1027197060
1084292089
628285638
474475211
596234519
249774830
601532827
741382033
436651762
872140297
250108528
102700680
68999404
125346858
138510846
1088844907
1180631724
248170158
117721245
160436527
139382193
187771451
201983636
245136803
113751890
247676899
147264008
257460421
267865757
357438328
88831634
428333
404315216
119641777
194889222
701693756
240147714
20109439
229943617
602681495
838369140
4970411
1009083697
28054681
39793601
30782495
276911941
104440572
346120876
273379130
203220171
175969463
253544925
284526938
325181019
43133472
51241574
156132825
265982289
337585422
321489265
233335916
285332860
216299334
297067961
15723414
228437800
299220742
18153262
40891199
19223156
309189963
264394966
155429082
60368096
19154824
24850962
18812572
104851609
9245812
284162672
1652541
6017542
16865055
91316071
15445517
67352431
356301215
104829928
105187267
