3108351
158736704
807095
11695472
35749197
16153562
243566753
713646363
2257844964
299562197
466578596
37916418
2890763892
49258916
298388951
453061991
29691747
37303975
780425474
2382134216
438215563
85182410
94594788
112178986
1595419400
42900697
15480982
93040724
54170958
365491792
120122415
94539935
25390350
19701628
14677919
16511394
16145473
92263845
281098482
85286794
92507225
1994321
133663801
473820012
1428007800
341980029
87187435
34262462
951480480
22428439
16717501
438355707
70385068
29701712
20646711
16448823
14159148
33933259
17744075
35717480
19243413
14700316
74413321
21290402
17467699
44136279
233973493
96782468
197431604
44603175
1097766361
108645834
90242688
43324388
887495143
142296351
259325103
211935278
210762410
14361155
2390354334
2971354792
14499829
113398253
425725345
58920430
2482058629
879161563
1052568788
1026781020
14755217
16025112
6519522
29956249
27830610
594110565
813286
14755475
291770715
84098615
18814998
142276437
3416421
2195671183
258260988
3030641229
3131019623
2978526405
168120097
1575287347
340848757
1123176930
2978097472
119878840
2649991
143367954
2410734786
7400692
2506883730
2226863761
312283339
191821461
259680702
140346685
518426627
788982234
85289376
122133343
2651350388
382180862
169196848
737848638
45323281
37019708
181698945
24296476
965995134
51284354
390670328
1605368198
36083059
702222800
333159474
58913261
103821088
102932913
40148479
16557431
40205617
1676078360
913946040
376069417
307217678
793961648
248736864
1259475811
399456292
1286835931
24744541
229894057
842342564
230440460
461282872
20233092
84286376
750666637
468125721
424540646
532869692
418020652
483658018
336129105
318003859
293608981
390044503
230367523
127308690
308235132
35152456
57700287
109433907
294800780
295623658
5520952
301474743
19397785
300928260
322643441
323239049
23034831
289983964
