3862700061
2372300468
3198165904
95263650
3236381188
18521687
624609060
1657738339
17735548
4170728953
323305899
3568411
3406918513
2906883731
1859824981
208271500
717981264
582748413
187476053
97383592
289914688
16151935
1412118114
105535846
28687359
1256902891
615927039
14003142
582678395
2332438710
2902884724
3255155808
3254871104
401775393
1360735423
3910825992
985186471
1416547820
2821135396
19927676
34798452
2938664925
1670366851
246181702
421870100
181182052
224609329
549891988
339070702
286712900
3347600698
295653803
154140901
311941597
17023040
163020501
182317200
472330599
226219898
367967682
471286854
245256202
3168995862
268950955
15809249
92487173
262063267
385539815
2260345147
20545055
50354388
1638231860
2379366141
1331762184
91134100
431366789
60668913
460733279
108889445
465416612
34395888
888961016
60649803
153474021
60659498
29995610
64753254
30180137
1156866230
24047612
431782243
574316759
370177516
240265305
90774609
19668442
25937737
75293774
210210834
91099960
1344775074
21403180
2475837107
182360370
284487337
87645208
225190303
269514560
109702885
19247844
221392767
3009364438
3976766235
49585541
2788652347
23930852
796211071
205280479
11859822
1335841165
2734871
2364698530
76957980
102323621
2285622972
206181302
21323268
239313282
20341149
732811424
808471093
2244603493
2854174618
212265958
462955474
45131706
340215261
38402632
23563666
112183278
219932455
2335560870
17680365
25045892
389640661
2757897300
816608420
713844817
30313925
155705264
45788610
113259973
21001379
188006067
1930622304
156735736
1286942498
831151718
29812822
1901341021
24926413
38633321
26043177
27749259
159708091
46279037
16185414
19011738
26131703
45777849
27476141
23733354
31369541
368933867
304445685
280119771
64759001
21568477
74463657
24343698
44146348
58785553
1530338982
20940081
24693705
17019152
134234000
130151627
35727881
34914032
59399268
28987332
165534743
486927315
21787625
361594753
122396746
125077669
14220688
190946220
73365668
52368140
32351549
2938974446
13745872
14073364
78097360
57411021
15087011
261428645
8383592
36320057
8832082
5969122
8106302
835871
15865878
812804
272785160
14834340
14181239
11435642
12477472
767396
930061
14749486
2230871
5548212
6476742
816214
8690322
6449392
3829151
610533
23001804
21577728
14645160
70622526
22209201
229385617
123816529
1933042237
53210455
386040209
33014441
481376138
56060828
76966092
2456898907
153966123
3168602730
2917394612
26644314
129712334
403489929
2360660558
582757842
2850578535
3001577560
5943622
16242081
185808487
64844802
24775410
33846451
41003633
7400702
27814665
1081
168857946
2893971
7905122
13982132
19661363
60642052
73147282
15808647
42703075
3449242521
717313
14885549
55859556
292265590
3002393692
3115810116
819800
7144422
30261067
275686563
14372486
1344951
2890961
972651
112243365
112236047
14454605
15441074
38804737
53925101
16039495
37798990
1192218870
116766949
18185124
16126957
16248319
15645871
65589378
44171091
490898528
1127225256
23135992
19478383
15274836
81619592
386057032
148418872
885089130
429343469
4036083434
3694919843
95717136
3250893044
2407954938
4069632852
4043983934
4186967594
4152296479
2734482821
275682405
2903785156
3316756358
135244335
3371461139
3268108974
1225640581
97481439
15674342
4038590720
8645742
14559929
1940514379
4165170621
3973651095
355044835
3777275833
294119866
356549324
4005100120
4032056475
3275363113
3966158798
21811464
4127249253
3084463087
3279284226
631438937
4146520263
3112017558
3291072887
4156448055
2717046594
3999191122
4079965394
3171908259
59210749
1213948057
876948594
212976977
4021737388
4166508503
128617043
2478900072
19291724
4106367747
100336140
2952939248
4053915593
73089359
4149832732
3976324159
3579140294
4190538500
1583922758
3335820616
533655120
4103512692
350153090
284436479
218943051
4016053881
1241885714
404884160
1947879752
4208341160
14173505
2762869480
551111247
4125762070
227678444
3880707377
14412533
2875456240
2695250088
589408945
4196407752
23831191
4168978696
1617958825
80110745
4191396014
4150828426
1243047703
3323178846
3927190459
3845666620
3269174556
3401531747
124207718
14688169
24583
3024496377
2466447313
4141653695
4048119620
902039670
4081873037
215814082
3152347960
1444127095
14753742
1736541464
4180025833
14962779
59031230
97474887
54208274
2510215220
15441965
45671898
49698134
21059342
16017475
21862217
475286355
15446531
44134773
15164565
50325797
1106501
48802204
16129920
69193833
91180720
15220768
21332200
18622869
18587457
158426909
24431892
9300262
38271276
59159771
18510860
4207961
81277268
20818801
55355654
35773039
2329066872
16955991
23839835
1241466836
189376144
16076032
240202308
1947301
255471924
932196612
633794939
19954631
606776750
205622130
16935292
143212610
193313425
34262462
16589206
115754870
368012621
162472533
120720108
21713090
35781487
408454349
20992801
169864622
64643056
77224096
192935794
1874666509
88538331
124270074
99494741
50303152
153810216
943272732
18020612
46473419
379069158
995749285
150573326
312993762
15580900
19397942
227023883
105800463
34374472
143779403
907891508
19335378
328634628
2789564954
33300246
44459919
3307929149
19977759
471019268
16708655
117777690
43115223
120189343
308367619
210390333
5680622
869912514
79173926
254061087
14700316
5392522
2968142896
69231187
33933259
145315336
69315142
173037393
353894325
14291684
14159148
81906191
15012486
2836421
3073646114
52367150
993849096
308378236
14511951
6017542
35818363
2696524584
2766703471
2958309957
3307911585
2665430990
2971434517
303496156
387181116
1121743712
16976447
3378666857
2626848618
319659925
59617171
2444522904
2870515126
2525860358
33655958
552005607
3908996909
4187650460
39606379
9951012
1544427270
2672895632
851316548
3145373241
37391190
3031942490
16489575
4058474291
1174067102
2810121313
72568426
78021221
348379865
25326324
44084633
18647765
432016128
85772748
3587374754
78714922
84536710
14791162
549470860
1879831
135529058
274040176
19212009
16929349
151786085
369514419
73359920
559725138
68399194
180124279
986441509
15933910
181268935
2826441116
173988421
183734502
21401466
250911289
142690048
19028615
69615397
27839044
60054156
41168720
68270323
2813202073
13018112
44415931
58462957
20160279
2802542301
21208444
15162193
98942778
3319804777
41338503
65104337
68787611
26250338
16407145
133865373
18462539
1968962886
204491797
110775353
430158505
24667029
3360919047
89086285
33563975
46177695
56302407
17448575
35880417
13014082
50687788
17137891
30018058
209004862
84249568
17475575
898058054
89084561
1922861
19709040
16147150
19397785
18462157
21346619
71026122
264153788
20793816
28592350
62911603
551373363
75014376
26787673
23482357
17511593
2495700853
16580053
42712551
2798255887
207507805
2929573275
274789264
360685668
3064309126
274673392
38237581
18746811
426159377
3069932037
80374332
1155522630
29784333
243334004
3110229777
815554146
3152826671
79320096
57558113
333102754
25113646
22185437
18139461
27115071
232049361
205771054
372618047
87080278
150846769
20416406
205415788
248829112
16125042
48203492
93986815
267425142
217160945
11399812
248900032
53643297
33995409
42562446
42384760
317370751
16492352
17461978
53853197
378205013
16812787
34430522
50811932
36731718
101928415
36704352
1059194370
35982046
23617610
19923144
30973
35936474
23375688
16303106
34507480
157140968
95023423
14920785
236699098
487118986
169686021
31353077
104249727
24275419
16409683
21111883
32959253
115485051
498340611
20322929
17919972
268414482
90420314
79293791
21254264
43139414
23561980
19058681
117778179
15485441
80075642
17915334
23065354
28706024
19426551
24966423
116362700
23083404
26565946
23151437
25521487
2557521
27195114
26257166
15846407
60049302
897947522
1180206290
501206830
493089767
354281108
15163518
45550670
899623928
476157633
588974506
104453827
55224958
986816316
114528129
24843679
472275856
2330223926
66643428
522122949
920122238
296141234
419376583
56990892
140356350
535750133
1691181
497104725
127814112
236586896
393353709
306737592
848472036
37664893
329588148
93863585
1183133300
191100531
1112837688
1136771436
129166436
323177351
955239446
53003895
240457900
291740186
76033556
346539842
994182397
859525963
2194127916
466781777
69513730
198431548
134398560
279185985
216392997
106993247
1224740726
14262772
55494220
633287684
247348607
399912837
584016075
48477873
240829435
1219475340
492354072
69597011
126436950
43061493
88203872
344313687
2304695672
18330252
55007258
21279340
150546196
14115587
162611402
16392208
73774016
408823762
74177226
17641457
298663128
19713521
285246725
24436600
199290168
487812237
33857678
800765605
39568364
426250262
227328943
2235189276
225625338
98425584
18867844
192749697
2834221130
50094643
323918881
50027667
2742709030
7852172
115827236
2513811746
592244584
3794908332
3290040479
578321883
3147993920
3992563216
2789127351
4009082931
269639480
2277119250
597669971
17904370
4080709334
407090802
3242819852
225010383
189104189
22981545
23048577
2173910974
746366562
1133129990
3306397547
16865730
3938340316
3248027462
2168242034
3167834542
2494610155
568735137
172493141
3299047990
2361516942
615239958
143209261
381942187
257053415
54532632
3176395313
19453020
2428205239
92016405
1455071574
3177687197
1106332884
1023893120
43932737
3070256762
4105768323
3507398539
2412318637
1373283811
2507130282
830805756
406533228
2283870529
3245776850
130320246
22763149
130900724
91268997
2437836109
243634794
2544069416
4075609936
2301716707
3561172278
3213323883
574512081
17007140
90764277
2910321650
14260608
31139132
17093617
15126388
6527972
33612317
187678749
17497382
437946133
2894514988
15651700
3807000498
14458280
164208193
3807109274
32457395
3131703052
2368317626
29130296
2899109548
1052099562
35767916
15882393
3236167844
3420709288
57497901
3185219793
82962882
3252289604
3555984075
3254341759
543751139
3807048254
184477052
949793708
20781546
208139326
3110775388
893689226
1208946265
2469646988
4113227364
313209888
41799537
621523
15110357
3975130757
20787909
3425332679
28140646
1754641
4045771817
286732438
118035482
112242274
39930469
25053299
67358777
3002637517
20562637
14800270
2735591
91478624
59394443
278691695
16896485
2382265350
10410242
389580215
58762464
2963882001
736254464
30638491
85552160
19407053
2466292729
1619528083
492174111
3781416856
400712618
325452807
544961350
14258807
59783143
14281853
361233603
2904648570
2479127371
377336493
111294202
23829268
385932592
112407373
33602654
25565646
2914062187
34675172
1964706871
2799110768
4055889314
143493347
48520860
15877628
40870308
169095724
40050954
52758395
3887170583
17551666
3294489536
82652901
65647594
20060293
80676829
992961410
153784150
16580226
1325232817
189253902
950249762
3121368563
34442404
50115087
97672763
2374039423
1388943902
24919888
24741685
3224242123
38134003
318571154
43166813
15984512
429851351
1877831
61533120
1266519726
13298072
110397757
728367060
862658023
19725644
15473958
18949452
34743251
14157134
4970411
426583843
484083375
2256223740
11348282
44196397
74594552
20571756
754500
17104751
20543416
53054655
23937508
1265295037
3797526689
22938914
3362870883
1339835893
67291741
361423602
2173670874
182147857
8170292
63738415
1636590253
3286902277
3047415049
14677919
816653
53391725
7212562
6449282
30315557
183622298
84142286
2616659855
18022037
16947313
53347647
21100803
19287037
3329528134
12101862
21572529
260907612
30284896
22536055
3868049113
27648004
5920532
32463503
20626359
3645145993
16385645
18332190
3804054193
402972230
18909186
520938512
88632484
4163646432
4136487646
3431722510
4102001772
3020451538
127030142
17062358
19530134
25984418
28139873
56169454
61183568
78433570
118626543
136004952
331672974
1299769218
6107422
361501426
17895820
34655603
788524
16887175
128216887
14569869
87416722
16973333
7587032
15438913
16343974
21866939
2394464599
2423478840
98983609
7376892
47287431
7076492
44101412
72235760
17753033
18887526
19818494
76351820
25489250
17386885
160926944
25365536
19591858
23420201
85874860
234428224
916744369
27869226
143825602
2815149622
17310915
519446494
1586183960
125370749
88907753
197365064
59145346
36909344
19329967
2563398696
15439777
248666147
193757722
181914758
706876069
183585551
166215202
871686942
237670274
326159852
19291952
15308443
16807528
15308478
86925202
85626267
15820664
21219666
25804151
29286670
59142708
69523166
77692824
170762012
457554412
380399508
558109036
209994211
262881419
74712538
27725199
22086481
21433995
95465386
20565284
264107729
1102449241
85452649
18713314
92717138
586136477
1660468830
2458414939
3165817215
6427882
443215941
104969057
14824849
166739404
355994177
38142380
400051029
1148701339
1201675082
493889904
493254901
486586253
454095118
431362068
430679402
424558499
424516301
424509612
424507776
424505296
424501027
424497619
424392933
412991144
385895615
362658007
362427079
362392073
266094415
180779476
167692958
163816182
134747324
124219169
66967746
65327819
36054262
26638335
24663531
23776825
20977121
806133
507959584
507658488
507282756
424514225
424511479
424492858
381112363
149041691
32388036
33875003
338237494
59742254
63681020
15589815
33546465
47319664
274587146
263093657
185708008
135501127
124204576
117438690
115440301
106692348
75010564
52044744
51065059
45549762
39533595
33475181
29681501
23579344
22126167
256452690
98866847
75020160
66643640
44580116
22858442
21109173
20587866
246283995
41113883
116211439
20141923
151532036
15687399
57051476
23927178
20439102
17185109
38440548
25311070
137645230
65182307
17064593
207477965
54203238
19390810
369405466
92263579
63196333
15632759
23760251
95229500
19923638
50627903
20225875
18392906
59624844
185314895
15279429
20506424
19148708
47459700
27844479
16913418
136361303
16193578
14399483
53082615
219240315
109080285
40078375
2327625956
70968175
173195708
22917508
110365072
208019751
424383119
1568105364
268349503
82853372
384388286
41118393
34217589
18448883
143478208
80606026
80588808
18904582
40015678
382527632
219275799
107540002
47331384
2447157140
501825960
284181046
111921807
33705556
19199288
17889970
526425773
19966557
19314650
239819612
29282820
19656220
817845968
6705042
2233154425
177446118
30345764
14871898
1469698322
222682416
2911740354
3386144187
3198091308
1963195772
3119918313
1632482994
2860639636
1341745171
1169574008
3271919623
3385628194
283827278
4119525193
280662910
3402154126
3372525917
143820595
76308983
793687710
375146901
61781260
50294505
1367531
800306436
3021427191
44599472
66515223
28785486
192831332
114159548
241007239
132477429
627755164
60894283
2906818461
414867000
4130945352
3277243866
15754281
3258664212
4009834632
1366428955
117707065
472777204
1243560120
138048156
47295451
76979225
50090898
14173315
309923087
74580436
3038926654
43064962
121113940
1068263263
562800078
331877987
493172275
428333
117029568
14293310
2097571
14493047
742143
117639849
309522277
104782747
19179390
38267947
74693246
51241574
17003765
34713362
207773069
2467791
382267114
460163041
194399035
243381107
3108351
158809114
807095
138709250
204911922
365704297
80803819
199196447
198618575
206717989
36329597
157981564
169426475
2894339911
196994616
32947980
2791479733
1964693936
155202983
158673182
190938916
356279701
183688019
1953513912
25852384
4118190977
21642976
1173314252
10228272
13058772
2278838354
121169150
1906983050
1208285838
20547316
386385752
20221159
512377571
835131794
461133856
27457788
3889919849
20506279
3250396617
571831117
76644398
113300951
57626153
539037728
270914541
191361314
36164545
3362967083
1262921364
2858025183
35136697
348974190
2810344255
3062864471
26862026
378810524
3056859809
201846344
14335498
20273398
160472675
455142510
3296850511
1355049062
541812062
3197676884
903664724
2450291
54336875
153004670
138163716
431948193
443876086
3193822241
3761819842
1391437142
545007778
243080822
3290017750
2609253038
2480951
14706299
238286421
15350570
215426629
2929414877
338084918
2804939453
41661280
392647962
31311757
32468665
56505125
783214
38679388
20536157
15818391
24727891
16425197
16334724
1157784678
757891106
388472947
16913772
17000457
89517005
137365854
605805760
297174372
22209176
15670515
2803191
74286565
1020696116
26775859
110963318
25073877
103065157
3147405515
202086424
759251
8161232
813286
50393960
994715383
3249745799
3064623424
3524751917
3421821730
2400638311
3047874124
3081510383
5988062
138037459
19562228
18055737
14123751
14700117
1440641
35749264
5402612
612473
19412366
10810102
20015311
20622594
44409004
36042554
4898091
427475002
18807671
87818409
22001973
14224719
17481977
15439395
373416209
5225991
22009731
14230524
27260086
54730258
20155652
21744554
1652541
6467332
24447643
18863815
21447363
16998020
14353202
209708391
