14511951
14677919
5392522
14075928
296111118
16830572
5654712
13298072
34743251
34960709
44196397
257799442
559675462
221452291
19725644
572225652
15485441
472003334
2317351705
316389142
147869906
198521390
2511477648
431429137
7563792
28665877
84685733
105212657
29675916
122130797
336124836
61355746
110195330
133448051
14498484
342432716
20244687
14554975
2910220558
459780741
84410385
19337262
83260423
13109172
2200143859
946814372
29049290
813720030
722746172
117178876
21447363
256864802
30935785
413208714
43711263
26257166
51348744
23346905
2860971180
62842074
135939869
1924642849
36384768
24742040
74286565
607274933
456901717
342782636
251275399
407510870
1358510274
368177154
308790591
803618010
309917872
4513651
476376242
634045681
1149684433
277616831
253253039
26304307
38567692
122028557
601227277
12409052
20142313
14784903
15965822
9207632
751521146
740878207
7872032
454423088
573003690
31535765
287931221
28187205
451953528
558799346
178609850
201542382
349540312
462254681
205354415
273462174
14304843
488003469
407977463
772471
29772561
22938645
170424259
18363423
167517536
242635860
48234137
26027698
18308192
320955800
436313464
25093616
14882900
15110431
1652541
33590096
355741893
51601709
235624789
90420314
15067340
95251230
85961526
193929442
38730942
319867973
165305684
282696452
21982720
19375013
39592451
342105098
387648064
27918696
52146755
43192807
75974281
336116660
288452305
21506437
52551600
16303106
25521487
30364057
62581962
8963722
20536157
50393960
11518842
24099090
33395719
40892016
21170612
312901417
52529345
62895167
280299346
27740143
52078622
17971971
23078160
96848570
38460734
21254264
