14677919
15485441
14293310
157140968
17471979
37710752
19725644
32959253
110827653
23617610
15898172
3300355087
14360757
2885489051
92367751
19397785
1330457336
19927627
1434251
43192807
30278532
14353392
136361303
5392522
23151437
18948541
21111883
17919972
25365536
16973333
15933910
19212009
2557521
74580436
222953824
15846407
51263592
1381211
816653
11348282
14075928
62581962
23103488
68767026
274738772
2829635030
813286
1707494708
428333
5402612
612449478
30313925
14934818
8963722
1652541
2883841
16312576
76652862
39938254
19426551
115485051
524698203
26257166
807095
