144569549
14677919
1429223046
276540738
183300976
9656262
61103270
3687721995
23023236
81285400
17028456
158497464
2340581
66464061
19826509
162171015
179588204
448476934
158159633
9207632
76926133
14925700
557379987
323515431
176414763
19033675
3176475725
52530445
92656579
173885254
100014747
14241468
158906112
263193752
37529477
235200726
53919756
2814914354
19721402
76727519
2916305152
41366041
2420307305
620672505
548815960
729468343
611941828
393708005
223472601
721428048
6480682
113439399
23027237
176566242
2532708638
39596022
3401924937
8236062
175619477
2485275084
14706299
334317382
155996386
223390918
21180952
2526748513
46509425
59015705
15901190
250805353
48259431
29896200
131418981
30488144
192354884
27022632
22070897
2252630558
18648536
337234249
423662810
312860399
16298441
21526685
743786622
86363143
2647139192
27711685
352053266
567360618
19540483
26939677
2592749814
52488565
8963722
48289662
33474655
15460048
59949396
6451032
434486604
15234407
354279444
18980276
24447643
169686021
594666501
262794965
28406270
17587207
2605027879
18518096
112481670
381919062
232702544
81480697
15888142
16618332
11348282
37710752
1582853809
89003506
21177855
274148256
439115004
76794344
18708466
334321077
15962096
75641903
128956175
19725644
16689804
31353077
87148957
25084660
70781559
122130513
24807616
21356261
251439802
40981798
23544268
90962704
