3851752583
23136873
14677919
3723244815
518568504
145907006
780416875
245027488
3113293960
99402071
45064271
79923701
476907667
290802520
55117855
1516479518
1207473092
17655448
2563965558
35764757
15606542
58550415
148270947
712897952
15997041
19079396
3272326423
362845315
3351308386
2492079998
42696269
30378001
25321854
17677608
194975681
1536791610
37291805
115814829
1872590082
56783491
27457788
252835084
25513845
2720327029
38259087
325832193
18396070
1323187164
3038426698
519324164
19542638
28061932
404137465
1134531883
1217327851
23329287
17505511
59157393
59145948
453319164
633980404
23690344
37831966
284274787
11178902
2468886751
2188731330
1598644159
608718058
3000185794
968325072
1954908684
408636835
167057988
5402612
16171413
37006613
45960539
205302299
2717254872
66918585
1530122682
325176213
124335068
14784903
476972074
822006151
552423816
146207159
351820198
15179770
2421438663
439448029
17525171
66264098
9695312
22135108
237047303
101613166
757328732
1597298426
119602631
860555190
70330083
48613218
760582602
395589480
252763592
55569357
2616142874
602993818
45922314
274649460
26598593
22413113
1078443955
2377694838
44399968
2297621223
21787270
2435959686
43965146
2169106993
28362110
83352390
19777398
82420429
75069067
1924364738
502281810
28448319
2238162535
972497245
135108060
610922415
596190000
35474809
71469543
194869411
1223174299
79366215
1149423990
153629442
87840827
23847000
42621237
1603426344
314163614
293148477
1354546646
6207762
1513577353
1339835893
39253470
956643457
1137700339
31685653
570022515
28909111
1330457336
42658749
20608910
17793265
342436012
1120755697
15704502
1152279248
188826974
407137170
184910040
257796122
1176705434
40893243
26366048
586119503
1113167976
380337436
278260007
633839483
14343320
20786801
915105313
14731271
561754773
19029137
199782532
15731368
880788770
248914741
38481817
239084259
59440435
23176276
16291568
213599299
64532063
355247121
332638587
17350250
836281614
19682187
8464952
80937511
432216378
597315766
35933363
602317143
12040992
15275568
20109973
36743910
574701478
8887812
55366790
17982423
577814022
146624305
18812301
470050941
30279060
41274607
544517731
92102036
426977583
506170249
14186183
337427602
276783568
8131532
22685200
197642665
247560825
15079315
36403081
386244525
499073990
50446308
36117822
364488011
112786275
398406287
460485003
243291022
44728236
138909476
202487694
310743815
248747209
428333
100630957
124925834
52251654
43869817
12031862
19385629
17371873
90426521
413487212
22195029
334800698
20921412
156048018
331075939
59864692
363061259
391665297
221621884
380599418
90767831
159004694
389110665
400880004
389096979
389084928
34282090
22502224
345671232
393399642
262525949
29888613
380684795
47510668
89820928
248717713
14289789
41265813
50644015
269380791
126431670
62175047
14230524
199390740
28717605
14453652
335361942
18948541
19362341
28096685
18741363
36169080
33881429
19562228
15059534
202396203
100220864
49793585
28382729
44784550
62712482
336116660
282735852
31326605
16867190
63644778
332809713
92363940
65929367
328150843
328149895
123835845
206945598
85459543
317914988
94936351
250384119
291724352
20105140
238319766
121626258
284602545
28564311
25917291
272247879
17004618
73402979
79797834
18999203
60919240
41212715
182221039
228254918
244176779
259392555
39638715
17030102
221670107
255779937
53859644
190012152
213731727
39830088
104053932
67634141
25203361
57792234
130997057
16620886
813286
27242764
14444926
8268772
7076562
22665867
24297960
187292450
8559342
38203387
22518487
22745263
125462363
209196565
23721478
131768576
156132915
15868067
156031022
18623025
47102687
58598187
60231743
14183663
47749450
40972132
163755960
40768837
26281395
139823781
47475621
121857599
193436623
51242855
181758418
59706601
113164127
127431090
46293332
23950893
173325896
188578920
15893379
123120543
179190435
162169398
22904192
17855040
23865861
90420314
68471807
15430198
128079851
54275319
39348730
14506253
16008484
24996939
16588111
54682125
19697415
26053643
50374439
38349756
14790966
19058681
35526816
26056708
26761642
36412963
22657153
21008297
101814300
40511475
24268456
65428272
21397587
41135782
23872248
95571544
106428240
50393960
19051864
29546945
15808765
24083901
18583722
36528126
66209442
89008346
115485051
14377007
20788087
118421984
49612855
59586243
14522546
7025662
33990291
20479813
31637433
21414413
16843962
80676273
17469819
15730467
31641658
36258270
21332367
26105653
14453529
103012275
43344093
77888423
42771334
17956762
33284336
58332062
15026302
69181624
19154824
9695612
38020826
9861842
37514653
5577902
61133971
19695112
59807080
46772380
41003340
16133962
14578499
32697675
26551204
21148293
50673070
61129467
18009781
38104643
18520455
42537164
36266542
14540045
16652646
24205379
39393274
26565946
31239408
36861308
19248106
28706024
35131224
36296865
34831999
24762569
9986152
23191756
22075727
19223156
15809249
25412269
17067902
31156816
36108126
29923030
17919972
15846407
15485441
24807616
18891424
34745051
33514869
32004130
35730347
27042513
19397785
25297714
23196790
31174875
