18872373
853410554
2597583631
1670906233
2415952627
80911086
57061489
428333
14677919
189248614
460485003
27825390
17350250
116260753
107556834
88073128
181298856
308349554
37844044
108861466
121316090
178815255
38281921
38399987
36314303
49381709
27824381
43273860
748786502
32624009
28180183
46284762
47477421
717942306
16193578
417969461
825837464
3158379360
2215281132
19039286
2895869790
20620967
21323673
25537064
69476014
34739186
18091904
104553991
3607692493
68751187
265797894
228515895
2802189151
165113984
2835341180
3164342562
2206438952
2966613300
3999547754
379408088
2270794502
742143
14499829
97865628
16343974
14159148
87818409
91478624
3436129874
68399194
2467791
3108351
807095
17019152
69231187
87239242
202962098
2177969284
20646711
1290082680
430744802
2832288816
189283341
30602016
1888149452
17565514
2463499796
2717254872
26565946
78242874
250027003
46832898
216430965
14222536
203144854
2351523348
18481641
16548023
30180137
40080940
90774609
72834489
15485441
1890402415
268414482
14230524
40101400
22611082
813286
3100222196
103012173
920871282
254830969
23497233
263928436
45266183
613718362
1951639321
19017237
27966138
71174380
20355988
28706024
268439864
36008570
20565284
23976386
67995848
18625669
19373710
75916180
18863815
24886570
21133007
73992972
16212952
43003845
100220864
457554412
85452649
1156866230
348379865
326359913
44084633
60649803
47459700
16913418
18647765
85772748
78021221
24047612
34395888
72568426
41689267
343627165
46696817
79293791
14360757
33705556
111912589
2327359038
281766200
431765325
216201838
18055737
62513246
68819587
2815183826
30614676
555448499
355307031
256573865
460693003
407977463
65992743
90420314
43289545
91390383
270553921
178463040
365115250
408327692
205339205
346742249
14399483
30973
28384755
270535212
55592183
18462157
270533441
316756361
2412252258
16312576
120809765
43778014
966406844
450080693
472623389
243905905
400922636
24394190
110365072
30271564
47285504
2715115656
3063032281
47786101
1480251510
580097412
492399548
24291261
6427882
196477313
31532853
156149546
18685286
407249061
212944975
379435684
39338684
357062330
262351301
97082147
44953111
169331241
92352911
46503181
23375688
59399268
34914032
21001379
155705264
267305045
547493807
902534288
44595330
1342537326
266714730
3023132112
48294321
473493882
45668062
1010331824
153694176
15492359
11348282
2495825948
122482029
1456463628
452241269
207773069
7144422
14130366
50090898
191391062
3053308304
2325165048
884845645
1536791610
2933012947
3316842037
1093090866
17919972
15846407
200163448
817845968
31353077
2555833928
1693118694
3309372834
635620742
