63701775
1562935142
5402612
14800270
91478624
816653
14934818
15279429
11350892
6017542
428333
1440641
129051309
3108351
14677919
533832747
20108560
309978842
2330963108
418455326
46503181
304738707
702761018
39453212
93240796
3198041813
118504288
16786977
173195708
35179560
37263355
494266498
1401792474
67358777
621523
597390128
1642135962
1115874631
147491390
50910154
727667882
2811559122
487118986
15635604
262543492
742143
972651
287858728
129400817
163297163
1200985478
38492736
462001672
2915107308
14511951
342347582
178954876
17371873
618300542
52544275
41866995
68129990
314479776
75526922
118552439
36572128
163755960
32496437
193757722
35167377
21366823
1254896174
33627557
170965705
15448383
824067121
544517731
241217294
253114906
203370106
1456218222
110458336
48284511
918003067
44728980
276749643
177446118
15872418
636810727
68281779
722455063
183207266
148402095
14857290
286656327
15723995
551148312
15202984
568858775
162246640
4970411
14293310
130681675
34381878
159467275
1434251
20536157
5062601
43079893
190371305
43651894
62210414
568359372
68702989
67797756
185590960
521123027
99901889
472623389
537702411
55208755
185314895
262041062
477685726
486579939
70246837
413487212
342770193
443856980
65591262
15846407
243905905
430744802
109667009
370352314
69819312
110827653
408597734
92577188
106808348
25581439
43075396
17357428
94215989
171231974
142977623
29166564
373975399
122278704
66565957
170532474
333571342
229874741
60903517
89598504
283864127
284412033
158128894
52660118
251085612
15650816
27042513
30271564
1879831
31641658
16008484
348271103
43269589
135805352
267599094
203463284
39384716
85219596
111022424
