298168543
626372660
14677919
1354575253
35438327
1598644159
262602714
76779724
33496261
951839334
310250796
415155312
713993413
223165982
179554859
155642429
864251336
3311804011
174737172
760546868
227373071
14082692
213170220
213210929
29930178
50597271
718463598
1303412388
16973333
77445818
26759984
241077164
265653022
70992183
237281470
146100835
361278739
18949349
1068322891
38633460
38633870
70439136
468326912
37649776
355994177
55459700
287834630
33055377
14511951
15814642
943542662
278175819
214153705
148307910
114755833
197370475
128614814
97463719
46343990
347909288
271106411
37896651
151427075
195270033
89486038
89168924
173998644
85368735
296750174
16824146
18060630
19918112
26507585
94236898
20583561
38592915
17336372
15687399
788524
213745334
268400722
3141101
46345843
2585396407
742143
265902729
33546465
5402612
19583545
16343974
47319664
612473
87818409
19230601
7587032
