321970500
405485111
209708391
403246803
403255314
439125710
403245020
864871926
2156299840
2156278138
40059553
35773039
14677919
1020058453
108538006
120557765
29898542
69751644
2921065340
104288093
104249727
173210133
50037051
50352671
200638031
195962503
28295738
140584592
327014098
327019649
86876958
23019705
37457377
154280902
48177728
23156823
24580902
81216996
22440364
14425825
27772095
22592948
15460081
25970331
66618379
36704352
46957344
82726142
117639473
14993804
36008570
100220864
215103276
405357311
60050843
429570086
560362416
479371480
435525090
61484151
166739404
56915836
101617959
313087874
330705266
312718041
95673665
17915334
318805167
31317551
414153036
2607264102
349500834
2976364702
3952731322
773905279
181561712
3743220073
3068134084
69052572
185933542
29903518
1079108184
2316574530
182048795
87070315
14166096
63168789
184936820
21502768
74816067
70054190
238834602
30271564
472623389
450080693
243905905
158314798
264107729
85452649
105119490
84279963
157467084
14619266
29046629
176566242
495074577
618336955
393488321
126370504
32676327
63822383
30974408
21111883
71297990
24967668
3497968753
2989859221
3193578178
348870357
2850290788
3074201230
1479568758
21401466
198270108
56783491
262794965
23465218
114026804
81825702
611959284
31525339
3109805151
1116904068
853876831
3559134987
210238655
267305045
39596022
2858193677
1082840610
2209016515
18588279
16794568
134954857
268479992
46832898
326892184
217247939
24613756
216430965
163645988
37972440
72064417
30495613
27466653
45494617
308759071
73171449
14222536
308297673
2685837290
139539038
53338746
180949358
178111058
185314895
136361303
326359913
281766200
379408088
310072711
278328390
363961928
1396698397
163730859
344316738
1088207396
2629502950
1906234147
141970311
2848919680
1525005919
405728790
21447363
25365536
807095
34507480
17919972
23375688
16190898
169686021
157140968
14511951
20177423
30973
19212009
14230524
15279429
5695632
15485441
32959253
15846407
27260086
15138087
10228272
27678749
79293791
14934818
39364684
23151437
26565946
268414482
236699098
31080039
16228398
586198217
17086831
30704824
23544596
17461978
50393960
293850289
49061402
17544803
28164096
90420314
29730065
5392522
500704345
19927627
6480682
30278532
436266454
1652541
36042554
19397785
16145224
18948541
427475002
