27798256
382076279
106255581
151755148
13064652
50799351
36544806
36612498
101695592
18454999
441285746
411112055
115085879
21622407
426951343
19679461
112289040
17087270
87781747
19923144
14230524
95023423
19679611
209708391
176566242
158314798
16679529
84279963
105119490
14790899
19743731
18064372
79650494
14791251
181561712
10228272
34738598
17074714
20322929
27260086
6395222
14920785
169686021
16727749
26074296
73406718
18360370
18481113
19263978
16201775
17292143
14992591
20196159
19409270
15900167
3749353094
11026952
21308488
24903350
7117962
19564719
18371803
24925573
232049361
667563
17980124
19077044
123417995
248829112
25100180
23508439
26270913
248900032
19362299
217160945
53643297
267425142
42562446
317370751
17461978
90420314
19426551
16125042
42384760
16812787
50811932
1059194370
35982046
33995409
35936474
34430522
23083404
25521487
23151437
399094534
24529179
82726142
123417458
24580902
37514167
280582344
23156823
122530604
36704352
104288093
104249727
80655102
56783491
34507480
23375688
214791922
268414482
21111883
30973
2557521
17919972
26257166
141052723
96717383
146750093
58427526
146329851
21752657
103999368
29394911
80762067
163680909
30840927
487954349
486124361
70314632
27585831
49574044
565806422
19697415
158414847
37360597
53897932
15378041
36483794
19777398
16303106
26053643
25629056
218730857
18470775
21147300
22993014
15485441
236699098
23613479
101928415
27989078
23617610
157140968
32959253
49573859
25365536
15846407
19248106
21447363
24966423
117778179
16409683
85603854
44409004
116362700
27195114
456562522
17692554
79293791
219178989
292756361
61718920
106009066
120048072
54813644
239411196
22735611
153264772
507026258
198437320
121953691
271292659
763428614
198432112
127723154
121345069
317708215
185527889
226786353
122024487
85565389
82594076
185902260
125475807
239728148
121672000
127765218
123278845
378451680
14656137
92424604
14740227
14740392
41718791
16955991
16319888
45564482
15164565
35773039
14879825
14677919
21749564
15815674
14658441
18080969
50560529
21055261
36843988
14740721
15492359
26691922
29652694
58111812
21467787
21826627
28866078
20968539
28014864
20006373
17956766
115884789
204539543
28278535
1962711
17383073
55219159
204071880
205242337
130012095
28287525
283911199
22706551
22706942
243865694
21360768
22705952
137663870
23879043
29576445
1093638847
31674922
18753424
20203870
248568377
149092200
23409713
44835347
532884988
28298107
180100410
22333048
19274342
29098641
72439529
147861172
984808496
531881411
21469205
95064543
70903374
23046015
16212771
256833444
321358691
16213404
18888589
25411758
59338142
24114876
14707794
40068395
16463397
8197942
129673790
16834659
9235982
15250661
35466620
19940915
32201814
16675569
9609632
20138772
16832632
16215552
86823243
67166472
43234702
52320140
533780972
52211840
66917778
167281867
18965916
125486974
17831767
424624761
67231441
92859680
25036511
57181602
190638538
273774135
64705123
46260680
66612373
96050699
22123727
132731802
26607837
21075591
145635867
183063452
150856088
95766807
22887941
533539522
267570919
85436197
529147678
254515782
307755781
34116377
93766096
137198586
89856037
18658280
35986316
6017542
16734909
2097571
1652541
14173315
5402612
14293310
742143
28785486
15012486
428333
51241574
759251
2467791
166727502
115485051
807095
87818409
3108351
20750828
16857864
38056120
5988062
10810102
135371497
74382140
103845812
9609372
36255721
17983196
15439395
2768501
18749677
166070714
16213124
41312733
38099117
216453911
137735924
66000793
117199020
106784624
15374501
315505548
151090359
1908386004
197855138
51961599
21445688
149976251
718957124
124465651
3546574397
86923847
25416520
4034468834
3238290481
3576285322
3568997548
43885429
842694680
24275919
87944731
3411168970
134793211
26400157
135487588
148937517
21474245
24860312
31322556
41077287
28718775
24661962
3709970180
486358649
320327987
52420430
36617822
53817066
124761555
117778985
46144998
186738339
267285211
45863020
50246444
215052012
173744348
200168725
190481460
971418187
374393545
100800879
1061495562
381175858
69718936
90316203
3532225872
170353453
189950861
1096498604
2834791616
761512159
889901192
1677383100
913224018
2563378365
719132933
180585051
1654080906
622926198
2652385123
541502762
1381998931
835766928
249073658
520398033
587682352
505799071
1396518548
48547572
195682054
311724491
317192373
788956418
411262457
21020683
23930272
3241439453
192946389
2851617179
3289401984
99211591
3905546078
34131007
6463042
17482727
17381587
65851020
616253307
113850440
4065108678
292765961
36076870
323839489
561308629
73871975
40596411
120737021
75460717
199666247
28809199
54200821
557719049
223831644
504305645
19236908
66782978
16897506
143776014
1344897174
1588390411
134160066
148750399
2882471016
3637622778
24889998
2590640878
50492782
2311557998
3564820576
52347071
124204931
351568421
50666958
129057534
8422662
62443954
108006063
119058143
382024982
63231015
239251950
3546257353
2782718038
3328830506
83885048
18304860
356104964
98667396
49950303
3676429632
74541345
219440071
3328158370
4066660876
198030688
15595632
2997957339
238568212
114132739
2864413679
17391223
18159548
61137370
15271141
3431851641
23095992
75610842
1148102359
44608917
29398579
95588504
2369290013
3116284332
77509999
1405220132
779863892
154099451
634244983
71504313
113655965
100533307
99034397
161368008
14905139
3437389934
75816710
2599660188
544313554
85657578
1969317463
56026433
85462891
52092687
106513394
49877768
115465399
189408695
100220864
162304163
433115572
26565946
14582285
41094453
47685065
100174414
118757160
18373968
21551205
8235612
258283931
61458407
2701056979
27602673
1856414335
60937837
614156493
177547780
219617448
78259714
47055387
2469605695
1317076194
185142711
6509832
56985219
20609518
3998386584
328941811
490442018
2177710981
4072178375
30417501
120965579
1139649950
2207187191
624462023
79708561
40400019
283916211
3299945056
711694309
137017726
1970428100
405427035
1978851349
17710740
2805358944
39743812
137616033
256495314
2729506932
119741467
343890179
547396020
128155589
246755577
16983244
2468181452
19897138
105710210
60570706
20751449
110025421
1021419306
70179948
1071392246
38647512
34197952
138822469
2468185418
947192262
3858795380
54829997
134758540
68399705
92726549
3752160737
73110588
94163409
57998991
3678353473
56631494
4011927995
76294950
3222710649
3399844577
3654374729
142722336
115341081
82949914
83529586
3727623800
123255923
107318424
56761423
94816809
123774113
57024049
35927341
66306024
57879889
438406646
103603559
92332298
103061572
53555106
79402995
15044593
79692602
51690631
53790896
118201804
4058727142
15941979
66075817
44345790
102594253
41364508
24177024
61197829
131942161
57947582
1183947482
98932084
35355935
104590024
67602060
3190031685
270064609
1540529606
3213165515
800803620
40884854
506007359
114785416
378460963
114795028
109241992
119681723
91997935
175298380
466882955
179036286
1288050427
240051328
135180139
138387944
1035100758
3985701927
309824558
139189823
361315016
358814014
121044171
138002210
109275593
138330579
121046433
177886974
99918503
99448420
75509967
114423418
84554399
291557277
230140702
451215777
194213012
139385992
2601675258
70663487
1056333577
92211391
176295495
243023355
1251083774
78941611
252018855
165506153
87484569
1288175774
751400048
1368737382
373280952
381949397
4054667532
70903729
277434037
459849561
1642669674
295251095
287156977
116677732
350128848
4072722015
166665752
373410448
97217966
1324334436
2222673457
130104041
77732185
1072993274
52339151
1447949844
347035710
58243368
1346439824
1889636426
47571031
2183816041
248883264
263800151
456497995
113278275
157718652
273557471
36973711
14585010
187890010
436482631
78058750
4073161466
124125666
50684862
51492686
45025729
45022448
50393960
44588485
195703895
97893963
204002663
56913467
33801019
99642673
317034396
56312411
171117515
183230911
66334209
84542880
950165300
168606635
1492538024
53556894
51376979
45452226
366947884
118024094
139876086
75854417
71201743
68497896
813286
65659343
113419517
15093629
56304605
31348594
122928781
2656604629
256676751
92945681
92724677
613364695
3711056560
3234872264
3903390267
97865628
19929890
18681139
132385468
57928790
87118217
87170183
421758257
3998327653
2607602400
3557012112
135421739
122995784
19895282
452100948
3435547498
3458276473
2807385012
3301024516
3334369960
1354929408
336723306
3292999685
2513179909
830584369
293860122
1010006804
24705126
2390412619
85819963
2321666078
298769861
718009019
1667352578
2453944471
340003905
214047909
331865993
356811294
88856792
145125358
718504682
2970324005
609966832
3140151289
96085649
247019212
471741741
23061619
2932765978
490694947
3069929933
1176135546
207809313
1187412534
2489399754
37034483
468479147
18839785
429437160
92708272
494747331
197150180
48693594
68977380
2481283506
250495841
155151279
3005418983
613321095
14120922
124258971
39008466
101311381
55520719
16507391
3009354738
508656152
3029856149
360029609
16542390
240649814
18354016
490190836
501030186
