223613994
613889171
1652541
14173315
32140200
428333
5402612
2467791
51241574
173195708
580928975
759251
21621333
16581734
29730065
18784113
2542600555
2467596162
137388476
121626258
3776774121
93178398
15164565
14293310
14677919
3400567432
21111896
42958829
2960656570
4131736220
281295394
2411474208
17134268
12133382
19079396
58550415
3641266934
12
20536157
184910040
24886570
35758164
3386330710
783214
22620709
1530543973
3351048861
10228272
41265813
268439864
386244525
45900567
813286
14920785
419501064
1096629324
35030129
16314918
25164867
17466140
254589581
198587480
28245852
16622151
350991677
17322854
24133242
44609264
16285710
16640775
18312897
6539592
86147319
858885733
24413043
2791275677
3407030593
37085627
18745640
78898839
21807755
27334204
7166582
2457037166
2457108331
20709978
21034105
3981978612
115479040
16247554
109379175
146304562
32150862
24337912
54216369
465435751
30011335
135126837
3002369926
133804124
18907852
2205532076
139884345
59328756
1408110259
2203356186
116783537
17519773
19738507
1098722142
16977384
64496021
1315231
16869718
19997157
76828833
27459891
16548500
29829545
28219979
30872002
166271849
49503011
183292098
18744560
27139045
15097417
22192847
40935962
17074755
2770722377
3228005493
329098500
1775731
80943051
2869531
537478844
33547493
807095
17808958
31825073
167155452
123417995
23508439
3253711543
764456358
327426048
19362299
19426551
26257166
3533890346
2557521
19923144
19576106
25573554
789648548
151595281
705903008
3296768120
25108484
17883640
3260452045
3260419580
3241275527
3260380758
19073101
46669403
3070404194
2984193611
3764313269
3981914533
14790899
17199170
360838772
43162620
2593165068
3370023945
21910850
3436391333
15358329
18080569
486231117
15703179
292416111
15098223
48442572
19772559
34396691
3269851
50094542
15088154
18088267
18917475
546142089
2771113803
45014496
18810242
48106926
3115301233
22558898
25622915
15401013
116884448
25170188
18676177
14463848
616879823
280845193
600227042
23622272
370126312
327171972
361872058
44480204
20004088
245529441
21865035
523644574
18637439
21942400
18497317
626565433
3037346193
106645374
16633555
220787947
42267429
96851005
261512512
143488972
1433673714
146994810
968571457
40863897
313916789
25456478
17008726
17444573
27091468
23552214
22089893
34436704
26378747
235157481
86972419
17170147
20188834
27687672
3227093856
21829242
3091421131
5695632
76014441
449829272
1398203780
3239236502
19219162
3389353810
59783707
2730217194
24925573
3041382838
1963643726
16379018
8839632
15012486
17087959
702278455
14091601
2834550211
175500549
20624061
100630473
11018442
7831092
71026122
40349928
15846407
56405314
38536306
19659605
62934462
342150329
33694840
155997273
475199073
74452613
575330528
14791251
25107102
17074714
234939688
16419888
16234715
3020609789
84337036
47545770
22656663
174830479
351009704
25296781
392386883
335054066
2460145735
3043277715
3010548026
21902462
15481869
173203031
44881028
29482660
463204825
84884489
2203361167
18128265
166746185
1349692081
111197667
615676146
22406410
93759830
1534928364
26138376
134908767
314779845
2281971955
28532804
52311367
2354209868
14363353
16332223
454268880
2714662332
14709355
511126080
25325324
35449821
56359511
14880616
20661539
2811419811
27083523
1454418326
18561348
1598702119
190592520
20710809
22156181
58816328
164122774
621158891
21769127
26585023
36980342
65733755
24581397
3015271772
19519252
14353392
148496087
293850289
30278532
16145224
26527812
28164096
26329195
