37786797
35773039
576285341
14677919
2836421
1877831
16334857
2097571
15143478
1400127758
64888700
256784977
178036173
818249312
2712786025
553011817
15817213
1487653230
204832963
16664681
16451932
136822007
593042687
14216123
20402945
40533912
19546277
44196397
2561597334
117662694
69353407
511088433
14091091
17471979
34743251
15473958
11348282
3075446022
50344152
25381081
16652134
38273644
2788128398
87818409
360685668
22642788
313534815
151106990
2784777081
112520997
65647594
374699768
621533
11856142
25070893
370808273
2307735398
25562002
79320096
621523
2485930448
884984851
371759309
28140646
37710752
20479813
19725644
19697415
1754641
25053299
2707490155
1668724195
232510730
34972633
58068743
245421209
1400472907
13850422
11856032
534840913
505952560
14345062
14511951
15458694
9300262
1917731
15675138
2242770396
2815855228
633052576
19751766
1873515799
523299705
1241508583
141227491
1206096450
562418840
357029044
1370619026
19518544
55445932
36080181
244200457
36577312
305134907
1247758134
632139546
1566412532
1261398762
2345252503
182819523
275574714
301658508
15287435
15659909
15338940
86830263
197023730
37005152
376576762
519072324
1090641704
280806115
36767037
298549189
1921560176
88657995
1684122913
338800607
17762040
45039347
1691228233
78619678
34020666
197955268
62596900
1483356139
34096466
260268175
1075159112
67630960
297642308
835705368
367342562
364771553
53542264
64110750
189173151
13962572
53160597
32522787
193498049
202178786
597838459
1388114839
280599871
1170429314
187930693
3434725372
15764136
28175577
205789121
454400120
390197006
386766931
178917058
400246874
80013913
14173315
16303106
15170346
19109172
110541296
19606528
153149305
61853389
17813899
1536791610
38237581
14293310
253167239
30313925
14800270
2735591
182876615
19407053
120176950
573918122
8161232
51241574
26538229
16896485
2467791
612473
67358777
15110357
32359921
16184358
742143
91478624
3108351
47855309
5402612
34713362
20562637
428333
54919560
34613234
263586292
15737175
135285845
36216777
195379224
54303617
859727149
564265870
508283667
15726324
807095
32619518
39774571
141223563
249385348
14075928
356963281
759251
5988062
50393960
813286
88821001
109266515
38511495
1367531
1652541
