219378926
28893013
52803520
424695908
2811330143
119509520
354613340
814681004
81994188
2365792842
2356780730
140129994
2324177720
93455665
2186734153
1704926844
78926478
963008875
69654068
248462548
2234875170
892951291
1680624296
2491900051
461363118
3679495221
76559488
873523224
1273983056
98586663
140977232
14920785
30973
14677919
14345062
3108351
2836421
30313925
15458694
16396588
35773039
5988062
285198536
9300262
15309804
18490288
264257996
276646504
116820849
225677595
10877082
292521710
2256488185
377825859
1576849484
178125646
1578738596
166938112
3036232792
1444731367
3256314393
981333692
617763192
1170217087
2742557106
968989339
115489598
1212962406
3193910323
3209073718
338515598
3361964398
1394399438
2541284534
221408929
342512565
232376381
15914779
38519315
37787568
19761242
163522983
23675921
61615266
35724090
855277848
2367911
15146558
28201743
19544895
15735683
21874066
79293791
15794057
117868375
164406925
34738598
26756955
51138576
30805693
2988993210
381246316
90908059
29230758
464249535
3046934578
2894214077
199700874
155998830
313627424
2992809844
383372718
377757140
771534475
4098995195
3103659709
804555482
7111412
2400565989
10122292
531554687
3071318357
1216897950
2702585652
28054681
14984955
18220175
18700441
17581754
117778179
35787166
338084918
207923746
28035260
37836873
28683184
26516984
202463519
181572333
37774152
58620970
317522823
192265372
41310247
2152930671
1105393076
227209030
27201009
3269150784
36361198
1441550215
1537478390
2487400709
1624209679
450964350
204624432
2348049934
3221844295
3306526427
25775436
20541338
202722747
17926625
11912362
19478160
19575977
82408842
25099840
25097773
56378022
21113023
16098642
22085184
46740920
38709939
18033062
15891115
62971680
127613663
50517206
48504743
27943891
18142856
19028953
17659227
3269695873
285848963
25478099
213696414
108743058
21907827
6273552
155986128
33248874
36415729
188549845
18845207
2714659134
413112860
18548136
27260086
14173315
1367531
15012486
340377604
118482503
15754281
28785486
14790899
28208096
1689466232
786837902
102401151
378932270
75670153
122482029
578189108
201671003
117498674
1660565701
4090333053
19934168
1198225638
29585812
471311185
2808663432
275294734
3634863253
2783603665
1383664008
18208213
3259123964
277207065
334279540
151947267
62223784
37349815
53631532
51742969
45627629
247507828
134162887
24647222
8830542
46116615
2296592504
42414950
59863421
290158385
72205009
333707851
28370738
255634407
627436907
580248887
431281787
207144920
727310731
369224293
2208881204
4157815756
233035596
169680566
250335913
66235789
2393234248
388881747
2520798972
3834806303
41421743
16004411
869219060
306904819
2612550174
24429991
26053643
1534003579
126437018
384056706
20632796
53625302
71868755
76576481
229257184
4001390602
3149005531
1093468681
94937541
28895421
5943942
310463188
339343897
75554666
275631775
2150895054
331090973
377627523
232042665
74857760
436370618
1114778683
497187849
348496629
559825680
256686822
747638827
339248374
446773839
353785226
54994166
770567856
262050686
414999161
292432829
46491513
35235488
246635427
96154204
197243756
264600488
183499861
3317823583
3426260980
593250150
41131444
2220777656
756011167
3407995455
1223629255
573565184
1470722864
524534552
3394966575
1426439306
2575581534
633895216
950687864
1035646885
1597487366
1612120028
2335014978
25355724
908219089
255657736
28406235
26588937
549658505
129878018
151532796
26458435
163598619
247089443
75343843
41646662
248900032
14790817
39344610
14791251
355886244
67961159
158014897
17074714
1081357658
2799182984
207381263
3333330922
2842270648
114463218
380597484
195504210
2670325442
73495696
3339541689
741044052
291456364
51241574
95023423
115485051
90420314
742143
2467791
807095
10228272
19075173
25541932
23618466
27706099
24920395
16439779
24903274
21254264
34363347
65184105
1855517916
112640763
358581873
43395268
50780782
802939002
25399731
80096621
270165373
2894302894
249956465
16318355
484313049
2298603007
2398051275
1003233848
332638587
255322972
602004183
1493428681
970897992
26600402
113129501
74354102
473495583
3283411403
349055289
2398169036
325250904
52834136
287896473
805162856
26027481
185487499
27673684
18653699
154915258
23561980
14622632
24275419
17861062
352099758
486916584
15764001
17866834
365644014
167155452
77543826
23508439
381054568
7302282
44457290
16877611
11856342
14885860
613542402
1038293940
167126595
23778898
19750789
32382050
2871367661
16548268
359087827
49883265
18785654
23375688
153694176
21447363
84353161
61355746
32453930
281782210
759251
437620760
381359949
389262007
22644782
265758015
890891
256083436
90741779
39288259
282284626
98809456
1059194370
2232581
560500094
267560004
264535097
213404738
1395138577
849936542
575593546
3246778822
80480330
180940545
1850088985
137489183
316455276
216533096
2997753096
44644475
63148750
231519525
460876024
528117020
2289894187
374591438
2932695386
904667300
58668876
3075444498
577662695
15729027
364460082
22502646
355323993
1376059765
240728629
627553787
65933353
553230201
3006759147
369583954
35234245
139776843
863261257
716802716
410264485
28663822
1623953839
35845574
43957766
355188751
435400449
168848481
423107079
339057068
359971203
2286022274
961589635
310675631
380730306
2959381137
2905471965
363980201
425505151
188834861
286325515
768565352
31572828
233663430
2586047485
347337442
82256022
1172383344
855806480
247340434
1637332532
1639426356
1446507248
637155369
297100167
44691553
1443981672
260189462
1370278148
329511263
266785405
420057489
337421469
199926283
258581318
65215945
333633540
612623705
37973346
436143123
1491330559
250831586
20978103
415859364
23667901
19923144
16302242
42560650
41651800
346856368
2482014593
18948541
15485441
543770812
2424246049
370184558
399168597
170572702
972957985
2533905590
50515656
2285634499
504930127
243639108
604940667
67802424
428333
436292177
256573865
91208190
584031440
2476981730
888078751
360099026
581971753
22819823
115597898
78183672
21410529
19735580
31447081
36362259
41509142
23501022
182655444
225539878
260209994
55307193
90959399
338709790
256593038
305145680
2285972805
2400826812
1148951203
501386831
2305377590
1607063029
499311662
363959174
19362299
356549321
2268047963
624034491
2207218507
143959766
32528467
41728795
399843651
411915743
240484774
2395659257
333798792
385661412
55282394
328838071
586719561
193866255
63906207
1115509724
299373263
15846407
1283790816
289459291
356966544
2327860633
461484475
22197119
320475411
38616657
404061539
15876379
134985071
23642374
298323190
963223680
1541674759
512613427
1455032653
64770337
45892981
105147032
27698202
1173628063
351313293
440627625
2222191461
2152047531
2209887110
1877118480
470475739
257997536
525918017
344065300
786205478
1938444217
153226344
134930954
34998642
430792424
245076385
372290500
526921919
1004596831
50023345
378846910
28665877
30591820
501212152
6480682
342165503
288764875
1538825629
625889579
1135953494
1653392420
16403943
130617778
273497345
36139166
564561329
393651874
393742241
1595981214
1378187784
1447773384
1014309169
492742094
399497844
1378030759
241544156
220336959
221054180
561879771
243677365
318076427
286220561
567890015
65143003
378315046
1500172164
776049583
48045825
18167646
243498544
86322449
282369998
770516041
466901567
1407349386
56798334
41392430
268947428
56826095
1116944779
478647114
360129190
112030195
295742272
459882609
487890165
500042487
434759665
475589295
1425915085
227857237
978908012
865582064
27329801
785245453
24109979
477356867
19426551
731224201
52442053
1001153496
601959341
368721595
271954031
562291437
1087334990
20567939
279031414
35748303
51202633
23540165
428424161
345176710
450784241
347923069
373503785
284050735
503758428
416568610
377684627
220527406
283368650
416532955
147728858
231295626
42715861
238664841
85188805
555674405
289119681
82932942
23992159
386183283
232408253
392502414
290348958
364097155
254137832
589347054
263259170
48492831
732233761
1258681045
115078931
245599426
551346496
454254991
343762174
234171431
759793446
379475161
424677386
777057954
144374958
30630104
466207673
380089840
480001663
393827575
361022950
457099327
245012354
509053166
408984653
496204392
413292553
549352667
380409383
369170383
277319232
398131685
213690075
31027326
378555713
333015374
245593279
1216976942
173511247
23336726
1206751591
532800373
41355389
33785930
18167298
164469201
495392925
1126390795
1035454122
44719770
942398275
44039298
97519213
419498910
762869762
116898955
614359061
273283549
854967325
13213122
20998647
549708851
366287994
311226978
355281678
460882804
28272611
961865138
267557095
227418297
1007506423
589646492
338159612
99852849
69336444
1041315962
370404834
38430168
489666956
54792216
285160705
265703516
270907374
284120229
380341849
542088617
514860697
166270127
91176843
123417995
441234253
362215110
60475031
471727204
66209470
471230253
145107843
260540115
308230511
906470024
17901282
754585519
585306085
24252078
64593211
553677175
149915877
390516609
199138396
508312555
177677789
245132050
239543885
843520795
564159387
714591458
539216829
266841184
331661369
269541308
240954631
25378167
580059529
271636708
822445782
185018316
353877248
20710218
80094297
549510165
282638947
257363944
102895603
411182272
423156877
756468738
800936300
297066172
43933589
279321785
840430333
92160083
53120768
570553263
498961017
126902397
352082407
335046949
259375460
258666578
67985919
742961898
334410595
112043739
789755930
511094507
118744775
164394290
780963516
446636688
755906798
378922826
20180101
88763317
442276100
612792060
451125549
102061698
571964470
618508446
168269205
241595769
591883463
503884977
50811932
453509800
221638637
185716732
324592423
601984972
398283307
43829571
580578442
380729642
344530445
359779171
504998520
347208171
557430783
24105439
278063095
509283913
330133505
41665562
565192171
330125880
55184723
419760450
425372086
566843247
70332044
434545375
22291311
34104616
420099384
190759316
113733762
562200791
274859058
554055564
510535738
368722213
53853197
321180347
547028350
534026234
479030302
61094712
381690602
534449650
379961664
46759912
112792574
260563240
393408605
229523518
380138541
38563523
334819824
45380010
346309578
510322989
474725847
302191766
217160945
813286
272696879
15097566
342210656
301537764
411246048
384523007
17299063
34630995
32765534
32135704
21056862
28870086
85633543
16228398
96821645
21879024
23114836
16125042
8861752
37058108
35982046
487752256
397561851
24925573
97271282
300618697
16672159
405254872
74296529
441374703
155384617
470937613
109374527
441325027
352145373
170424259
241229675
16812787
62902439
19249062
284089166
156132825
21454322
37367041
216190876
409504630
128213998
20416406
320439101
417524680
264645302
394861710
339816320
409076222
342425731
43598032
224444653
159269320
121490869
57707507
165436912
80689706
316760795
428729019
444186053
332829883
332575894
32697851
472504273
388340052
388421438
247472315
438979418
314662792
39354240
382072459
423795807
413176151
312442809
56876644
18691328
330452306
15319698
282384414
396415129
172226120
249959824
305089142
271914615
241391824
243359941
300553798
298669251
47275328
252341597
63352837
381000382
381600268
295951068
35936474
280579894
374543943
351848158
46951572
23822674
237148423
222166669
259379883
31444922
42384760
117523772
39389304
320798141
163520678
45055319
340483406
245496472
319059973
331864814
348702205
225102224
334710992
236388605
40093704
27313640
18477456
20638192
15635604
363126369
363998127
21475090
336575268
332610941
337525900
17461978
270949258
50464559
260523318
312301178
23151437
20322929
331462149
363232250
258433494
340071575
329997724
71604537
339313696
326904867
33312296
14363353
11856482
50393960
17471979
17696167
6519522
20436059
25928253
36686415
25521487
52551600
27457788
71876190
50374439
62591681
52146755
22940219
169686021
27195114
19373710
223582577
41200745
21842934
259166831
297098066
65406319
26229939
257461063
94124479
125150627
112489134
81756964
158843843
74626521
66981416
22146282
51263592
26257166
33995409
42519612
27115071
18479513
2557521
36240413
23083404
