1030135548
215952805
734000144
595125808
3047528880
873367382
2954699532
149937164
176833082
532835544
2935534962
25987672
81812518
23602600
18829580
943328239
3789987440
3854339352
986717520
3953836759
3948111434
1582582188
3890182693
1096280324
3787755438
3194790468
3890686092
3788313379
511932820
562813032
3890231053
124805811
3911817313
3301318224
328568834
3253197434
3890209573
290995934
3955016712
2838105511
3890175312
3890936540
742453556
3690854658
3955322474
3625704432
323176752
3890850134
3625694953
3421809874
3625779192
3890856733
3625949773
3890831054
3416984464
3890783954
3625250834
3129384685
3522841273
3624110000
3321010248
3850950199
3624298694
3888394573
3221107814
3625187594
2838814382
3889061653
3624487032
3419833907
3955661352
3624237620
3849213329
1343661986
3434073760
3715392496
317139804
209037902
2925505842
1049851092
2935990297
1368920204
357318965
290476729
854533080
1466609791
552653349
1121160674
1128114745
982674692
116745308
569546882
86742017
287128352
567077233
84276755
237684138
331597498
114982278
203483197
273377508
726127591
471726944
3308627770
248561081
150929147
543111255
2827826105
507116573
777623143
610777093
777629786
566810489
360626049
901382042
75229266
271409574
608829891
197199251
14441735
43274503
1053977958
830276574
915924654
60853848
570101511
331616330
43297561
468083509
81649881
867984050
565340046
377983255
896617082
1032932119
54483106
401886043
786378463
964351195
342888026
278487744
2149086841
700635228
465267316
256950067
1573064688
1457841402
463612675
282585627
62448898
48604652
35445012
266736759
259649201
447029479
869331300
93616021
424223213
466299397
74684216
1409880463
3259857428
3016231236
453831804
854536932
365934288
2377166582
2848516933
3182593644
71309250
2901469801
288002922
700693854
3011080584
3660868933
930970592
385189293
2882393000
109518644
1664739835
481214475
3067568604
27839044
3236167844
16374431
129469982
1030899602
523066823
3868159573
459147476
3788736072
3890108354
1302482035
3922314804
3887763800
3887333612
416138500
3960779015
3887148912
1338396511
3962267482
3904130605
3959060293
1044452413
1707466614
3889054932
1312230499
1353743419
3887233333
797893446
3881771060
3954966314
3532343172
3888583526
567076549
3637656260
267513174
3964091539
2503673449
2986711135
3890802492
3581439314
3565785493
2827354093
3968524332
3823635443
3380219404
260567555
3733810993
562763538
3483176352
3661464372
3578631200
957351552
420116052
26257166
15485441
15846407
141052723
23879043
35466620
25629056
532884988
218730857
29098641
18470775
16834659
21147300
22993014
18753424
19274342
17692554
15250661
44835347
29576445
34116377
45025729
97893963
92424604
171117515
28739612
205242337
137198586
89856037
18658280
243865694
14740227
93766096
87118217
32201814
14740392
14677919
23046015
22333048
531881411
15492359
14740721
115884789
28278535
1962711
16319888
17383073
19397785
4970411
612473
2467791
51241574
14293310
321358691
2097571
428333
1652541
87818409
759251
18888589
256833444
85436197
16213404
742143
25411758
50393960
59338142
24114876
9609632
21469205
813286
16832632
26607837
5402612
807095
5988062
21075591
17218802
129673790
19394186
16675569
17753033
43234702
16215552
10810102
74382140
9609372
36255721
17983196
35986316
16734909
20750828
38056120
15439395
2768501
16213124
18749677
16857864
41312733
1953217999
2918553194
1889274884
610665843
1388677166
301835183
1433166162
256569627
45788610
32351549
161424825
35727881
122396746
21787625
24693705
134234000
15852417
34914032
832067407
59399268
22611082
92075743
1037484835
2989798351
223495564
468728256
1307768395
2923731192
321284462
1006326163
303692584
2876241231
1244158208
2280500714
2606860700
1031999066
222748114
3314738677
430601726
139328755
508426053
3833642114
3059972444
2940450079
292871614
223805109
337602474
2278826840
2860282484
309497206
278319775
1164796784
1369054292
64617330
257472813
2484125438
263159280
2939598078
1047028244
1412218908
1118605274
46037377
213559168
265944987
171309893
553934519
626581872
1108114550
927178028
775221842
252437664
1687679676
3013030874
837370921
2923353986
592768525
423978863
476784284
18679324
3958128013
1148346614
2353369417
613360074
391303180
429623764
602628030
1518678163
2296665732
449598661
295592883
510407505
417570624
389831985
3824050272
3581542754
243534928
36597930
58368940
4009343954
327228903
533243101
2997862520
2939204450
20439734
252580798
171735516
2943429398
890646199
630940536
703171094
1227717290
955921670
555566105
277419543
866705978
450542991
756855109
412859511
258821012
1095898141
962372257
956993330
903158882
55849441
516237553
240613329
246417428
576935272
235064195
219255275
760825831
49550935
191831737
235925398
108597386
234364127
127797955
186419937
52124050
159028011
295156299
81149999
49664271
117152169
18541265
31147434
282996572
125048086
18075210
279545408
224189138
55461878
237159683
216952974
77950918
51981365
122448310
551961653
170677248
615022925
250419416
237215811
81303193
57332132
2517621529
99876337
897219032
183336769
67508341
315267030
305838525
202093675
61376232
351598337
84824504
47905720
246918082
238156792
82605556
117943713
238942184
144755553
191564670
253188956
195058024
134383486
3737752237
227943909
251915470
3953480773
125037665
180887444
3233149490
243537111
251927861
3956665573
165350113
178944603
257995975
205510925
211457623
245291541
114439011
3568279094
16492352
3798833653
4201720872
479109871
3190809134
66126586
898058054
2150814756
606040385
454430831
1335961795
1432029518
599234885
624488307
263257931
224510476
164464927
2293012513
252634810
1585895131
372307297
700299913
3677141076
1032637488
1386421734
1908463579
1387552712
447726262
300159654
2879236008
473717147
788558719
322668624
421500540
431349705
3342483063
3299220380
1054187918
253892424
538727067
242784060
77655503
1603385773
155557300
403245020
158314798
105119490
84279963
176566242
181561712
17874544
19601111
209708391
238099363
108809406
783214
19312845
188006067
757891106
388472947
16913772
14952023
557625659
9460682
89517005
605805760
297174372
17000457
2459371
137365854
15670515
74286565
16206570
2803191
19400827
15749983
135360688
12947382
28639077
16319738
12092012
28034822
14719082
79598422
14908404
47233643
26550958
143128136
562976388
188060610
193510857
2920218674
375161083
17840339
281370194
110546136
1260704894
516631215
174881177
3319804777
182033058
189040798
394111694
533942059
628084850
93167268
122854562
542515678
390081585
1226943756
1044578952
611778855
2801316380
34640565
1227067190
1903332992
2813202073
2727536126
297907485
3088363382
2485521702
2156631914
1099578840
1157277877
292691834
2195109416
3254311004
3601671192
3693397696
3309257768
378197959
473026873
2651185428
174666486
3196913407
2719475532
68949263
1941060836
132117490
2952939702
22067198
3043627183
2436223652
422854191
2590925544
596005949
1003516866
555875964
94069101
41330603
596548834
431522925
460888908
1046728926
258330060
456660666
2833710770
326726152
36462646
822547747
1192013594
29128630
206501296
487118986
1073086135
107819182
18530856
280958095
361125424
533003717
18807670
306662953
1327225944
1249741591
524259717
67191327
154105320
808553318
382051551
141567593
1484187205
549875174
293894498
322509463
44569799
245286967
329087623
96052633
2709162661
78879343
142705779
1075545176
330063027
37616871
614770633
594669966
825399608
577925395
800314579
437122379
1631216574
1545669967
1016919374
1529555076
3019073838
2362741206
758567892
860554561
3009022063
637237341
596635550
1041856898
1001227442
3401073313
250040952
1256327958
2172311906
1008846972
3144740946
3140732667
3168524113
528465143
462690384
1127940024
784390742
732715933
553228577
11859822
508501761
282942668
633821796
2288199332
2160015930
631674058
474038761
535110507
78538380
324137207
1372487666
533973367
843687955
888288576
269201356
470012892
240208721
382572642
750679021
261015487
361120121
348935606
322976682
415574815
277387134
1971488317
395128444
939239402
156993012
834587838
79416958
452734121
515452710
51272511
175969695
804097506
3241369799
1347529700
1102796576
3006265939
1030308504
50191266
825165006
98373744
50320865
329789092
139423661
448854448
72031429
61129149
99342993
549964495
278968878
227553289
151955259
222394113
1094298786
2795878819
896902129
94999167
1094733264
984637884
297299006
330837292
402483262
2443158307
1261758372
636760951
2972833211
424891961
261104722
182263372
343405704
526057643
58683834
920072982
92508060
284317459
117737404
1118513450
275919943
198142298
1554585296
53007630
404142291
282388202
231304224
473854874
595446183
478229036
287604421
189131044
154067873
2498377142
594460254
459153497
155603437
20609518
49584951
2288996354
1386526471
715263092
1341595158
84289148
1060188690
296157801
524030202
631068648
301290850
1559460626
324932040
67201828
63423739
31054179
453632808
394529977
812556283
619524317
773761688
419525784
210504782
2204673438
1010476868
234633153
16777778
1951262845
611335181
19483191
2899252782
1379858822
133844010
75711015
431568130
35176496
313809433
380180989
236272572
2743998854
536329828
1856287884
1389614504
247119298
30664613
84680827
205605464
280076829
352789283
47863038
43519478
43272504
130039824
1459446654
388784593
238480712
2846720958
818779086
617803274
2751772735
1432536157
734624090
388697028
492801267
366476477
43800282
2986516326
340291980
148607856
241059725
756286902
793587746
19448989
619713565
94001688
209605862
280384320
430321873
53657737
470906076
545740288
73599544
875418978
433556356
973624525
483759190
918577610
956723124
134614032
969364111
261174760
320113893
483486676
423288231
121991840
1174151742
405449660
1004534772
2322205837
975840031
2378391824
299094578
177894988
541221037
269733273
704730488
490364837
39998427
2971182834
1587567812
1266573558
485265709
388745808
218503616
388738659
721629055
