1582853809
1086485478
22411875
117662694
236488883
1440641
22179997
15279429
16929349
21401466
136361303
807095
14677919
45564482
3108351
25525507
16312576
17525171
33694840
361351581
39367703
3387819413
62604873
98990657
1452151952
1061281784
89014057
26053643
3067012133
15485441
196006680
23741531
50780782
431765325
2893511188
100107343
1492144213
15846407
181561712
27678749
332638587
321970500
1149386466
200913899
6427882
124335068
21273465
133880286
325692980
223238888
1198406491
34779029
216201838
558810910
204688509
2450241577
1901546563
90021519
