589576319
4237810032
1022954000
14677919
249419283
565538907
538021652
3065429605
282789898
539004555
41913778
33470998
550126967
729409729
16589206
36060697
87075439
2598818514
1149480530
3340999693
2493599652
15804843
214044036
65135642
421944319
558581491
373951375
20479813
16862017
420450858
1244755382
14837962
2916305152
1517098849
71016845
94587843
736417956
190391928
3040274934
19521139
17672775
363930624
284032082
16191793
115112216
127752690
109334785
16725793
16747981
147416963
15408055
595003110
76887083
279879206
18923343
2959314218
307902310
19212671
3096642344
625022363
1959556592
84444864
3353566654
1964571728
73309545
35692536
232658567
186086328
58531272
410494125
3687721995
212327629
3619064720
22202068
1339664160
534897570
520763777
16029273
1636590253
3067745212
3075521881
117652722
2530162700
472656726
2550559484
1531569794
241272537
78956632
1020881864
2653189837
3278809183
3034892963
2820666877
3241064373
23011345
8752222
100873578
438717402
3280402927
43800207
6352012
385899400
192682116
2730094963
3047082278
130523654
3193457084
2891848687
130637917
74580436
133448051
3099613624
122805750
107795399
381783887
154444406
236488592
20221159
335103467
1954892672
2980285952
613718362
18599435
1520108017
2983254858
459295658
188061519
90084099
178812809
1345393938
688583
355937619
1526052913
570812689
22838300
20348431
436021565
19213932
205789121
101771904
40762995
2851612263
202722747
20728488
33769131
2901046407
49740380
52551600
2538115178
336124836
110195330
227879769
87938923
194537516
2588420768
3012959108
116586519
246493869
87402281
130954977
64543220
954912816
2519513510
1103147118
15585752
240458716
305694283
22236565
557379987
18647765
20245682
119253300
16016427
81480697
44381332
502183541
15485441
14707666
65416867
22940219
1470308390
112552471
41482158
27457788
443215941
16303106
2821417461
18927441
135060958
23670204
3004231
46939706
74169715
538640772
373975061
193602107
15490533
15888142
16225233
292092669
186210906
2543496198
2863399785
35364351
243905905
2493582492
96856031
27988038
127692117
44152464
78414571
30391507
15035947
2447707303
891794228
85633543
45681041
524020462
15920576
38316003
265547451
21139660
47786101
165511377
183133891
1244325504
349300271
160941691
172933437
179745270
29663668
73218364
111968804
39635217
167289241
117468728
30095789
16157577
34145873
19671129
23151437
40892068
512446262
146527747
26946348
1881225786
465723566
2835405386
2314558495
15880163
1246960782
15811181
22275457
314864509
2666839646
259905817
627673190
20225875
46126074
366592246
91390383
34487135
87318558
21341806
19417999
56768257
80700514
226346115
63485337
2740287490
31747713
390545466
14464369
14303746
78384551
14872237
13784592
6208002
713160090
32688895
352617678
80096621
424414582
28406270
57097104
34547678
62971680
23497233
2408342138
77007853
17344075
18010713
71308607
80937511
2195671183
13298072
240843592
138787183
326359913
24807616
1511501744
18690280
33473521
18887526
25087909
42890254
14293310
2720585634
11348282
23560015
20035593
25053299
522750390
46049082
36818161
18130749
300658722
25071402
20756169
101798589
100322679
20255162
35031708
1339835893
108350146
320463544
2480581850
98423770
2460094591
250831586
18177317
14159148
51162310
380648579
20029472
283762107
620919289
1054791528
480782173
583288452
2480956364
17965843
19040580
80210608
145427893
427885919
316389142
1059194370
107304549
248511949
376420687
185827887
370871493
85603854
19413393
205915163
22895125
2511477648
88742714
79293791
2282671736
2317351705
502281810
2359926157
289846277
119413130
33944696
18672037
111372842
2473430923
243827971
186941132
82104594
80349019
22677790
30364057
88975905
33933259
16786977
15471824
17910183
46862437
2174427404
115109457
2493667434
61355746
147869906
23685907
142204481
14824849
426738834
1055555461
52613032
95711070
96879107
5162861
1470585337
1446691765
45266183
463488487
77385109
180463340
1278521744
19679341
1475276150
228079384
59000407
22546692
420451420
1948294874
501973262
1704550686
15635604
153094965
1630896181
15846407
139106000
259194126
174511656
82919497
428333
49519447
203742153
19697415
27711339
288333760
34395888
14109541
92727851
487977202
20487644
605214662
340380997
75411987
67435250
166739404
436292177
124335068
52853189
18278629
329746058
185457171
16475194
18665800
18009089
15830716
263907004
23887282
78021221
92367751
28412286
282617105
23879955
1032290077
19997751
15962096
1292288262
46671731
16171898
65152219
23032098
214791922
25026165
133880286
124371545
19989237
218446185
365445243
64297333
569219722
19046550
61332900
67764555
110509537
20632004
155659213
37649462
19907537
58133585
210976707
1568396827
574511063
618420295
169686021
17169320
159311024
22910295
30273345
759251
18732790
109387470
126672013
268361752
7563792
65420358
23818581
512700138
1924391640
323319539
26696841
23544268
868671104
221528008
21308602
15677036
46138177
203144854
426252942
73019162
1466515218
321970500
1416973592
1338120198
149546293
22845302
336398174
1053016873
787627854
768330302
37837907
762786696
15444807
28665877
493257742
52437361
19722029
15381688
43366650
108678128
21681783
22249949
36193593
41220069
107637087
40454496
19389969
28030312
96009038
491398328
110365072
211581095
165215726
41469938
351892597
21447363
23493792
88672008
53153263
115485051
34427391
65209100
8236062
713143
192338312
29434083
22323563
18173624
281676139
