14677919
35773039
2303751216
95793108
20818801
16955991
2663834768
2347049341
393143202
3093127102
14094741
2875947721
316389142
216776631
153403071
44196397
13298072
34352994
2448044515
586671909
1536791610
22441655
23544596
15259106
2317351705
27754737
21316253
14001742
813286
1330457336
37710752
26165922
11348282
19725644
25911963
222481411
21319346
262333936
9427202
2245886443
185768634
14353392
11866582
21757965
277583373
397462571
120851797
847123669
196763077
58876377
1401177481
19679080
20279424
14511951
20609518
18622869
4207961
19697415
524396430
500704345
158414847
367500727
1547374632
18165208
314216196
5392522
1178700896
48802204
91180720
555928038
15224867
575591024
1132090693
16129920
16303106
16017475
59927421
842703590
18686907
20479813
369542435
38557224
18918313
16727535
33276161
13493302
19212308
390197513
50393960
529817361
17908435
393733873
15433693
7595372
5988062
6017542
428333
8953122
8936082
14377605
14400787
19509652
12512092
36379785
