114999983
48662484
287878372
30458636
902655752
25460615
35933926
178812809
631380071
20106852
114315370
124631720
1437851424
155014599
15892162
8350912
24744541
65363177
145503137
180505807
48649128
807095
1128685650
136361303
220006826
14353392
742143
5402612
103990561
66561957
19074134
14677919
506424815
467219033
183684289
83924186
8236062
225559151
30004537
48367631
2896532405
64015447
783214
14075928
309605958
114870386
2916305152
2997324590
843466256
3687721995
20659225
52968650
349300271
187271966
77059348
42092597
304679484
2372949008
2846843409
21479907
237670274
512603747
552121630
461966236
105001940
281099443
2444019684
24942093
48151985
4519121
505843796
109837780
15880163
36969785
1516086762
2469014047
2480951
1578141
17300784
891796596
168549459
41449250
29279564
1924364738
2729061
481039712
312937997
15962096
1321234609
221280813
295325513
35270579
285282053
222734344
18334111
16725793
37417482
140048972
24447643
149873452
300898900
2182443235
24407244
378171907
23510549
240477027
106894107
555702683
17308868
609688553
16832387
18393773
10671602
2233154425
47786101
16793425
35406821
117652722
125623153
2816675554
36803580
104969057
332700989
234905133
15881055
602317143
237845487
28206360
14265758
45594696
19193977
43469093
328233137
55793637
168198461
16618332
10350
15661871
128956175
16220934
20305546
16747981
28049003
28671678
531048103
268762640
175624200
37338814
15901190
75641903
15439395
143244854
7861312
14303746
1183041
14464369
