352040278
44431966
35890043
3377482181
27115071
160728390
3374681919
16580053
2153517654
130954763
130188198
208139326
88961275
231125939
107504450
18783476
17074714
17019152
6480682
55117855
130997057
21870081
23083404
1059194370
35982046
35936474
157140968
95023423
14920785
236699098
169686021
115485051
20322929
27260086
23065354
85452649
49573859
116362700
90420314
79293791
26565946
21447363
25521487
27195114
17919972
813286
17878322
61612116
15110357
50374439
66561957
6427882
19397785
62290422
23375688
268414482
16409683
19058681
28706024
196272316
23151437
15485441
16303106
1754641
26085025
182452074
15846407
38737217
1586268696
20748935
14586296
26073429
25136930
24802436
494051685
73194543
106428624
307589282
236621187
28161251
456687233
45426932
303916100
16445158
19455982
15357193
14173315
171116456
15109904
274735381
24186319
14290018
624413
627332717
14693499
17074822
16813752
244377884
28162128
28175577
32626866
14677919
18639734
4970411
15764136
28370738
16973333
14800270
1194947442
1344951
353701419
373055537
365736160
280716675
90417841
14159148
22314237
27860681
16012783
28164923
2735591
239666229
16896485
533809059
2836421
286069043
972651
3038354946
1354817574
24905473
612473
2884771
27243885
1564016580
34123360
574405888
255098759
286739459
260489995
7737912
153630738
429625805
733903722
19333454
69620713
399217541
1046419345
22423822
99329634
308845495
112337092
2969910069
38580508
25073877
30313925
45006808
59486068
1056718062
131899897
7563792
783763632
1197908053
205566771
57100687
438894948
75296671
430792424
19212622
19122894
19923144
325137029
51173232
343772540
195564343
28785486
1877831
158455381
6017542
110189297
571202103
25365536
249867465
23484039
47786101
591053075
275154755
942010938
43641364
336116660
333749965
14063426
85411825
5402612
104937383
14824849
9300262
1394399438
19637934
303617815
3323006500
133786671
443215941
55459700
88763317
33281494
1652541
15012486
759251
235787738
14861530
24391041
23561980
87818409
89785537
165586474
2097571
11348282
51241574
169102172
788524
185764112
34613951
50393960
13162762
16664681
153307097
790136510
95649322
289459291
191972076
347246463
36843988
832012724
15754281
15492359
86662067
2467791
5695632
141341662
807095
20402945
38250699
63747070
259278522
23869655
21979267
441381892
43775786
317917074
286659424
234681396
123276343
261552356
20718792
432247875
11247222
3253755665
247334603
546203179
26141983
346359002
72613585
19546277
377177983
11856142
16334857
20562637
32359921
249389804
1375289149
36744940
38981550
38997315
2465152262
290397665
28140646
19407053
156704836
290889136
154790799
25053299
742143
67358777
4898091
14511951
34713362
18949452
978908012
555928038
47817223
188908130
185496667
36048286
713548014
128435639
283693453
89703405
32486900
2861305094
2868237476
174537827
65477401
1513920679
71023061
204580101
385788910
621408830
248997766
1069216837
14992591
388252876
1530122682
93776005
19426551
28973437
300544697
141748615
42567679
559857120
876236574
260631762
469292233
393736193
21173877
52057995
301021762
164825449
123417995
559675462
3108351
91478624
890891
462608165
2176231566
12475622
80940185
2448362899
44223708
493734462
1056768882
79814611
1072396087
341851479
434536265
37370255
22864063
589575937
53842529
45599317
811350
68523519
501499296
11280062
15831401
1425689108
444250516
47472423
5988062
94000045
178941465
342165503
153405000
36352119
303526763
128070077
392486920
789332636
53120768
561326300
224355961
103761413
1074822259
325353740
481627443
360692309
169148800
250831586
221199323
404350160
84359565
218267317
224779374
206891106
378859758
210199679
559910264
344106866
41151583
221983115
399093083
239817542
245597372
37723339
1364462622
261336237
158469454
521753731
40799957
405060362
174466166
51263592
230079266
604987940
348277017
97331816
103972487
762301538
227848677
42543695
5277421
229292814
251310781
45349235
228166342
310909342
36852886
230493002
355290792
26401033
240703754
502371901
252313153
273714301
712554655
33893539
93934339
339334606
229356913
102332522
262686097
356218619
103472179
626257419
171074918
2557521
273256485
731032892
27284276
600610158
385396600
16184358
337520851
54885400
315222542
327165334
259462525
564822208
206435365
42342409
248970847
30768499
26257166
820960268
616778490
307957733
223700525
724645021
99564656
115499823
157060778
428333
249457753
39419180
298784223
384008174
14801539
363513335
87502685
21000694
273676863
337486344
397281425
218665998
379363437
259823687
236634639
260918027
112501032
197842867
334131783
259863349
232942002
229955352
299825688
28230728
245640073
236074795
181584779
220237193
116777114
355891699
255716420
59471027
230364662
