146513211
404122349
235486087
1677383100
52420819
249073658
44101412
176486829
24929621
268439864
19248106
587682352
19818494
431362068
15317676
14677919
87818409
20508222
65992743
85603854
115323637
48547572
169171054
4105281017
168214880
4045869977
17919972
4118396543
22736017
16409683
34507480
268414482
184910040
56783491
278702825
4120758999
21111883
23561980
100220864
49058640
231416608
19028953
61831375
26400157
26565946
18222378
31322556
45224548
20322929
6017542
17915334
50712079
24966423
117778179
36617822
1643328902
21474245
116362700
22940219
4104563309
4113935116
303766706
477591986
212175813
4120379356
24273149
79295640
3579740722
2854815508
4000401555
4055119756
15012486
807095
10228272
759251
3433040728
19397785
329789735
176210542
27528339
550202880
16492352
42379703
57792453
67888012
932429090
282064204
333534411
488731085
219859001
28706024
740336334
15485441
304596944
761079457
280701704
413428207
119509520
2298871851
15846407
330446733
263099844
620034505
745002644
126733638
17409452
112411597
65635757
23375688
39975533
186970910
517346352
216299334
24291371
533085085
1561881066
192946389
2290388538
311792551
3718963518
371979755
2302406382
2150361411
40260031
145236123
597737756
3617508377
17519039
4122275601
1881607286
3056383493
322274023
2436639828
428333
2445936686
91316071
1621524974
4124531715
813286
718555883
3904189854
4121565389
1665838903
4124913257
2409303270
1457381130
93026969
4117450816
399799078
192947735
32660559
3635814675
2364474715
3247645091
3151847781
4132273888
4118084961
1068884220
2548786867
1656699506
1925101393
1532098818
27378742
200588451
2656597242
1572284256
411262457
142453906
204481211
3763816155
378197959
3826352182
569053466
3816683987
3516643286
3646450164
3842816189
1493279275
3698801127
163023503
3615180316
3767892863
2148974662
3105819564
3104902978
2854613175
3334458718
520398033
3412042247
3171352774
594092197
3069964389
3537347303
589098150
1949257626
1141710056
3319572870
317192373
3189479158
156563457
2782789209
3321917566
2562694635
2544473362
226901608
3317251935
86512212
2845259997
2789957842
742143
2493199232
493278212
71308607
487118986
733499564
2427418736
2838148948
301372953
3334289661
20577920
84638427
291597642
173511152
340571877
134511798
38797799
426448014
234480673
471570849
221802495
453205734
23617610
21278412
169686021
125346858
21425125
25365536
27195114
196720907
277934146
96435498
47419415
19596687
50246444
41077287
155927976
101825544
240623750
298744170
79972805
112015958
5876652
134715397
140033044
198456311
606962079
34635687
200817178
70043612
317356549
47187385
102117124
171824311
66857043
158513757
370227521
71705367
197194058
204434874
160619043
79293791
241897364
44140087
170869217
252694534
2401184117
53817066
804894524
25300717
67333395
113317910
134460412
367113366
3102051970
180470605
3365657902
461935919
292906814
1102815116
3175965911
3292067352
238393690
460943563
868563422
2845141871
298916954
1867037066
2651482988
804903260
145765757
1309623656
227637025
636504900
2777939770
215623816
373024213
114508061
15057943
8720562
342599843
21661279
28205375
45122598
44874400
426914775
256573865
23992315
160914795
973864124
120127817
2272909014
14454247
19982092
16611777
124335068
17753033
22143216
5734902
734983706
3403222211
388544420
117098264
1269425228
43313304
1095435674
62640049
17835938
109317654
2425410558
18774524
259919612
18047862
482913109
620530224
78890225
12509262
22061737
25685412
234343491
17360630
1096498604
1198230289
215952307
33860739
12211722
141380072
91385121
23357735
18948541
2834511
1458239167
33480727
430207436
544071662
1091764369
246825422
1283561876
1956508620
782115583
2838868711
88749392
16965975
207033754
5715752
773069256
125402825
13951532
23838588
9204502
1670174994
604531515
436292177
35206553
2755376327
462583220
22084427
842339630
155985479
462004428
30364057
500042487
3324369303
3235120772
19152541
19072286
891783582
19686204
78270570
16824146
184119414
57350105
231014903
51506610
3307772007
77141282
260058844
391037985
50254771
18980276
15439395
443215941
20622594
17336417
34613288
136361303
27844479
1903382054
5988062
155659213
1440641
20015311
20155652
558797310
5402612
22910295
17020962
166739404
16193578
5225991
612473
20244875
14824849
19583545
4898091
27260086
32453930
19562228
10810102
104969057
343627165
21447363
16913418
22009731
14230524
35749264
265902729
14399483
44409004
