900358171
205789121
16184358
4196250192
4010575618
4041350295
3202572758
179281589
3432174088
4059365789
3382164261
264031283
620296965
3025973393
1896893978
2802250764
53223520
3307752003
3815953413
1378121809
4125658094
33160996
4234012452
2466476898
3841909463
4186923994
3571535183
49518404
2494990256
1229440285
3854418813
416063110
3193833025
4155863715
208139326
2870599010
11348282
66369181
16032925
35773039
5392522
32359921
4898091
1754641
621523
28140646
17134268
15110357
16955991
42958829
15675138
8839632
25053299
14677919
11856892
278691695
91478624
16896485
1877831
819800
19407053
2884771
9763482
30261067
15164565
15754281
14372486
20562637
816653
17469289
16664681
1344951
34713362
151106990
14606079
272019676
16887175
15438913
17469492
21114659
87416722
7587032
115754870
26792275
102707504
64643056
362051343
14138785
23484039
6107422
20402945
14717197
43464013
4970411
15922214
16973333
15458694
788524
9300262
380648579
361501426
115290697
17093617
99642673
3273421809
573569276
546074894
2902373248
903491155
112813602
902614789
2846513493
2312494016
1923879936
2566277915
140000354
594183579
4136163412
3246609609
3274640544
2316123594
3274715342
30337699
3306634849
4056476189
272538235
4138034412
1668821198
3197846393
2563814487
2196732500
3393290979
3948480435
3909796408
101722426
2462229444
338911190
3369459825
916113396
548400507
21783867
3901126518
4042294876
4190110753
2388864054
3129235264
3778798333
2424488172
55866876
393673502
3688791915
3901023558
4004660374
3022158950
569015256
1953744277
3806566812
16565738
3738102852
3302183753
3255611193
748637821
49569655
4008783322
3778371194
3778711813
3250893044
3508537633
495651057
46323052
3185309635
3022389997
3700206615
436821727
4118270237
3506808076
3187434649
3712438572
3297064435
3787230856
3274694748
118201658
3523229232
204477107
21825193
2855645618
3586438345
9555372
3930329177
3312370353
3879365413
3975231203
1323325392
18548136
267268105
3675503173
3982211423
35493841
3980432296
1024893944
197131656
550100079
3964692558
4037051775
3854311035
3149847228
3972161000
280701600
2895452162
3444771801
3296491461
2915526436
1495938596
4106936961
3018809793
2744848323
2599003902
2784039356
4033166793
2999515416
3197781594
142176158
2671155084
4139439435
3009940483
1522789028
2595845720
1552495584
1095387174
4073259472
3187546541
4028053707
2868398797
2826265980
181166745
4111286493
3327210024
3286119068
2938595074
3293263308
3276141924
4165868541
2707748665
2879266928
3895350779
405674682
3022187343
207489433
3260845560
3222087325
2997594856
4164990280
3133860170
96699263
27658891
2583889045
3389968311
2499285604
3605214979
371192549
2657642018
3822598259
2613608636
3226105859
3428756051
81305054
3238592458
3461457858
2465279120
202653890
80817914
77175367
2401089565
1199375846
3235040300
21753328
3898345999
888214664
4024007627
2889953969
2541133579
1176994477
87476737
386211657
14754055
255620328
278056519
481437974
19947114
989140184
15682352
930223086
481397503
216799530
25150861
14327793
534494917
18177126
222316793
20196398
1375289149
24026862
16262188
54222784
23074513
28646919
16085708
1452028705
18257408
20009816
1452329924
20713061
131497030
19268706
114547989
16435865
57768217
59130623
31565351
21251668
92544900
14075981
1633723646
1548158070
21327697
271077936
92503159
19448633
312314261
21438322
130997057
249249080
23976834
166270127
544467090
300392950
781203703
62610707
34701524
130649891
59673614
19750789
16320734
36089053
34998642
39502576
39977870
14662354
5920532
8559342
19195914
39268521
22178780
1270746139
16850409
19339460
22076537
890891
2176550448
50374439
475988505
14515799
19428773
105163813
77444951
586671909
15163466
397495529
12833212
16006223
16698389
22129280
184537455
27679551
56863435
2330415198
16222202
11180212
30264927
64815468
246920706
281590597
2327617441
2376389412
128659076
568311929
22884556
22138134
1411171148
39817941
842115044
844364659
280183446
260308303
2415053456
65277959
1676854974
868399446
41127954
144432548
229114225
16455202
722139073
25319414
821691192
14063612
1373313666
270383088
113897988
15981547
115485051
15693493
165511377
18732790
525782328
15981505
21308602
21884158
281754653
25071402
1054791528
227707612
404296475
169698101
500924474
310128043
87471909
16261513
564749266
25605494
812332261
123651671
52484614
20068679
104952689
606626730
27095075
1685363106
17272735
367086404
300893304
15956067
14849725
24898150
20166819
49775312
384854859
18171703
770220331
32675982
104272446
14496918
303898942
423804754
22523741
305835391
22641165
388388260
31422711
33310366
15803250
15369566
15730467
18253799
546749928
133640329
632104194
17938103
2714672935
52124116
16460393
16465385
260347379
151116120
16164856
15816711
117516616
44102341
261228758
23112066
16977384
16869718
18963809
377555975
2815610751
370275682
208736091
312761413
172979014
324304367
41704988
16555985
28910657
101802390
126086206
32520240
23061674
92162698
164383046
164702019
15320854
108189101
38855868
263671861
30335810
168565837
23820135
376502929
16625082
35890043
44196397
34743251
8161232
13298072
119952385
16570716
19299751
190131875
1562935142
1949432466
257354839
474983217
19046425
529733928
102566376
172207561
19743955
424719241
213662269
66591836
2364627817
28049266
88725512
18637396
22760252
24512235
315331161
110241573
120161777
593869071
15041321
40933129
108740292
108568373
713993413
54322823
139738464
500704345
265902729
34677788
11877492
18917882
15008600
14179819
381724050
16012783
510526745
255471924
6576492
9830752
9609622
16228479
14946895
54885400
38142380
18993395
17002185
197347638
17028405
16550142
15250661
2836421
14745059
6433472
14247572
18082466
211848704
16343974
102296197
31540671
19032473
16313592
14620003
87775422
18990471
16374678
21780652
249022032
9624742
17278675
134811550
14095883
1917731
487118986
61288679
73181712
103065157
15740491
204995324
17994536
16469116
36670025
242689065
16543775
474232856
6509832
203123011
115141256
1178700896
35002876
21866939
11856032
422293154
1613693713
23922797
1020058453
16334281
26566469
19611483
18949452
20012204
26886095
2768501
16735210
607867793
67358777
2329066872
2347049341
1115874631
2303751216
23618466
17820493
2424208849
506504366
2371087261
83894904
38400130
16161622
14239496
14857525
204061525
28172926
245687754
1093638847
38647512
15084853
93673775
14358172
183750912
25354366
25101704
19983221
78714922
3085835595
34908698
314553133
14697575
1399589509
413428207
432557320
25067168
15007149
93766096
89856037
34655603
74382140
348021050
32959253
25365536
79293791
100220864
28706024
268414482
14230524
184910040
17919972
21447363
24929621
44409004
85603854
21111883
16409683
19923144
10228272
30973
87818409
23375688
95023423
6017542
55338739
16145875
428333
14511951
1652541
14293310
5988062
807095
3108351
1367531
2467791
612473
14173315
5402612
15012486
2097571
28785486
51241574
742143
1330457336
1536791610
759251
1339835893
1093090866
813286
30313925
13058772
33584794
20536157
783214
372575989
