2600525376
40551290
7807162
2801207695
23289298
815951162
274684399
540217054
85043148
180159310
373490653
21786618
401775393
326665662
75742264
2497242884
2791455541
240781805
2706553843
2417644800
1281637158
1454674741
27807073
3582148460
2453209479
4141684047
3599577021
2237810047
51161632
357668606
3319129099
4043734589
3244544185
755716560
51527922
2689750633
22507219
178088717
253663760
20710292
133806972
791987048
3309785456
3631413801
294486953
2506883730
14115587
29072106
917228694
575259181
418174374
905257344
546425749
179288328
598773599
2166903504
376949297
134673702
222689933
2293798384
24391236
1595283139
46458101
215179426
2795794133
405687270
58779159
413060156
3901101166
9258212
2756332333
472918718
3870784588
4105642887
45758922
211890358
2983278722
3035563045
272163324
1607858276
17465137
22366009
2283475160
1606172197
3806135356
623663656
1958327796
317506038
2422230218
751896067
17447246
506333748
245091345
50353144
621375846
292092378
14401128
23754900
428999772
371858023
3625909282
401054299
24198661
2269025845
471055690
97277668
166537718
704772085
338653677
30457335
493983518
18948591
111084191
21388695
2666146915
259181637
2704292130
78319667
463238647
93425057
2713080673
2587537572
436512156
281075092
2797008535
62984746
2847688937
453409810
2564834190
2883923704
58060019
802372110
1909241802
2969757316
210951599
2999733091
3050637816
181338920
2706544586
3034767176
270663665
536429894
421310566
124250632
2724708031
2452872000
485393354
135136058
2801280751
871489482
2846320095
79653821
508993082
272047645
318335541
2991596697
562675102
4030036077
244049123
1718917579
3030907059
1319853085
963101365
23136101
1668516272
914632602
2773955370
902467220
41882282
846289645
1562759204
15766082
26792275
2741754900
2741349961
2825074865
46019540
735122173
2349310663
410492166
2875499242
2318006001
1543664064
759251
807095
5402612
268023638
429169128
29371213
3004434983
428140124
87914827
16264360
2371458720
14106476
16365399
3027332505
40114535
19068166
3001821449
30313925
369505837
3068866418
6206402
2961628322
15603311
103094023
16025112
72210974
876245533
3139615076
2875119311
2813225449
3240527312
226890990
373024636
33933259
19556102
1372849140
107479845
69123273
125547081
33181069
31307229
3403487555
28468549
264024229
561447826
2471013583
84218957
122951610
759999566
1522468057
21315320
564027307
275210340
15164565
14677919
35773039
972651
3355500587
5988062
20609518
598594969
119408561
255276185
1444029422
418609418
211935278
366799890
2242145455
3836943585
3269512039
2559343844
295611207
16624174
368992130
50861690
4215758172
20224969
71626835
1267317265
401755277
612662672
1676856542
198830228
1308926868
23464695
58466292
24668720
6427882
29330577
166739404
66456646
29083969
2612468600
396556105
77959028
1250088126
2367114956
33097305
552857595
927484621
1196515243
3492823282
778118078
66318272
1119151760
188355139
197998916
114143304
19648528
1700344531
382840057
435630155
115071190
38441690
313218501
105243571
23988532
4185998950
537089643
249775590
351595783
878630904
294009890
279202281
206016499
2327623926
1927182488
42582851
588506036
18901188
113565936
91754145
260489734
1540385738
1012873232
284584967
27896255
3301314368
75983963
31257471
37990581
188055481
15923666
20484547
34936077
260763598
66897225
127265428
235050722
47578766
114419012
258835467
20852884
17811013
210166200
303294295
340517586
39082174
1329255127
321196888
16412082
388432699
175255682
17821142
78248470
3009869720
141882601
244152633
46762221
3714335239
852688075
3851823863
3009595951
35175092
198126781
29765246
43730427
49008397
1579090172
23183848
1532055264
2842506396
1441463532
1488735276
110163339
51886564
250833484
50249045
1185511748
2428776326
370343276
433964632
32133238
2331397413
851711263
3212756799
1321467643
15862891
463248390
324340969
141850208
62343716
123997800
950179189
138418077
2777728572
88710261
820994533
126824565
58779612
173506858
22526181
504866726
2242044623
584737599
2805063563
18500747
103016248
255183970
1112974033
379669304
153917690
2901450143
322216282
16542687
17497747
1078053800
18534491
1261436845
48470015
558167155
576793118
406761933
277445303
505029403
992759557
2370597494
53287925
2992209424
2953021036
3401173745
125218969
2282394499
237824230
932252378
79373658
2203730682
283209928
3106677442
1091276906
2655609206
2354721992
71160678
624308461
1205483916
3805836077
110451350
256347384
2800244863
551791436
876710880
823044884
623615343
39340730
39543335
16435126
47459344
34637290
1243054812
2330414418
392306788
2827590346
3837807132
376920145
2456473712
94769165
1485040333
1349160175
194168803
1719151388
31556904
702316997
14438300
1427651892
160953885
1911398136
12595492
2378713202
70562137
46994354
1001276630
1175622540
1248483494
23663073
2590269035
2836419124
1638468307
2447407990
100751034
17368340
19915329
22488637
18214621
17972451
60645658
25488827
15944148
22859855
61524563
16031840
75037452
16264128
95252418
61876284
25411906
17071011
105153029
14567528
104586757
21274629
62824215
18344163
16018834
26470602
22432356
51066058
37680544
57356167
67406327
14283545
40311531
14755165
14904469
14755379
14755334
60638643
15821039
11695602
19396431
21677764
18215560
23959340
18213483
19915362
26217850
84343635
111297158
78510228
28822063
22872308
14463924
27000767
22679783
35749197
90138861
20173935
26257914
20916684
24882273
106840674
14755286
77485114
25495787
22644417
17965523
78835168
143441954
122994639
108352527
70638743
44346539
17899109
50101725
64675777
102340461
42358831
17600298
188610323
259680702
61390577
296693129
301881304
109261409
78592202
337605631
365821191
41814686
142276437
95372258
25151374
544107400
519191943
945764198
830193134
56328067
36843988
1026781020
372895128
21303235
1346189394
1196307703
104451500
110972842
213792079
157981564
2207155742
2257844964
2410734786
2414093978
1633117279
60898019
1464358848
2220005539
230244996
2603295182
1411920438
2717361702
339707330
5120691
3042430065
3040880860
14309042
3030641229
2992087653
1364946349
515183478
3075092067
773324335
1324722108
246728493
949400785
574864668
1146321456
508971132
1649808108
49658234
392581938
60024114
155157858
244428111
376362780
203259471
919146031
236091490
1713665136
3070002117
2542542625
20915192
519641816
3018637584
457367868
864370843
1125875196
602632877
1958645540
111352166
495464885
588925366
3196194577
272161955
836926820
338118124
2468886751
48973357
50677821
226546977
2761448051
1438068889
83852789
3158072470
1900471874
356725454
3177778863
2166336331
1710160338
1640948827
1438844534
753216326
2471492623
1662230965
1379250842
87577501
182905633
3878752787
364534938
90195912
74442032
3330169918
86989481
37433988
1167351716
23620404
327539348
2205391411
299020937
3291241857
331091347
18472498
288963290
351683328
131911474
39982180
18075553
2604472561
334168754
21036979
191945302
3840294615
3377982629
1278080364
111283331
14970239
973760892
2292954284
3238985487
331531834
200818199
2888015435
34684419
124479920
10129092
2442269403
2478884080
87203268
1450333015
367750490
3059507307
1418156762
57643957
3242815697
3242231817
19427242
55207986
3775881615
3573348732
3645480022
2728689282
1719778440
92149105
1363018663
3198659953
171762613
1918819380
3715043352
119480392
3742099402
3722820746
740927546
587959764
137158418
2495139440
106556113
3748389986
3805512316
3311694941
24436600
1963002943
29413575
3306954646
3242602732
3221312226
1237722289
52102296
331631952
126270650
328634628
16708655
32522100
115643685
710786821
2214647953
485187061
105915404
330461469
3814580594
1656124806
273449983
479937891
416370934
3512551217
308494020
253675480
235357204
19079447
218346443
62958239
3606811636
486650424
418015405
104403118
107201425
2723823973
135485198
993496454
3074457393
26665025
2576701996
89601513
3193090152
44081751
20050663
43497194
203006755
3825380781
2690107208
2239739831
24564481
3084813327
33451842
2242932164
3744653845
1384715094
306725542
914092424
3207680566
3265592574
2829598167
2403157459
1267212216
107826676
3831393857
1907990744
2822980393
219276239
565306144
238055260
3384690430
1297063014
75961689
3136361064
381114326
626295205
2791662702
403467578
28299196
32566527
3822014957
244210489
348418897
2776262360
3100119748
1704625693
98425584
325656357
16188864
278992923
623440759
15827988
245078769
457963312
395053211
478878156
2268963338
206986373
2721890870
1586882982
326048983
16567622
27877512
2773644809
27462809
337943790
48769496
17327256
382056710
14741336
273661523
3121883355
1383495589
18736821
2508201108
939537901
18395484
35488045
424195149
1689800292
103719373
495688768
706345057
33656717
57683930
371886721
65923838
588810522
118534656
2670342786
790126808
238409575
3317451460
3114566960
71554273
335907173
29133345
275247908
1606073480
49740069
214625086
3351927869
442922429
212101327
1517964120
2795517045
2463065714
2192010002
536102733
226865424
33960482
604518464
3100092735
218810113
163404180
510242085
2432125915
34349003
246471208
325779178
3462662359
1650806742
1328699022
526848446
292581257
19691332
38542485
161644944
2789044321
2470215679
321635436
14562672
66468730
25928003
457240380
229360954
2871763371
507879698
261926475
350403234
16467789
336068887
2195671183
117651374
27449588
25498885
234490460
537630712
3774400829
312283339
941319134
1722541195
107420944
2738865592
3123245157
3629682255
2274792344
2212211904
1092536784
2209252968
937025262
2152703299
278059387
267853494
236914424
28117048
2831715600
1356926310
1735131992
2742138866
1565959381
60407673
1169872082
60684110
500597245
156587144
1412226816
1227727650
23318359
288936850
884300263
121931083
195093267
3386104762
1256204010
462754174
17709126
1510208275
2330340402
161299018
2151881408
29650320
412391269
2590612814
168053179
1668012020
96248302
626207809
26166372
2890575804
3028801948
2959274192
494555444
613102629
25430336
3183363223
45650838
2508581128
390626597
776161676
3033529904
3064389147
47301306
162840488
780190873
2593756098
1016355180
3300963068
86278112
2668719186
3423887499
137420948
504924044
24870953
256547610
389256284
847466102
3390863782
731119081
2462523643
927625567
3260068749
2325676214
170453475
1052962351
138708473
3184767423
2635521997
3396890469
2615457637
1728536155
2706214688
234461528
912721872
2194313844
6537802
246714684
444670403
2942544685
1011148868
299673993
2331166964
3406296791
108664949
244011154
2441778352
570814269
273537180
40958756
3403164778
209085327
118423276
2305504958
153427945
3437579565
378605993
538270272
2733078271
794172276
295077417
2778797359
3305839250
59560250
2236336776
150166163
3432459527
413525832
43147102
14099214
26057917
518557386
303227069
376862660
3290217842
636163904
517674942
1294583696
928432260
2513354654
1705378146
3449809281
525804877
38199075
305546628
1174102734
1513673754
1040330828
367714326
286902163
134189895
3306614739
1353828018
962185098
2307101209
252619891
2461920188
2945969963
2446336358
2956259984
256125251
218531233
472879358
3211750751
1271199692
3244740108
3605552895
3509207183
3128130218
2251944978
309603384
3639463641
507150015
2195885540
2298039752
266836604
282998170
159405403
199181088
87762499
306060340
942363715
377876672
517592396
3651729376
3001951371
181295444
266579669
621213469
3118256694
439174793
2783062717
223811341
3597533661
30319100
49291878
994534543
3438370601
455931830
3568923257
3480766992
3543799274
193959259
21311874
729245437
917339401
499205970
273418969
3416105135
42443103
935577422
3014266546
2964094466
2943696157
520265370
1448618060
3317261883
3399867665
3520605975
69681766
59588962
3482067379
3505063460
3503898972
3573417202
49933599
3287867269
342864030
3639468977
372050829
398039512
2699103476
17010913
136709880
66710152
436795156
23653818
2394624246
17393362
3172668701
2237170628
552005607
2428168080
172345858
3001577560
29216260
3590802494
18185124
122030129
2516411
3341746085
3259748696
3687492857
45606750
15014747
335925116
95982652
3003855975
3025946908
259613476
3444567373
3025537933
493491267
3320048805
3690138436
920051532
3599086397
2887897432
356078822
1577401202
22677662
2898628961
3705765382
3157760289
74731396
49684675
1920251611
3710326756
3428869809
394714352
39651447
1710801594
633287684
16392208
947914190
27580569
15722740
293363875
176940655
901077895
365655366
3223223454
3524827155
41143588
154330721
3304187106
3004163190
2395148904
36091500
29952880
1073852533
344102160
1415060214
329638720
713646363
3558021
1227983582
16225615
18482912
483275305
128290512
1198481
314575393
17946775
1000281877
3298347354
1588338979
97930354
1063818618
2522923753
314394074
35199194
188903918
57761957
49561124
1654442893
1650858084
113625026
18662449
252987054
73307200
1670739386
315535724
1390459284
106025116
1013221658
29074693
112681340
1291612784
381278377
241258451
1130605374
1931452848
48550408
223986468
116763916
2559974869
2522772055
1132043755
837851660
57585455
2207395313
34484253
2568784786
1007430480
2497336783
47503235
2452058995
8453452
634391656
8820652
163377322
21279340
172081908
19713521
3319401585
328990309
196571083
54824275
74667732
221267714
37916253
90360929
814790430
906452988
14214520
30324031
484525437
478704063
108052332
361135478
281775667
719350401
3656063182
2463058524
2797665396
27831488
43694024
3239192692
1102342687
17233078
42467881
3131019623
15866800
1363448270
7138302
319309523
106384372
3028252336
2292454922
14348157
169426475
19224439
1963312058
111416652
583938358
17675072
92806602
106985950
22355464
52186701
23785403
65635721
1397543156
793755030
2925016827
2179483405
3119050048
274375455
725745588
625378438
3300509547
630355677
365063938
2374369833
3372872266
566188252
3202346757
41488166
131454905
40435025
2979536548
46957815
3312220312
815054845
589247522
198210772
149131025
3450065005
3225837132
3307869009
2162767350
2858470444
264812336
2981742580
62628917
2785121805
3432154115
215952307
2436005449
3065657175
3093528938
3226038940
2968941132
1847288186
388118396
355168040
22688094
1120396752
275962996
40611730
95984800
590226096
56772461
182220456
86256982
472817646
561975585
604772054
568328553
45571759
303774724
100682954
249830418
2816672744
290530096
1540604551
89532206
303142145
2518030339
136875847
264839250
3404438445
15599367
3395792734
2729940434
912746546
815136258
323320543
230440460
3317432315
3119218073
84601364
3543268095
325123441
17679415
131806509
3147798639
487323769
360119052
1331922967
3290025143
2302425517
116876723
231981250
2361564184
244884747
2211911080
525395540
2340721604
2148869334
895718220
278049378
2250141870
95480398
609076616
207656786
3357748998
2394338480
476100548
3132979923
1108331766
740954192
1952979300
149330925
1389635618
3433274644
253217218
2786855444
633273876
3282596688
3290915892
2744902664
236829899
3436882941
2718055223
434006773
420313533
3282747638
3238677364
626379363
121969498
38784416
2312659108
199162551
3446320454
260848555
452402892
2748517662
353614651
483681518
186472525
2347410041
196747495
184439365
914879852
3436513167
2804832887
17782128
211189418
41967896
458247568
54763810
86195416
476613730
2980908196
1070374862
2595454507
904778401
18161977
2308595995
3403000953
256956059
2807668756
36070705
14341398
3234670263
3339585611
26317589
3264486358
191912674
1327506864
1949091314
117247636
185898176
115059077
2755624355
3182535610
2745809750
85734225
435779722
240664803
875150538
21984279
1730932086
968776626
2978097472
108147638
2890763892
35041035
442678082
23636912
166670817
133863081
327875217
29710286
3232915476
605806383
210269467
381313686
2862490963
2388848229
785193894
105673442
174926833
126023534
26668238
2562509607
149651634
36712279
3349485477
2565001830
20341149
1963806199
632066362
605491790
3092578959
29213506
905548862
2751594014
2495476574
267923653
3244123571
542722456
74460479
1166606946
2482058629
2946552863
2506189179
509691898
25120154
621281857
3151015931
2545750568
20156224
2429749431
153521932
748534765
17834069
376448253
142171258
2792492382
393753279
1963523820
349409210
3131089659
21278191
39219295
2410779025
420819269
43242447
1377008094
2159054220
252408723
2318374983
466047941
2711077110
519754419
847159560
284073198
2300691618
19181549
903820338
55654065
298602588
104275439
28160823
2469834992
898198957
19594338
2786929878
267988806
19671591
1456000548
251608534
257233973
493553666
90126021
39392048
1608447355
2321891696
295444806
299439677
94359380
2414650296
436109437
176516949
355757451
494397899
217496649
887803242
22803249
16732590
317554945
2460092736
2837520005
278034794
25079629
458360307
43590258
1432821080
238734832
306245048
1858309856
159965265
544873127
1619841156
802162598
200470353
49044100
2200031437
21588316
2598155406
1527946442
1110500792
28096105
75049621
2696498462
408360989
5660312
982084890
921844734
369689042
15275111
2239868816
355872591
2724020223
2501121793
2244019346
254647661
16133674
46432070
69042326
86114906
221868880
333509523
396070046
434287483
469154219
487996346
572569668
593950896
1239761647
1552863007
422283857
2149708850
47041310
382277312
2497000135
1683584580
618982820
805198934
56687975
328994137
43669003
280459733
351086117
150589029
12034642
137223549
32295387
61959191
545477814
787377708
48739039
815559248
469913541
18581916
144958091
580129552
386431631
20737615
848649884
853882208
849256771
17668901
15207287
43701742
559953453
924340896
406018129
620320521
300353015
293388557
100766314
934338110
86204894
840990950
26034209
103306406
209402308
25956933
1081888135
607794669
104838705
429631049
18378740
29334069
494692309
426136744
32856200
23628068
110431227
1022949302
1288238136
537466689
385000322
91577531
326646032
23839159
1026240632
38986882
16936058
24818499
423287286
550908664
1245330362
91664388
54661168
23608160
53789513
331368149
221425213
444317643
16182793
300930977
1548955891
743284087
370421383
105338017
148124498
34388092
819928614
789300698
412123491
1725621085
247204494
971047896
1855936164
383463669
136079456
1263308732
1899405344
252424542
174262288
8480682
87803453
55432291
860767182
54625633
2203395704
41537504
176596938
1137251790
457995284
164790675
287750109
2170999954
54639668
76484505
2274729847
325162085
492333854
24469504
2337436656
2238223602
1712888042
17672402
2369126468
271006103
323648321
126860452
1004650284
86381586
2555311820
99902429
123594004
72912318
2497220336
64174157
956171707
322536924
164677252
20791618
44452458
254282406
1089751483
14913540
182705242
47741958
38799714
270033444
64295770
129286225
499146639
300632164
40916217
122437111
1248315704
49305759
581802894
126327135
22838573
2588269125
2527967569
924265879
2590275548
479572566
194100725
29238099
204327608
201170211
2204318058
74525389
69184889
169830002
52365250
2437702841
247842830
156563457
377457498
401517202
2677392494
480040776
16330959
2246342706
209219793
330896350
879161563
156899469
177301503
268516306
2429220762
2385058285
2211110301
73620031
143433131
2463415069
1132221366
382493291
2579257620
2548897788
18126248
456932662
1965448764
459503771
86192152
1117470858
2281929114
1473601218
2453439726
2276971741
1094624310
2174618802
48751341
2308826046
299484469
542955094
619847552
11044842
805275654
2337618612
371713466
591420338
632138381
373420416
227254505
268692638
112411980
570205219
379784112
65674779
346757476
104305026
2370712099
115829716
283944220
142384415
278709895
33925508
279152955
2390248898
891851959
175723299
1321609908
448195002
32486448
35132615
74768010
2570461169
306854283
79227300
262195861
125456529
163111007
2659960540
73152352
185751911
2667651908
526905974
229773327
355327442
14332911
53072856
76060730
240528323
21613458
1448815980
184132496
82538231
631410100
596977998
18764260
237490776
309693828
500918990
512863924
283799613
206156853
287633165
223145087
599686223
273489743
818930496
805553970
1070117917
150102770
56375669
1006979528
2505036048
289557548
1449954576
728258966
1014295620
2607869515
598152598
2644973384
1056928435
2526864806
2479138121
396034931
1090025839
107431403
263935536
19875772
1511775853
1342349906
814488277
316637120
108645834
1309977980
261989866
13842992
56767791
11189482
48102019
28307150
701675550
837756092
727198872
135634392
12881872
14238868
14658751
14883700
16803093
17484988
18706074
19727422
19903649
28223113
29715406
29967674
40226333
40226609
64440788
76364175
76420352
85516220
96158043
97543434
101012212
103604905
108410287
108650482
115496144
125427022
128013333
151824536
163644753
175447137
195258439
237017504
249319387
263116389
276966672
293082306
337251759
401258246
401909543
500819448
2221888363
376472551
17145049
1585780206
103124377
545877411
30619250
35732305
106083573
2690586005
133466695
1051404330
309488145
603680678
130835657
84657987
6135112
14705712
357216847
838673408
307084646
194417225
610990528
393000223
119188397
19143078
1926127915
621807482
258082651
262651239
132503444
23470695
980172877
47074160
14848633
49416229
16060164
327998248
1352809122
71714273
309894805
842574937
408971802
1534120645
436025020
52557443
73666972
2256769705
927497912
258262734
484834492
444775563
19113223
187640324
636367254
881925764
573516744
2635718650
218837309
708828216
2565440459
113243002
251893437
246701669
387836475
454731007
14584437
309223981
574799681
109390248
613516964
22168210
361437624
275501846
31480794
21451648
820075285
68817203
21565785
17801749
1203638942
108972570
108353869
414248879
225349316
24716475
20414217
410859457
1150726896
304081311
44352584
1905189733
1428131534
18897106
88391265
19240919
73653417
550139743
15939771
64690823
351583491
274571679
568828814
2262396237
174010734
394093932
43587583
30296735
154249227
1441814606
6013372
515966936
227483251
284460886
2325598098
1937016907
118351622
109249368
376112861
553821529
465936656
46520272
15486485
52189673
83869098
48570843
772247827
15361691
11156392
7803722
792818366
223610043
1154755772
47326366
69948337
359121300
453061991
69504602
334592067
92986215
91377850
94885717
2586776035
333366997
414053487
1671258888
2401935031
13284672
8071902
115936653
206230343
1324151713
133198394
538409681
835000304
2423983801
226640681
961194200
87402175
1143394380
19433729
2494233703
19065393
1410736951
49388980
626389003
2414884884
721187358
1241012060
149942264
28224676
47899803
540852694
1636798616
473094407
220887052
1907115938
1251776179
1938588308
373649310
146877496
1071251420
148483979
14884026
18592212
322136939
2583254077
101234515
119254387
21299672
59028703
34318003
11994512
237519451
239578659
35621956
163358674
258159716
282944914
14582987
282728828
17562522
88072616
131561838
107388023
157621324
400952072
287830140
474070514
316515646
25849873
20548002
143619986
135405873
211776502
38150610
507613394
192477353
251792726
400047566
466524323
296652937
16271602
199273700
64112715
147748092
389890090
311743114
908209694
107689229
83303277
10117872
108254741
65854525
121215979
160813936
91374363
150799590
133203429
1114053757
598128004
19990541
269873664
118090289
251594790
989209765
26440019
36678320
38733423
105394761
16681444
1382041082
177545552
1329704371
1300370167
1477308049
205337628
122770149
269683137
47422726
1346431914
29005683
122468255
327155131
46766401
96390467
204487366
304252619
20475444
158833938
842602986
142310961
257591961
14465412
86625140
494020710
342324989
2462463676
18025288
56833748
22408037
181297515
309705204
254972879
45315179
98653102
793724966
1648305080
404086699
14944890
2326007830
1703247546
595807894
423543969
216772959
55941067
92221576
618232650
47889733
23234689
1262097464
433592804
143789034
17363765
41798138
311588531
1146222900
355956600
1642758073
111523226
29107135
124306843
602558734
339256533
158106185
17067251
960769212
437579037
378385429
628382492
1467115158
14280549
520039289
236086752
1514440921
222492885
608727886
510096739
326643439
404810842
277088720
170341378
727116116
391296257
1213888158
215133466
612395120
162812856
2246067150
2498945270
51875963
549178943
31882883
226436240
196255203
76139582
415681188
148713679
18851797
61481674
1149908708
600217900
869414732
248420524
22926126
37186233
238087131
75243132
269558672
634143790
239101854
162793345
153962533
1165659122
770057653
921003991
489221562
103102545
288409122
858398574
164976578
1274603624
524842574
501957788
145749916
63423035
45914592
28333066
49741627
154673005
430666510
468431462
68452043
153799065
1122148123
525203291
157037473
1381688780
985310174
830354317
356849104
514702631
131644003
25943951
552545225
52015369
117095906
817093916
24234166
413927547
46174287
973961724
1946425964
2196260365
2227020420
1960692680
1093496546
847799940
1588200384
533248307
1951468699
156743244
1279250209
291544445
1222384896
477825821
373071831
1879494266
546103124
115110241
531689497
433344236
247407600
334925277
941005656
1276186105
194620992
498296902
2328672877
2210813899
2211693576
360489359
129543553
259847432
954258577
2231220049
43654036
849401148
1017932046
139680778
148258019
546293750
256187733
771223836
55330872
16109501
1461949556
317860051
2378043884
914699131
2283867354
2389336800
262791317
43518113
16086877
232947357
106974877
219855077
250773569
350060624
238236715
526377204
1639235064
299111888
416418985
763498458
1220941082
61907937
17666172
19201509
138368739
29172252
146599220
315382657
157618629
57674600
409461426
348052889
173735536
39049148
2309056302
95918184
147500055
420696100
588073410
32806500
104602777
426277444
46501443
380104388
2601546500
49457665
342658358
635017846
122767856
2349870504
277266979
1700426708
15774048
499894847
112865339
2589388536
758399179
2306216102
1161227256
1892363089
129707331
2388126548
18903067
398727001
2312341831
580008715
49861422
90575692
881592583
201258746
702055618
933598867
780707928
1637783671
630090448
126753367
325817814
305879394
41425131
2221649852
90873043
1456357890
785441972
241641218
898274095
159079766
1177383806
464203021
49346121
83210662
226138522
46522572
1711142239
1253987184
576215512
568859015
1510671426
126470313
255222338
14750991
23745634
89463666
313005894
20362770
736743462
47989335
865417292
457385076
81390348
17324835
173199311
79243042
403217856
265412937
396656597
434262943
1931625937
1673784578
46744317
296886018
2587026164
460800407
2472949694
2458609339
1965251688
49068640
820101781
292372067
75276662
2149681538
930148130
74768403
2478354308
509413355
2430905582
501723868
1933667737
171691486
140404561
386236828
158989797
2470813680
1296777546
382269545
15784302
1472603532
1885050439
2249544894
2268725714
2282194592
2323649155
2384131935
2435495352
407667287
21746453
20427282
38258564
1431440832
263566691
14170363
2512746356
986106360
291750651
17469492
491112050
145431498
1593295976
97640127
10397192
325737054
48350211
29722587
7455282
300745821
17664604
237700101
23037715
26319717
19516699
1425250626
951837780
469193620
158881603
737280438
402958476
161616513
343338683
205800977
859475406
183609933
1937752428
871275133
2560618001
145824767
1433889871
491724659
113114115
18025329
1607813510
2572402885
76629748
1697668345
262830800
65399317
19178326
903822098
932331870
241107231
257097025
635188313
136242086
809047213
131196318
13478282
325479591
1223233651
60649860
280740898
35174916
486945977
265949207
248337481
627303361
24571294
291465725
25286971
892995073
91246294
983514138
98382592
17792816
232111617
292423018
886962811
493006460
56161580
140535991
623856263
186334506
587323306
15487499
182549290
1431531996
357752419
123558002
1030815319
72121768
83194638
270616268
880831494
527423375
1278201456
487636487
483921107
19967284
1137777186
501019550
991215169
2352014462
310946137
128079683
2632476911
595650204
283127383
845491958
803918688
1724824975
42587543
15897931
39115570
1290065257
27866382
102131383
1377339774
30343344
388526356
439645330
467245588
79760402
2225679769
424025826
1513018362
64125192
92844668
2217046052
182794332
49219932
23905560
307190181
20847621
1932312944
108326157
17587550
1914129900
278453773
23852267
1340459634
263199398
461448413
1722481764
394023839
300827571
635641530
303173777
2186822970
555875303
2222916489
226350650
2210914664
962493018
2343948030
253589425
922244216
330378124
2265024661
1272809024
518687078
225878567
146181560
827962022
1648832606
976188948
109804824
456473247
307354043
403586351
459680502
333056529
807732289
603061483
41592178
2482193965
65887828
232335155
579853974
875195024
710319517
21052317
256562308
59824113
335276222
2540064756
19261328
51408053
2541291170
22376014
450481607
219020400
747440329
2509208611
81714813
179381257
507919973
62219492
2149545919
62377759
1005922040
359886377
821565199
2395133557
2628128554
14284876
18136822
45975675
312263425
103411633
552258995
1006847250
306616453
342838503
184212480
33119775
54868164
219496700
1262032418
216340721
2379700903
1903958766
1685803026
1718727464
2549531568
65011063
253726497
339180880
2416035558
540058782
1595245921
16344169
601800655
119101471
48254999
405705335
264357961
1655398566
552282851
314530259
173508389
52353283
278064924
552204871
605182121
311493782
606552633
332457954
287455210
199484843
378079297
245525318
101791724
7437512
328968455
577241654
22494525
1024651519
38080375
398167649
485908241
68731351
47319064
19615483
606382633
169193457
456254370
516300144
633724555
1058193709
1248730964
33200274
36397370
43428294
292964723
35536674
822515911
819141794
394875030
1454951378
486703473
1663301586
584681253
621478555
125134577
1324041524
760899606
255697256
507354071
882848995
2154373151
513673295
419411125
28770219
420391646
21645910
27576784
200872185
284459732
82483101
201967544
112792436
597005391
2350577598
719172078
308951164
1277290910
14775830
1203566558
2264431251
1380893342
245454199
705553982
597574425
381979452
17470501
70490169
244339432
30704658
2443060639
2458115778
237474146
114579115
80929199
211992443
909584641
1957554378
324103525
9237012
185811135
340093633
1718379914
28146519
165498315
214172784
255333852
234933775
465787046
135486450
2182256524
2493324170
1697146650
213320007
21567608
763827847
1091619451
2416068013
48274623
2326177498
166982073
1109976883
24842995
76696974
606423356
811980
2504881608
131321045
843300637
412617317
28354271
298321693
874595832
2167292024
48776626
962176812
2444079919
380233534
145615420
257909854
62814736
30271375
28720165
405723402
24544504
75351129
1495974757
61124569
224345752
83445990
245086019
14444186
274374842
65078889
224015691
14419031
152036266
47726815
21900664
302756116
174377716
51676366
36087108
39458744
819066578
1016954785
295641947
52107009
56955600
767374566
895854535
136597070
1890079110
52659559
22061336
18111026
246343930
14322598
571847847
49299339
456195135
125399713
24353175
82375673
81796801
319617568
346766221
195569194
428477232
27664756
328627461
257132412
907836800
781179992
413223607
987883172
66741087
24874022
165968019
1157804197
1586618059
430235090
1285560246
746604090
270998175
2559069144
700120537
55037747
95965315
403392568
536811573
158332757
130811282
577377473
58784259
40116773
724268130
30861154
126757989
159648324
48638535
1653965162
106720719
29659136
410627507
575838559
53447298
1914630187
342656862
899461658
251308116
87179667
372735335
383720256
807629196
305246327
204976604
1968687750
634003556
2291272640
2298151468
70271430
259708327
1070710692
56380020
2285705570
19586160
211707030
31739240
353197565
43329660
2158759369
70764123
100634294
819467034
20170408
380080506
235499041
14284293
21754505
311064314
34206409
36148979
1238337014
224614927
419446071
191754155
332756123
475089067
65598146
66709056
1854428796
1586216377
574530642
40833884
295321475
262574653
62862693
1342246146
1601065406
114735608
550579600
1173056473
603775254
251062195
318031140
21863942
484859147
958239528
1118995951
30732869
344078494
572411972
29688411
84029185
373330234
2225770108
474843888
21553753
800873048
28869123
14284443
121705835
16815724
126330826
308291618
110373312
596567078
249140224
260384769
8606342
409527794
2373521884
568964389
951718802
254942785
156019120
242412452
82326072
473049722
334537188
2365349654
18377085
19769909
157796459
381253814
185781793
1662687974
2223289532
18796591
380577384
17754586
443879419
362030328
71230445
325759787
239521873
31621004
62766639
54799415
184732662
19855055
552040316
196131308
244017565
594632899
2230138914
2459548466
1201081308
2547739424
80650044
344027276
431811173
129133220
122141251
559757546
261417569
25886121
476255911
245400819
28083478
19906681
368980859
71322516
569928506
275646728
63038405
519664751
334807046
229496826
888482418
262639915
455980861
1123198784
1443366296
399657032
966005244
15065086
232309508
122382330
301075632
440594880
491243139
1410503341
246242682
18799326
452810510
515463027
1655454540
1193002814
1410948991
395856057
40510244
23807763
23941248
46518378
239849360
347259149
78269749
254223843
984497732
35728138
179178412
272765161
236895005
385119045
2278903824
1926526688
340811697
393899178
55822967
460525448
297255263
2311919366
140139402
1008844446
390641663
357731366
300442541
27485885
17651596
19461845
564905520
909938851
398090835
24036841
20250843
369019376
214412969
18533704
134952827
260821735
84223163
567296084
207467537
54876877
192635260
90070750
249573243
36050010
233259110
52999694
70415274
250157673
19889825
135648588
266961516
82181845
35527998
610085615
561846662
202352355
17806983
1010210774
313390086
551125862
66501578
338893780
256993506
64397730
538045127
119025828
421860370
22735859
263881174
298265824
256125395
1038841076
163217488
18331331
98125507
277589524
1301361228
260017868
208353394
166232522
143026517
109037356
25226777
112963746
975716815
1022432707
55182051
156286179
1376211097
362569196
612100047
62449564
346886519
329353385
357650631
1132275582
24676183
42261228
68677418
19209639
53167944
435683816
80410215
131749918
426015709
22532135
518361853
1903977744
1902776533
247726962
1055503688
269737615
29162114
299038752
932023826
903913128
494656641
611400306
519403567
331487720
96915864
1277918994
1439731111
58143232
25639411
310002891
67336505
176561437
19857113
958277688
549356235
1187051180
1662051236
1353124112
182339355
559727682
144548501
1959451933
85535913
47610756
88677831
527579111
19233560
561991865
391456011
490806769
16202353
57330688
254206787
273560630
1157605189
61895215
104381610
262548120
996952435
76755923
1091354204
113843129
190466619
2217617918
32537082
279978570
2382839484
344056011
50881331
49303660
544194138
47919010
306872512
31431106
17336423
1643969455
25971353
48774528
309657494
800681364
211010197
144942443
1966539456
992081976
443881733
405325554
602964666
2484928562
416503785
24733117
15124442
252769682
1092959706
35446834
275293165
17774661
226475070
558208407
900243644
780327163
2507498023
1627860380
1627981596
381603450
110966797
525115791
2167087820
898387980
291114718
35276169
272022851
11673662
84255408
961201465
2198709276
384177197
601159185
377912738
967077284
917733559
19053307
19342892
2544007969
22431691
355493653
38838466
1863793808
17155170
837484490
1492981374
432432569
2502010818
255065544
130320246
62065089
425827757
41561099
990460123
1450899978
2370721236
29557848
921148148
572375582
1461248966
447987512
76768101
2462902717
100053008
105141681
1497986778
479498563
234576208
238981656
272390998
367175944
523838847
483107974
864949548
1082606150
1588752906
19400571
2399687505
872244828
244200696
61102961
1153036051
11707152
268445390
69533246
41609993
103229218
1557892800
50344099
476642851
52626508
1117741442
2359217310
14375047
2509961707
278553772
482860261
482986494
525857359
586625152
709269242
1148205248
1720166924
45635995
51635139
75296794
92352409
105375508
106399826
139469969
145627974
164266270
260282430
257064561
361830782
848022750
42601966
51678226
114025555
236080726
403871865
422014403
1682121170
1894721372
2160802898
924960277
445428656
386494722
2220081672
1155756379
103375051
2290640063
34345805
1280452116
17024264
2218390334
2334732225
170379490
2305386283
433683956
277298681
583115319
844861249
2174880918
362659950
303953556
1583657814
119368518
319778143
65605810
789075697
12593052
1173408768
448851195
988947956
34919823
2335434781
1977323550
1139894971
1478673560
531694544
1831663004
30600321
906802068
418838499
399330493
50496424
291338141
551247752
143600664
12583602
600637195
297067801
279456269
2220737494
415731323
1116926784
122618451
514482261
99281740
1849454935
1951998330
437182232
254037668
117543919
447109835
222181001
891811766
1940223324
1484404027
175711264
2372173141
1560250550
2236811940
18169677
187488159
889356104
27195840
101680931
2271867055
16380856
2358956035
315293443
1510279730
1661058338
589325064
471982873
2292779365
50674212
119995114
472198899
430694849
1359372590
35600156
108978325
557287199
627394798
2222200111
20142105
1858989858
628725869
2348871156
247413941
563817039
1948154516
2438422502
2397721136
2475342728
189231664
19150863
283194570
583092341
407945905
21581229
616598562
42468279
312632947
1056759164
491307082
1882241653
19624985
2174369455
267060498
970605084
335249081
949508700
1662361346
1389780283
627175642
2161232472
1491033510
1096425763
848969341
1490383261
731269788
369848802
33663684
469814427
325904671
49408574
2193121805
18006752
1583509170
525233409
45979314
19526547
26543892
43353308
16883652
123229500
346468859
347154809
27623910
129165022
49103014
188136533
14068382
221878313
116601934
18710859
611581919
216096501
254801500
39013572
55638628
298427183
1028643932
96369625
20758981
61080758
387639111
128501924
1539056323
197116772
29186805
480781932
191187084
31388850
1059730908
908032322
552682619
41421319
417625764
133738109
1365827964
404145374
130666221
35498669
92312297
485722383
89715358
403673066
282224724
195945687
1887664604
31138379
1000229402
187927062
20674145
159835998
142374671
14883401
113732196
14231467
1178518129
208628376
475249632
116875025
40625668
980328607
76606616
16245826
77998544
886794974
1260521084
29427521
405873053
18475248
592627918
464853189
1926540037
7724532
28612086
139133043
25187278
301930371
133644931
391495674
66318002
291743266
2286096249
33167625
21771322
141015432
32899796
265145204
237060853
23396142
75415855
14579452
1151321875
2192890578
142731825
161206260
415887677
293005120
629264010
942804552
454861561
22882940
82314857
131867804
579720513
146949010
107131800
19570370
2426027413
43929915
554509363
35569229
263854391
16222797
355011800
2283852121
17673192
831032593
1379230026
1083869792
21912906
254762788
93028441
92173142
19145560
493688749
25479570
161710921
1430665740
194437394
803875064
465136140
44842025
258429228
132689217
919823959
20511771
282768476
180264416
1751975060
736268184
1200972864
234440681
504623596
404724180
1315510249
1167269082
19969612
1723282530
375277034
714989024
2262638946
1439923994
344880789
607911082
536684363
137984542
1105181126
25063161
72814028
1216872078
19019496
1184507611
428874226
484713562
425565585
23455153
62022720
14619085
213566685
701743999
1231705069
176351478
39239737
301524923
357747876
1928929988
255769078
17775392
560922125
218639712
745634173
125953566
75841824
2512059209
2365672292
544623789
1691491874
113627084
2330732484
106611608
86788451
1264925442
1860946980
1840845606
72583136
230409093
1152079687
18183693
38583045
725521320
2507809808
108577014
46026605
759909769
131217007
66353724
14520313
516287973
14671775
1606829742
2522271792
16385353
48341224
14589287
283660297
15898695
194417783
22145061
2255409384
17089137
125122538
274422511
57567739
139399830
503603385
48827977
292646360
68185760
65353398
491319683
332820777
199663247
1126671
8935052
19952601
28565521
43104079
133385126
277274457
287966719
292407130
297049575
402448143
431220987
787943162
897403670
1074610662
1483572878
1694401938
2221878903
2316051193
521534914
36145854
189046085
94212396
1896346400
1588073616
703223386
622663869
591324380
157511586
126793026
926291348
1008820088
106311646
764113316
1384159356
2233488978
145377905
1226698988
2279217679
233343997
2304969842
131082329
1621313719
271878260
167499481
851562126
48567633
33098495
147450462
24035547
1390728259
1267982563
1486746709
2284066573
337446060
21571240
21923874
82255652
135110887
178969273
291673084
484537481
503233887
916952911
232342189
156982768
1926944366
2423489323
990977432
142445186
167322189
185346029
190328033
227128419
243907799
267377035
279655508
312552997
708653299
985844461
1168994293
1681990416
2187233760
2281284524
2463797990
51808954
203173319
1904924659
208484718
554118761
12946282
14383482
196766866
199391219
43898145
15480932
2247389032
921759169
568768242
167760471
1732624986
19449019
1623145514
400962072
51128287
2463233251
16325355
60468975
104142045
104534682
112953691
211647387
15660641
246970040
338010540
280559448
133328444
47013822
70667208
513762170
1503288398
47038772
14116906
2230199813
35120520
443768861
15377115
1565363778
1246861638
594268375
532095621
49934002
26924407
22561248
2291628254
263436955
59520800
43368385
20254173
1164933558
1048411614
41170977
1882281708
103106691
9951012
1499026446
390858322
280826651
16127669
428116863
112874216
19478383
1066647620
172846897
709404201
1258364796
92638580
35767916
779636335
207323988
387181116
1593195907
35099519
437394688
1854241580
965254819
53017384
612442555
461610902
35746950
137796394
1829051636
221710101
16201819
20066365
762209582
426758233
2492637770
2305775324
9600982
83686808
36886919
28877969
401816628
88893531
342089563
6435422
308271303
428982236
109894030
33861579
14251434
7707062
31352101
14142437
41396964
22752608
36200895
293987605
244034858
84604475
339096474
156177513
517212934
468551506
238575113
533779546
23037484
1460025792
156669688
21196759
196991269
198096290
207492237
731344207
2397890569
2435267137
89720154
29228279
366225790
15890245
1650255384
16790394
598394237
327816835
419646325
886681915
155909582
40720843
1496820510
111457805
65074053
27188645
39897996
336015206
146620155
19649135
41170844
15082919
2491637480
245660224
22336731
17453073
1216019334
22179107
409388930
19532544
17654763
27485335
2180213377
363161160
312122164
33344949
54514059
182542867
15926450
125415938
135213592
202925403
223346768
1093500992
1546424424
1596601651
613623369
2348449149
377564242
15531387
143246253
53961447
52696957
945453474
289874950
951631537
120115936
131333903
20256132
49342299
365979828
2501239394
627550484
828584430
943603681
1015288928
224074946
58767615
40464134
314152424
173122580
34000178
15878040
15831093
217478823
330930920
197973495
41807639
1094779692
500133474
1346877884
124942059
23441219
2362211358
522151907
140554952
88697946
85136681
57406450
1122883339
194213850
873895662
158034127
1307872752
211565054
512860075
102175183
1710120552
85018352
167134264
43047209
100193598
1589050783
165088613
21762800
17448192
221634221
54308395
71615018
29686426
258812835
563190755
145576593
126618577
431694989
20577000
607345828
166783665
520237607
331595193
510343602
1493508662
86920896
177100939
947569752
4791391
1595207618
529350142
31151727
34847052
1031216863
87426799
872666335
202670471
493686017
889418808
1973986543
56048102
14950946
1606945412
1484211662
1886599057
1597685479
366565893
1680485798
261819540
499138144
26204929
298388951
36531123
49053573
1031215026
25411206
65607720
257875110
25338160
1607680914
338626911
2330023145
586960773
1681391
138150238
1104280584
254295200
164194375
112508900
90235775
20780641
17094712
29459692
248836942
218806642
39889387
37329581
32262202
375107954
15222724
19357589
14317802
42869741
84083187
234278646
15771610
395932938
575027768
127808358
1238331625
287649946
310803032
1081344656
126073609
120229408
499672807
311424455
575150675
87512436
268419149
1433850558
254513164
108543711
1085757072
18646159
50645038
22123078
1761493278
566169341
576094799
1916721728
44148094
395522475
15968617
17872080
15937405
24770446
323065487
16334429
14496886
234918972
596192833
16132791
567756902
18553980
236873973
364840896
1046876136
484724670
1373368518
38027006
2412983768
2446686996
49799110
28355210
239057534
142296351
1172432508
247062249
2175021342
186887550
238185915
248597949
1140720270
71883692
2427164474
1947841482
415826305
1574087070
575466817
242409534
63765614
592903867
171569791
238010923
210232021
970563998
460684979
995014140
2270162226
44195184
160321413
798779833
82573458
17632091
49578312
35173815
636199224
81939919
25758575
31132690
546542594
47976136
1178560795
402169971
217044901
2274662697
68355918
492488001
264153
61214134
378159121
119155159
250561866
581698472
288121107
1482155383
478446481
903466615
1416535898
154451419
33463103
1518196244
47456676
19081403
600105780
1962235795
38633269
2341393648
49258916
788982234
1100580163
594110565
42343812
47041358
84098615
159444493
22079479
2339935364
2239626800
558610919
2366103397
36923724
502143882
57435297
242448573
124436459
714891474
147610028
2182387112
81277104
39582891
2283700272
2174470418
248670810
1499542922
88473373
327562205
794606605
103526485
140346685
221118045
213575483
569443071
123657650
298857247
15655694
40816246
1118114126
163468845
1670922488
527859827
300456397
1339316910
182016994
29691747
81409814
16930378
36740457
37771946
268364833
45805351
108631068
275498007
372789976
499251407
32159706
707144845
280961333
1010193674
588400012
634837879
524621806
285116500
794209590
1358636868
95539607
17429334
37916418
20910651
17467699
17265423
18141975
16724361
52057778
17936452
26311860
206186381
291770715
1178285450
137659766
20756680
17780795
138418895
66837674
19551148
14265549
564571490
119228939
6973982
1148028992
261787276
53020165
256188281
408854891
215755127
113393979
294379663
14794913
191797566
1362368612
53394293
39203890
23567650
19019683
399838747
17907265
29679509
636931259
241298036
188841458
20281540
15084361
14994363
143534015
300444557
14275957
17569853
18108382
23114981
19784906
15452794
301064554
775404703
264558980
555363539
16434613
426709046
190116217
57711023
244966270
28068719
14217846
293579454
365745957
272594482
1061570058
15810854
48639293
486508421
274182747
904135891
284762252
1018275578
14598632
119189335
228999518
443020036
114535534
549197221
375619401
259629435
307424496
79833518
16301072
393429660
191821461
21975486
119878840
20821482
970686182
17803612
15768449
193068734
29956249
14754853
14072388
28693649
233281560
394593711
20838866
74690984
244197934
49205911
401907889
92029033
56081005
48956231
822298344
55570513
607946179
333050777
767727
1123176930
31083521
59708490
123109597
503646566
22871598
24643825
1201412954
17748961
431414814
75095117
470099591
202216517
39219035
988011703
524305055
518426627
64473644
468194679
89438908
555934285
117458291
17233335
308789303
238436945
147493361
17292055
11723252
226979566
11043582
16434823
16305558
383169341
17842420
105604209
34569899
16299754
238367325
35711387
52090363
174145542
349240546
16079505
4790881
385331513
19649203
14755475
29416787
13152452
352201562
99401353
63480496
187726283
101785524
26766861
143367954
222490077
61197041
36488962
19349569
156783075
49492585
252531143
385877448
19152735
104902472
21120253
82592381
335868304
16294568
2283321
22498322
364316586
239783773
402696649
335357851
16327826
17160680
100011309
29595960
19993545
205737777
193722604
293091716
278994751
40211897
85289376
14755492
17557537
16308922
15762575
18998892
