54999357
23160845
8236062
21447363
15131310
15485441
26585095
23544596
1367531
19927627
759251
16193578
6480682
28164096
436266454
7744592
427475002
25365536
15224867
14230524
19562228
15846407
15693493
1434251
23151437
48410093
23375688
109702885
30278532
30973
17544803
17919972
47459700
136361303
31080039
293850289
268414482
807095
326359913
28785486
27260086
90420314
586198217
20710809
14677919
14075928
54730258
53153263
2166343752
470326950
171453473
23450071
273578629
38530157
1903643720
1223101944
384982986
2532951840
15439395
47319959
21713274
2228687564
2813261
8532322
127301997
2976516123
184814327
