4094446757
1542400573
2415036450
2267188970
3316501440
3004335640
410408786
469964230
3020451538
378930505
791987048
2466157656
2745713676
18164244
3438991048
382213082
37358491
514161676
166594305
352424708
2887995207
28177833
1152308672
29108040
716262643
10922942
15111030
115811035
34135270
44164714
19594329
31495425
85748955
540702171
18334825
20177423
551133312
14673964
15632759
29330577
612662672
19074134
32469566
19301765
43464948
783214
17073988
515942613
27844479
106837463
198830228
24668720
46475424
285612840
207619142
166739404
22548403
58545637
23467152
66632797
1246694893
227660675
19304788
453337774
320397246
15279429
634290958
17093617
62513246
25690886
4026191907
60876782
1732830854
105235059
54730258
31838755
16220088
124087958
1339835893
26762692
150502354
17918704
143205680
23459740
23430282
39518808
273400168
346276932
20597436
19309973
28207839
17369005
262786082
18987782
36469584
2251316125
36072264
85329284
15930616
19714682
19402584
15588657
15985960
26809829
294174649
602082172
215268832
76738760
20005684
35773039
36758754
17967925
39805172
158103142
3899928557
20536103
17161138
16547325
245841182
174824747
26533046
1166957845
26554371
25322292
33597268
215952307
18953259
28827121
110445334
839171197
15253147
19562228
17020962
28785486
15012486
538457189
71256932
14173315
2939361
119300223
2753060792
621405287
2097571
17753033
1367531
14262105
10810102
15754281
87818409
16664681
16303106
759251
14511951
742143
51241574
28852952
261041117
1168230612
17572133
182421263
17427578
15936257
807095
456899331
15439395
14202817
18605897
31353077
162176728
33417126
1183041
6297852
631669280
15977916
3302124063
225010383
14677919
207275743
604772054
464163488
18393773
1449744306
35151259
185408277
19619541
1533840589
32164801
328695608
2981782721
310240310
225553867
34169185
407003104
614165574
1028389675
457338834
430011923
3326900204
29924327
283824663
2646894660
3225084991
2811095673
278220964
3032894083
18080969
20214495
285014284
20639071
36843988
15492359
240721478
42047983
9027932
204839689
17573212
15859268
87957981
63334799
23189706
1217624964
562916499
456910776
267996202
233940849
41721622
112098964
21328726
1449059396
14513666
14813320
192693307
225962422
213282389
14850840
20609518
17486629
1449108644
1942261957
489604910
12986592
1967487180
244237521
89330165
171647698
24178302
40252336
15019821
428333
14268564
89525420
16932573
160958570
40843590
14123751
22001973
18804364
80331801
11178902
427475002
29465972
17196807
13784642
355321621
30375884
111025037
20174852
27683639
4170491
7586362
18964696
22553032
20691449
39341439
17628446
19816859
15898172
23484629
74478182
112796663
15633626
1434251
813286
12864532
40586664
304763168
277274267
19927627
21436663
14360757
21094888
24886025
46696817
17919972
972651
15007149
36042554
1652541
7713202
14230524
19397785
624413
25521487
11348282
91478624
2282146748
2233154425
16581604
1330457336
15485441
15846407
136361303
5988062
3108351
1636590253
15693493
