3368072859
16396588
14437161
24789549
73333565
15164565
45564482
20778387
24223641
26329195
14677919
35773039
202282251
54364703
2319214675
26024374
1364890770
221768985
38239906
479856992
1546868053
21845761
14857433
23501022
88763317
2471167622
3387853097
18916432
629682467
245174623
601247231
20257611
626027837
3273378864
438897828
3156928189
1299902010
3658906756
9855382
7402662
3114313702
37647983
5130101
3028475433
3281823841
205813201
221185711
335979835
17953019
58844206
2847724311
2437625598
184136149
792172915
119279156
46386235
45708839
428211287
20106852
154238482
15233637
2371024465
15007149
216776631
29442313
15446531
21309320
60773215
24733552
74648798
2190436974
25552634
1700053184
21315320
7212562
119166791
18320874
1084972932
22330834
16745015
169242603
311783136
51263592
50323173
23680334
2685397856
19724884
22872308
596893898
193841977
110345556
46987447
222050708
14159148
27860681
18622869
316389142
243639047
266727794
44147923
97219875
568328553
19429475
17543985
2518015651
1536791610
479846534
398085864
14238142
1849495038
270403569
461080959
360124413
438134588
370786633
760693963
324621462
2340460459
538209004
30422288
386230022
319683809
346079207
301642358
427900496
16402507
3119209121
454149272
32765534
1066036718
2488801658
3027429489
233048102
88278641
2190746552
3043379075
21394764
960376831
311497771
15223233
26276244
22806472
556985709
571202103
23818581
2347049341
14682731
487196539
306330627
402803314
175248216
751988562
403146466
2187439358
3051722445
137460929
191677033
475057569
1938419090
130503602
3004287070
2996549516
241964676
2885796653
14055301
39809681
1666553924
15309804
16573941
11134252
14377605
15207668
43963249
14344823
1917731
41387380
73238146
2925230537
563119469
113439399
427549085
339822881
7713202
15764644
16789970
583170952
15080538
233643186
1707932461
2490471907
11695472
36670025
334827034
93926107
2319108198
2827619566
2788934398
2861325262
2437911032
409943279
1409826978
2360494584
2819561482
2572935673
331315061
38194044
730944300
2807773422
2363131676
2820149442
441938188
259387971
34996738
17954519
1858228286
356521489
2480554104
2770303561
302757389
402978105
2802183834
844605625
132376166
331416194
724403701
607452968
1222898713
246307409
1882062750
382775871
1691943817
390437238
2327999220
36683668
2317351705
834140802
18847632
424583710
118557102
53829019
55582255
22229085
17899109
34889448
69091913
152866991
55250051
30896768
2743455351
29295328
2396695700
1228259743
1458284736
939804840
30168788
247304434
338386245
40386577
1237291
25753805
2303751216
103161632
16423109
56364935
172769833
1068990122
121779702
475301184
36883653
53811681
186720639
20427568
14425965
17507034
284574432
45744592
151106990
5741722
9300262
316298587
1668467036
2602489664
49884204
404079959
800834923
16348549
2583094484
33725348
17548935
152405602
615127940
117189136
474930987
1209521954
513351484
17171111
35968127
882414368
2517156346
309332118
2423032430
111320045
1265622709
235208151
80096621
148807607
10232022
863594232
2420970812
55248177
77365657
1660946106
901017913
2353676821
14749606
261088313
5827292
92432516
312058380
19036037
2202475944
1522468057
368109735
151165575
15295015
17531205
43010499
912902034
599508814
544412858
301049479
220283869
75872647
1058154354
2192420222
558862693
382725522
25150295
43383705
15496615
115458261
500704345
1270124275
250346264
772238455
614227301
256328270
485866573
1861272864
308333549
156810663
325830217
30313925
13784322
5392522
118120976
46754577
740895416
149180925
130496027
320805687
144935816
474588750
1658075414
402356163
1658103835
17282859
125236642
27258870
418473360
287495094
587956209
1093090866
56206704
1339835893
43593833
21406834
531598812
18997141
39187465
427809620
30909042
16303106
549759941
108638487
180775281
368272354
1240522957
56806465
17430810
329858459
1083393391
14815151
307153568
27035128
312253289
317481158
1302540493
310310133
279610923
970207298
590171780
442920575
6534122
50110336
1330457336
28211273
2996801
80942174
1329598358
18139461
31126587
40918816
44166798
180463340
21681783
175688592
1117665367
539529207
551174972
1080179089
413474724
19135682
15667802
915975498
104937383
346973291
16017475
25399731
188128524
801067718
65184105
27299379
108672643
38605786
409486555
61875170
74565515
26564529
116616976
593275562
248426154
454413242
27930101
184411606
40037388
380711612
18109051
41600293
39694899
396686058
238194178
14353392
25527966
357585248
330465377
191151196
253358611
65786064
335736494
532487019
40162324
18438177
40879452
17607850
58108624
76786558
308668935
456178755
44663347
43007475
41509329
156372218
151965522
278020620
296015886
158784849
23906418
25831773
107109168
234372331
352738221
255835257
311667497
282725356
435350427
397724613
21231467
284314589
17137343
341866168
23265269
439550882
27938447
244354612
432917496
185805055
390080834
268900943
288762997
102539005
398433771
406431361
310078922
97616154
301021384
117651665
228178335
36686415
53049482
226320142
45264180
233095613
59490375
51541996
46184148
157032510
43957185
36746550
24127870
35017292
209840186
61373572
183256748
18905512
11545152
370376396
223717874
18023907
308080333
18396706
15622876
95288767
43187274
40895924
45267352
104948505
126406217
19656482
16870853
44375901
18863815
46475753
41186409
85733829
76781504
158414847
27801097
100340522
188128787
247119624
40595650
364301484
12844642
15034057
49766071
13784592
123337390
260743234
21595995
43336594
104674207
171237679
15740993
43173659
6480682
315953063
224002549
31002344
813286
115485051
13062972
47966450
14780915
178991103
19559951
11695602
