246196874
288920422
14677919
373416209
49279876
591264083
119333399
431519408
17619263
47577265
138859742
228795408
3306076091
516831117
24866046
17310934
530802517
312696314
329005951
361076566
58018644
54226675
2964758963
2954823689
2853181977
372476744
3011489756
225210824
1638253369
391377677
14361155
2798536752
3047216807
2354714779
2157018040
1012139227
194973249
3439049171
14159148
3440513535
496344010
264713232
183174192
742143
859972566
113006216
500641499
3281552158
705400294
39930278
1275094014
55117855
3408764464
75476377
113122807
2819472123
589612190
126042283
1346142398
1316355138
1488330696
107692141
3325646841
242364855
189315570
2192569286
106439416
2784008400
404785334
17389650
34180927
1461651415
207156523
183213553
482008211
956207130
387679889
2349077383
3388928692
33529728
39973366
1327404402
423773366
2398635582
2543370431
2239955504
109641579
449757817
1271092153
2575626040
1871258443
2358965611
483107313
3244067008
893776825
601565336
337298642
137041926
17813899
2359131181
821261522
416484609
193866109
16589206
25098482
366631013
3352914203
2515231656
288909699
242704372
542782663
224694188
93357967
15357634
116290485
211464117
1279714663
259379883
2802163754
2468067085
77528520
19912405
57047586
1553144396
48390963
407347022
3171108328
2977900810
249478213
409308156
239866777
28084588
220398874
1909218914
170233102
220442632
2209569414
2425184299
905303802
52608224
1451759354
22369057
51129254
71755514
624734246
112994754
508747853
2491284990
1377770395
344621545
222461015
3243286209
1542786733
12664
343966966
159978021
841194493
61786034
515775276
414651775
104123908
111277324
1130543449
318001675
30282704
116838461
2981672700
283049608
195146363
2837919371
1010520086
1535751546
144483627
47314263
1713846498
2901348107
3158676594
163531110
1182891812
2472445567
62757146
8487862
71311740
215003277
72943
69242020
2977910195
2939899289
535593740
1076626140
1616025571
103862934
80278098
20468470
19222978
112644059
132502342
2855482799
146741647
47357497
435160051
1743375060
172867293
527526077
92727851
36626916
205315827
392741474
191135536
587377965
221126194
2756026380
339816326
2862172912
3092089697
49445090
302666251
963558768
2903632683
225268459
3005144378
2740162228
126118683
1919340649
2775085078
102677663
1485640824
1515720816
213031576
194144591
23933832
78400475
15847057
292300218
8122322
2352691637
3017375733
1198146650
2349006042
2731461023
25971654
91971400
1411063944
2569424016
1131714552
308382670
29422232
124690469
386456566
1569019644
2805160112
53879302
37637357
425938818
991293511
500704345
53669070
82097756
14788231
18549724
28374962
27457788
312189104
18676177
14353392
2714619997
204832963
274512796
1139676170
2866390659
29426401
251737849
506473699
2772891488
132480725
18686900
9207632
26980358
1704470083
251496825
2365419054
215014756
345495825
419930284
418104982
2653613168
91868758
70340615
344036283
133272363
146825309
2260644429
52366145
606934264
159397341
2653429488
22940219
402944527
1250570964
266811907
64529959
76350379
57607495
760089120
761881166
421957377
515766791
563587860
143913657
190934975
98836900
2154329328
756986604
89829945
29956818
40071847
992977652
138392339
71619371
157086163
1269136405
2436347271
298646996
835252676
2294114022
122611123
77333869
22559281
283065460
1974222163
109272801
1536730506
420226183
1465686433
7679022
81310245
1632716041
2470515986
1530197028
192834513
229978984
14510759
111995797
2510068334
473932561
129321071
2408828562
30867765
477634402
2162942852
242233681
550517122
2307963104
272890669
103927165
124631720
1722970321
713882930
320028514
123362314
1119962646
123109597
20728269
613999178
94788848
320644776
466790241
854255694
1543076478
77692824
29286670
770218219
20912023
40284740
108036812
298505994
1472510875
17208441
1252249963
1377959384
342620287
2274794343
280900791
843992376
60783724
2366955362
2329316496
256573865
133880286
26472797
92367751
2286047670
71843782
288470933
95195320
41581265
565264651
234318014
205623719
2336778757
111019755
171096016
33216441
122397896
95722536
19586557
158012439
1424846803
525417139
291605193
2259163614
5988062
462820753
102324424
280544560
1081001970
452470308
197080479
25176705
273647263
23381981
2205606733
234321018
165391600
30352096
449588356
14786973
61126273
271908985
479608431
20156539
124394316
173225078
186581093
737550788
1205974434
39689218
1179946914
93811084
310687757
75182926
41152463
97035861
14325655
240600554
1277983230
1448614514
320939897
250253231
108873869
904728049
1156806906
577834669
108244758
147858199
497267328
1192845576
572507328
18289936
314318836
37428959
51876257
104193278
219336355
477585361
22496235
1430550222
1426188780
595961070
40850899
17693018
103065157
51870960
380376010
23859156
88935055
1217302676
1718459486
476767844
47840640
320599453
1534033430
1572202735
474915462
449847599
431744899
12799152
177479680
226190817
30614338
87176050
453898515
12658462
56927066
76997832
30471046
1062515923
16581734
236083929
107238136
85258261
759662647
114695281
148381967
18910153
233191645
211326236
57614906
259275817
122617265
93892921
33672046
364173806
14281853
356186041
87668877
714138510
815109338
606157961
26029730
814866578
175449130
29711598
51413693
821024833
27860681
227324150
481292123
295078451
14224719
19910713
22133586
115008691
17442434
15761989
64188778
42706744
145211963
293485850
244842787
324796804
392669133
79672261
419914236
97214571
498299447
151821496
151872329
13038562
52110227
222828579
169479716
579747564
29662215
361869573
15690256
185638543
118310665
118332197
404824055
39184406
50963316
65712955
528670684
43940248
216060627
264554092
525668645
16981533
201439041
80772893
660603
86053441
25790010
92492923
49952485
147596658
504611764
179856896
21384442
31381500
476561287
66666549
15155074
374803510
189118361
50934534
477846786
118512842
159950527
69382909
10196452
414304780
354990034
358124146
123872343
278026059
137353668
28550847
199414450
19039305
206368233
355687841
58561993
391540756
135574460
157255811
83627015
188744683
418614028
347903633
43198989
144611647
316741895
361233441
308927343
23934172
380303436
60366583
189495722
190947660
179901378
360034129
399680843
377940978
14100566
215295922
237736226
314585315
16736293
108631068
361119429
40042078
251559948
42206944
225754920
154523349
88951134
353639590
83665107
17557820
104631313
41211780
60881547
19582039
8425032
18640311
262593481
268252136
101841431
326083588
307371489
38479174
176753180
242622929
221079122
91825377
301934301
142278980
138068216
111693031
81197658
89541401
61764781
148675115
33893047
253604894
301359599
19642789
9817382
230187691
41077504
17633720
16645772
282557572
78845525
263055922
23300938
19418295
189082017
181877359
296266307
222384573
97025992
16098628
44352213
126445585
45539309
260448746
185125563
172442746
201685630
226474771
257404431
15867045
35275446
16972485
201760970
263660425
227624050
23181808
33695219
19755682
49785556
39943045
84993999
22126869
122005189
161014876
259955091
74160053
229779183
14810884
15660796
47794752
59093978
57580526
220599190
79819328
17113310
54639282
105781297
147515834
30636527
237284427
30422690
249566497
103338455
77261296
44853281
92148823
68923464
63664222
150382146
195818683
22420041
196925561
27659122
60038192
47160836
24887633
118199722
96795286
61337212
175378686
41928953
110705070
33253146
176088719
6636292
36073856
13292782
156900191
19483661
118120629
13575732
80063662
177096380
18634923
44907367
37198959
23956528
128960879
14764870
18562765
171406617
93488962
164838963
14060550
9228522
124561106
17588076
14981373
14784005
145176058
13058232
12925072
145199181
159749010
77048416
82651414
75269226
128637042
126002546
95427261
97040343
128555095
8221362
9072872
16679770
27939188
93369038
8039442
64426110
10199912
17996038
89686033
107225267
15300769
134784457
15818391
23779324
88012199
18555314
16719076
14072228
56410906
40709535
14361701
81805548
47480738
42391824
108604673
50113695
17908097
58944919
84936481
94101661
64217219
20355415
14766418
15909321
34347535
90420314
97130309
57699964
18786332
31363862
40577354
111066047
14235142
108976570
66183057
16934648
90384384
92242180
17212901
103532257
15147632
42605885
30932240
17343889
7202542
51578373
15104164
23783700
35917780
72509591
16903227
40098852
94643632
84196520
87241422
92097399
30486459
29521513
28793482
101700938
59096652
16869012
19404587
38182335
31091737
7652262
12969032
70070918
65625625
100461386
44384049
35408696
98312188
97189221
40440355
29856203
60278734
26198562
14246892
11970082
5380022
97287438
82942683
30713355
20971746
25358276
87524796
14120646
64472108
24303916
17482294
43682346
75515387
33360506
22902825
9824952
15863767
27823571
31503949
57290807
27760166
38667975
86390762
92709850
64504005
20502764
21362105
71884645
28534309
16152295
27029537
93602139
17186634
40330479
21059938
23978706
15792109
60850744
44586960
14293310
90410518
16313728
73406547
36917132
82326590
90180716
88494655
17837837
87676485
13070
17422548
83883736
6784342
26828723
15071580
14944798
56956592
25041460
53579112
16825228
69941406
81077292
53688834
57328969
47956510
75968121
27848258
77833241
51809433
1306791
28706024
19676723
18650090
844341
68783993
8080382
24369346
44949890
51118501
10385322
56405441
31431164
19774023
46546920
23421296
14404267
14924730
56432257
1052861
58212280
61159630
15626465
32241004
48283605
17040251
17307089
15944649
57283325
55499790
5763052
207613
58007187
50634954
47891472
822481
17835653
36303200
25032494
56387157
14868928
23603722
34926997
9606002
27262034
19333113
54528282
17625316
18780567
14874480
18908456
33838201
20536157
53851666
53648369
18390253
645213
41551832
24391705
53005613
16958031
30188593
36402004
33494758
39105664
38931997
19651585
21732450
41660253
16263302
19330825
17139604
18018503
49709703
28517615
16598105
36616622
21560378
47922240
41333290
16705752
48272291
40275201
38226443
21286798
27699206
44883222
20148973
18515031
23417707
29969008
9254732
14373617
14809892
24013576
15937973
28109154
32937417
31482817
8086312
35447389
2633291
40210292
18681875
19588834
43153318
22033450
41828304
23943724
43869722
24962060
7153032
14945180
14759053
17870400
17706877
16852481
26244396
23666019
15704626
16905361
41799321
39765633
20838341
33298562
22369263
38386285
42949374
20850386
18425425
8233012
10942042
17776189
36356101
36615725
42668344
14302835
23554196
15046287
39088766
8299422
36623723
25274060
27014983
8098722
38663817
15162878
40647892
21584954
38427249
27937504
14274106
14418528
39745372
16930428
17178882
17778220
15241300
8120602
28011370
28570436
11371662
38528092
17536815
39849628
20769890
14075928
18933515
6735422
30814503
30423828
