8287602
17002395
11856422
25928253
621543
1769551
41602160
25087685
13787352
25092348
23674342
17393790
15224867
184910040
19397785
25092574
17655752
36098990
16331010
23603092
22630309
62786259
2938946186
3324382154
87313054
254843191
13799612
2596101170
3183233689
3448003881
3683036720
4125774494
4177765101
889936009
2879841961
43464948
17266725
15588657
22733967
21522338
17573212
21135496
14592008
121235573
15492359
197995492
36626148
18812572
18916432
15862891
14342564
16878156
19711765
10915142
2711039001
14677919
14511951
166152189
15637387
5392522
97739866
57487222
631478663
257783936
329117841
38625863
20834793
65059104
16341666
26012852
76745164
21446951
92409018
19920585
57097648
29345167
42944217
29844579
19658506
16206688
18667907
200163448
26053643
15485441
100220864
26565946
16409683
15846407
41841228
976948843
39306539
56763698
21328130
6107422
2467791
25049056
91917192
94406523
15898172
133865373
29085020
17234809
74835629
21130921
17235028
16102909
550287657
31461698
16826569
42669548
266562522
3081886015
16929600
125567504
2609934385
16686144
40879784
189248614
22518487
34642720
2993020924
5402612
759251
28785486
2836421
807095
92567328
725923598
39389304
127378940
18244358
17842366
17890396
85839993
30062010
14786515
205302299
2717254872
1606021009
21782956
16894445
14230524
12738892
22190469
8695932
10228272
19735124
23783609
84938697
22172442
861763958
20164131
152400613
41660934
3202017730
373691972
349368555
351231559
56443153
22922759
66981416
21454322
