14677919
335369838
335972576
22568416
14216123
16451932
72928001
318677697
14135350
3015101849
65647594
59550874
114187222
195521498
2285311688
2536206093
2836421
182161200
29546945
20788087
73238146
16789970
15764644
386270039
253196699
757303975
29442313
216776631
970207298
1339835893
3260501809
631478663
37336289
361342191
18812572
26585095
52544275
22047070
21920965
41634520
39344374
835721828
3214214153
3297403009
28347020
25073877
17471979
25521487
18665800
5988062
556108757
268414482
17006157
19777398
2557521
759251
21108916
91478624
21447363
16303106
27195114
14920785
14824849
20187750
2347049341
17919972
2194696542
15485441
18622869
19925353
14293310
76348185
16228398
3333197829
807095
1330457336
5392522
180919547
14159148
9624742
16129920
1249982359
1652541
56443153
1536791610
325830217
3108351
110445334
15537849
14849562
92367751
2359926157
1093090866
428333
30704824
17448137
19397785
30313925
26257166
15846407
15007149
66369181
813286
1367531
59145948
15224867
