90420314
18948541
34036028
15485441
103603559
26053643
338084918
468479147
14677919
66092787
14120922
66075817
947192262
41364508
138387944
52339151
48785884
211643924
1112465706
701635518
15687962
570218986
701667727
701625379
701615052
25545512
574168493
274649460
15227791
336851461
17017636
436292177
337405519
22677790
19731770
57097104
393852070
58528137
6427882
133880286
24807616
255747911
391037985
229219088
580097412
47285504
75974281
348785149
304089779
39523524
40408531
583188020
215060612
237845487
104969057
602317143
144944472
283916211
1978851349
490442018
846825475
3024079513
832697640
84554399
54829997
101695592
34676063
25341996
2838439748
63296944
2774426570
36947388
25592034
2255460432
122995784
1196254680
2593064281
389974129
1657730988
78941611
135421739
105710210
373416209
101311381
1536791610
451869617
57928790
115878136
17717614
43568964
303180016
265178794
110025421
118024094
75854417
56631494
94163409
75461927
2775979578
122928781
20609518
813286
111615736
27602673
424101490
250947897
245582617
27847443
55171734
15656642
500042487
50374439
27457788
14824849
56304605
15093629
115486770
244060867
178843270
27042513
47786101
15439395
1660468830
14749606
31348594
19895282
34130969
93622144
103061572
79402995
24705126
417632438
127144740
23061619
30271564
259925559
116677732
53790896
97865628
20536157
50393960
41545005
145125358
88856792
