3275083651
3074486599
3392500551
378205013
3004264781
3918497953
855277848
358113540
118659073
58433159
82408842
49625076
151498078
197410723
21390378
42241928
136266226
211101217
222374553
48295470
47609692
30313925
24537270
196494476
3380835970
172647061
167477172
184498934
2493546317
2480067934
878163336
2346279427
2993798463
1716231584
2893793505
1133010733
1402227703
3354619487
3214499610
3184414456
266767461
2884771
3313217817
3050520419
360470479
2887206309
4119022647
223434057
2184008945
4057082717
3298798020
2487786613
1391451
3256930231
19903509
788524
3960871092
48462490
39931385
252613727
14677919
4091567135
3411749536
2466816338
3479687659
381577803
3852673121
14333239
3401002905
235102332
4116831495
245683367
20133919
15754281
1367531
20458588
796356966
329308151
15012486
33923443
20541338
3678565396
19301925
52206039
4069012641
28785486
4125380386
14173315
1877831
2827202315
15069410
2442837163
2757663898
2739762585
3814040837
1076920375
4092047533
4131868939
4062297073
1355769732
3046328967
1268011783
116777432
1437526292
8326872
91827971
36049784
16627400
2097571
48692493
14880584
589079391
440097442
32436824
1696205514
855480048
22493307
3663978733
2278964288
4088052137
4123297583
89282799
2455157324
3881775136
4127002093
102739472
2360217350
576573067
1336614096
3040955873
2212621221
581301629
381249227
474446451
4011778940
3292233853
125806240
2156299840
23747279
131115894
4131756138
294672192
163245863
1316496194
62498916
2156278138
480944945
344316738
3292681407
382402366
4057435170
27064748
101617959
313087874
330705266
363961928
1088207396
163730859
122066148
3271578835
4028623874
3705100573
3139776849
4121295434
1396698397
147518293
972651
20432331
31107353
310072711
23777124
3922023075
1906234147
19232652
278328390
23832022
30083241
20573543
51241574
181561712
72262176
375226804
62948724
405728790
40908929
742143
536378601
39735561
35762475
34890810
20663135
586377428
2225951428
203492921
79650494
281766200
3534677417
380399508
18228898
17230018
196795202
2467791
74594552
16807528
19245004
76306478
4068776789
293496413
28201743
66515223
222041536
17243213
2919185095
4127913612
19777398
28086296
62095500
2941797131
1246810880
9695312
2367911
74580436
14511951
488659144
16190898
91478624
2494227662
14780915
19397785
4119203159
499676674
716435252
2195417621
59079741
10567552
37647553
21391306
15245376
25097773
122299569
1484715356
193656885
52871958
162901927
454904118
83185208
1326648692
46955805
841460958
932163222
1714904610
172654769
168508466
205678159
292554621
466420346
32947008
41315870
48662622
164339077
1174598995
22545954
35695789
84038392
19194773
406266989
25055406
124436459
82578750
189506833
14542434
1164056179
40212305
25292021
25083690
154453910
111249082
132195390
586198217
85532162
63196865
158366520
311002833
40548465
145758224
2441537827
394841732
1164129446
60885999
35254866
430026800
947523433
20050498
38120764
320644276
30257834
1259161105
855262092
141217752
222086924
21098456
25099840
41805556
23594033
192831956
300392950
56378022
127613663
21113023
16098642
18142856
46740920
48504743
38709939
27943891
50517206
15891115
52753409
62971680
24429991
117542074
24987131
19276719
134971660
313099048
18033062
532368832
313627424
22085184
1403884568
193167461
147759481
174342634
25317409
166215588
590133904
843832364
1016696390
578026783
1093468681
2234875170
86584390
1375130095
877666716
963008875
19464956
826503493
28886582
56938863
1704926844
93455665
2256488185
167515631
78926478
63627909
2246845242
428377986
336603208
232591949
334331683
170900539
260968620
2276321233
2225479015
221408929
28201235
2444369370
1732750082
2540066852
4149429912
3130975505
4003208793
4112738141
2559596149
3774614621
506473263
231642161
33959546
21972711
236917131
23874891
86508475
39748653
20400862
154374134
33464600
64461771
35050231
41307775
57212186
39634561
104080038
101878289
29643550
126584712
44667008
31312811
41064406
17506089
30966948
119881075
33661483
121162178
33403290
47475621
44171858
109347321
43965146
56869426
3099613624
250080744
161945592
19023112
222185665
110445334
1018627848
17074714
491836982
2713629987
43162303
133860889
581281429
20572029
104181458
255330628
1202054503
45090120
598540507
109010219
373416209
1401701922
20939344
2981558177
3318268033
2835886194
63677189
37985315
21246105
110610806
1339835893
20702052
47924235
17228366
20670871
379408088
65691824
2893511188
32224742
632340157
19721308
3394517975
700658875
20456427
2984596145
3311908124
121626258
326889905
19548850
24078516
7713202
3327720838
24775528
29381527
1007905262
37762233
3379031529
3105588872
16787947
18144089
345522684
2576044857
24588371
17076218
523092402
836522100
28849244
3099581084
3942335188
157799302
1641282360
23783028
33029059
83352390
55416850
348217747
16129920
2796910988
17399269
27570569
2790241682
9330232
15790423
19379076
17789365
221399742
307918391
176439979
1061047962
351127535
1315298502
326279519
14287830
619970045
19311205
24714915
34774807
16352599
15099721
326787724
2750632669
23443397
84379342
1378000488
15285885
132625212
154137444
49576753
20386401
414691397
347143914
31383409
107021449
316742844
271673784
54172382
395800159
41113523
29758266
26249480
40930781
182573602
40900718
51185181
590775776
462637253
96791606
236871143
182468177
29752713
30189142
108042694
388813982
374482361
26053643
280938897
34930390
29949435
26257166
15485441
89513645
15846407
193705336
229847733
30680019
79139311
39726277
20030730
17062688
33317459
171858411
41780491
4080671319
2279958920
3520525995
2336580128
3548198319
4118881515
1467095804
3295643562
558226957
394999368
3235996613
64991683
51742969
3108351
20567939
6017542
87818409
1652541
21278412
317370751
27673684
46769281
185487499
28683184
3004231
19575977
17929027
5402612
158414847
1059194370
18220175
117778179
38127255
27989078
101928415
24966423
23617610
19923144
16303106
759251
35936474
84279963
23561980
104288093
116362700
157140968
10228272
95023423
14920785
236699098
169686021
30614676
19362299
16125042
21111883
17461978
100220864
23375688
184910040
53853197
33995409
14230524
176566242
123417995
32959253
115485051
20322929
27260086
268414482
90420314
79293791
34507480
19426551
23083404
21447363
40839331
29762964
68889214
14574763
253956617
118637599
554893646
38434026
23151437
26565946
428333
25365536
25521487
2557521
17919972
2389227352
26467791
82137809
301413580
485688281
63716612
80081543
807095
127915864
25356408
16839878
30414789
255427651
20609518
10810102
135071981
54151297
190618660
14293310
16184436
80817644
34239869
36708835
36047916
113317125
63294599
44374570
129616278
154011677
23367105
92985243
15492359
14800270
131129840
44196397
58819992
22752995
216299334
62824322
202231158
558576288
67409976
24153801
115644179
41560295
527526077
5988062
44844961
60867983
31783904
89149050
72218172
14891492
167401415
63667710
8161232
22920188
517306957
119703217
244959564
171916222
263619434
337882328
47614606
295590410
165708235
65128318
190220423
222953824
51055638
174365756
98085398
373471064
256177204
218948555
158079127
299585123
34908698
43922300
194037551
124381436
34223091
408683294
36061357
813286
19333738
25088746
463026107
211411397
89672048
71594919
20433284
20585360
126240387
155568211
654203
44310665
429676852
141163282
23565945
18759465
138143838
15762708
278949162
40839292
15801023
191795989
6959082
2382362052
130649891
216074489
16735210
21225422
41605989
183253150
23576780
303924275
43563720
390652630
33612908
21068169
247653244
338084918
162825036
343627165
6844292
119134771
216566780
43867080
39226965
155659213
783214
425621529
6253282
27195114
2249220764
14697575
29930178
33892790
117102398
54226675
42458882
20521828
132437983
301309392
41586154
21388225
2645400613
36087215
562781948
19014085
46335511
171421559
9027872
2835592367
55968191
17962204
