1536791610
15012486
14677919
1339835893
16664681
17469289
15754281
14173315
30313925
5988062
2884771
1367531
51241574
428333
742143
14293310
2467791
3108351
807095
788524
87818409
5402612
142614009
3818320876
1112044909
1252063705
2401539776
635013792
1860611365
612473
3329449066
3362099919
3243283713
19341622
2256763509
628682853
299936873
47563009
73400717
2706671962
3047726343
334750898
2434190904
280206617
1032699973
24683490
3092759738
348672603
2244666832
21014740
19818494
2805962014
314591606
279001916
2459371
2978706881
588477247
2427766661
1423972544
475990103
20632700
10228272
2592044249
3354560399
529299197
360909128
2980439163
2191838265
2608650130
2543596499
3583264572
2954776312
2869494489
2845221910
56505125
2858916137
38679388
466868194
316019804
215952307
1894473246
3127997360
1541810047
17336417
17020962
394278341
2183735560
417316379
538248816
2618017628
2763754689
3090684427
3202406393
2246334254
156380350
1392357540
1686555961
554246317
160926944
6448082
1538378126
343668996
17386885
2822567616
3302670077
15846407
2996516866
2321520579
782585822
1186194614
2655880257
2581151649
730752589
606293884
3002080540
2966749523
795684122
34442404
63463538
3027079901
382122569
3301457387
50393960
518797878
1225625436
1062902322
3460778842
1455405992
20536157
250898844
259783542
71026122
3212141927
2521159210
29011733
20508222
3352269629
360910089
783214
89421672
7936522
19641868
50683
44302863
94521177
15861355
54226675
26997623
