184910040
24374481
2440512114
23970102
1969426021
20064866
3291177865
18812301
108617810
4970411
30043495
18170896
41814169
27901418
243291022
69181624
522282462
352548417
21959255
5402612
18424289
18812572
18124790
80638910
110458336
19608297
31583882
366606110
821946295
285675789
16681542
23211822
245841182
714249878
5695632
14677919
22771961
103022243
340613443
243905905
16190898
1268126316
8962112
16581604
21323268
9624742
66369181
59145948
5392522
15279429
2883841
244655353
19841380
3806241133
2407373220
2555601991
37680340
14885540
23359675
68999404
166655653
1400726064
75069067
757303975
2933932944
15754281
9677372
742143
15012486
71294756
2097571
28785486
227837742
522537060
2359926157
3191496426
425928520
615453001
153323347
47788024
80460610
12994322
17629860
130254641
50101110
30321204
25291119
266803558
75892358
3222261887
381470791
349318164
1337685362
240840343
10378382
2715503508
1100868842
801917203
15039194
2854722753
14663425
113047940
944369696
26613001
47408644
171667875
65691824
25073877
487859640
20115397
213686506
17933822
20078845
3794983932
16261627
20568127
2659894350
322937211
37781331
2988712726
2927379996
1201661238
153629442
1152279248
555928038
978908012
942420036
954590804
311213563
2784140700
65634790
60783724
28208983
457554412
100687313
355307031
62217318
45266183
2418493914
182107587
29792675
313626071
16324679
2225353807
38543618
271818721
27457788
272478268
124003770
512700138
16652611
250550641
2861338123
445599099
56505125
17471979
139823781
17298532
34793170
21148293
844372938
2918910602
1884531710
2327860633
188969454
316858982
708344858
86637361
2917094491
234615456
40959360
11347122
81993606
20791358
10090432
249763375
2691335730
218737969
52515125
85870614
747884610
259990980
442268205
400338814
431315434
11348282
14159148
14353392
30278532
1652541
110445334
3108351
18948541
55117855
2832449592
2615997960
1036408284
54280830
2546470542
15640533
28245852
43024351
316877901
316880036
372363017
599128026
19112677
19197110
19426551
158843843
39922782
73120236
26565946
45055696
21447363
43403778
18993395
143501410
50545304
55352474
2390607409
2981755916
3307496833
26270913
24757310
16318114
1021444392
47433304
22083332
34700777
26703365
20183845
15876367
93744888
30343716
36183636
2201908476
16536215
59852127
368154535
30068744
8521542
2389719126
2162397205
15485441
3877105996
1601957437
3585300914
20097362
2367911
34310801
14293310
1367531
14173315
42958829
8839632
2833129183
1604485680
32774989
17919972
25300308
145314369
11856932
31311757
783214
10228272
180505807
18132494
51241574
30313925
1330457336
15224867
2467791
807095
759251
428333
1339835893
3028918305
9300262
15764644
42710376
2945958972
25619600
2667939556
36511031
234489403
19031057
2988862610
2764202571
16657699
121597316
264915896
15868970
56409784
813286
15652540
15846407
40038717
76545498
216737404
114908828
21441479
24901698
