23879043
45564482
14677919
35773039
2347049341
89820928
50325797
15164565
15918708
15922214
2303751216
16017475
16012783
14511951
759251
5402612
14434063
14345062
742143
1917731
2097571
9300262
13850422
110445334
9229672
16715398
16299627
15864446
9763482
17469289
87818409
5988062
16664681
1367531
28785486
15754281
14173315
2467791
34713362
3108351
51241574
15012486
14293310
807095
428333
30973
18424289
45596042
417631044
303421365
46116615
2818727504
106808419
19455982
146022611
294188716
28161251
2363677027
288858422
28026112
19394188
3387437884
246789622
14845376
64751008
131102007
331817457
262795329
432895323
3044618904
617396889
296325933
265106292
860365214
251326353
32688098
2178958557
631379900
59677261
608273201
505216026
867290610
390425128
72093689
68052679
1024800780
14875783
315553640
304135910
286742737
328081527
27457788
1925157330
832514474
29883447
2337094736
293903490
241313429
510288079
2349116563
459832747
437828236
307544984
2329588892
407326563
31446863
637183928
272144324
2298028795
523833909
43161516
220760929
15515919
329456400
324024898
457053771
393132643
406304964
64741054
729362568
47453414
257726132
1426820845
232062623
413994410
479922122
471611442
879349590
1511942990
94735765
240298041
1931426442
255343790
302373725
388733247
343826544
137915864
2208567506
716789962
2245003712
1515229249
2291487864
557834384
256820019
601153833
1191056665
254866018
327135458
1120905301
380165598
404988360
103799360
249446080
404247798
21092231
399423906
615214819
437030761
764270594
719925676
408147121
126774366
337777521
480642402
46131243
248435406
395695837
147042847
251199699
384953260
805441406
586811323
159123954
1631528022
1836939728
41895141
446661140
24471589
132774626
330080971
538605013
1493292757
35051442
326309318
1315346809
283868049
328855027
269850658
187366550
331157858
279748028
161280528
422270080
30122071
423842328
452316480
856401836
48920003
399132518
343796714
523906419
127360861
51201644
437641120
272256545
263052666
551458580
465180862
1382598798
191682080
1434265022
786796010
739809871
351358103
1170666680
52899006
729453722
515727544
522447564
531490439
805097472
171116456
117147966
1115366324
716190276
721324734
1105417958
473531784
518749988
1281749233
407753643
488908367
1177588094
351996132
213548970
498904144
991485979
297620440
1167645104
222242529
423166438
614703722
946542792
487843424
977831504
248777700
1041346340
774542880
243303557
465003606
902870761
147305691
422175340
111081920
284255508
25278751
758287830
700339626
567393004
391717624
90804939
395620787
252267638
494498396
712493826
412727302
828343358
400359656
568825492
266318887
933755911
134575706
298031749
269151092
459349550
407518699
444222281
530966931
248879460
113507022
344851495
304668214
296561992
291882267
751597620
475545363
229633414
452728085
450161652
781618772
576852896
571927375
334866622
52626429
331890314
210677738
490942194
497568037
434665132
539530386
529504519
476416479
274189911
615648881
45653175
856487096
311157449
292562411
754108934
380638893
221222850
407470232
404872620
334142214
516110033
585937668
312323802
283584856
467596222
165558171
542107622
269117946
259961503
428752119
301235543
356923646
292697887
298824874
439450595
444941300
464191977
363679796
228484275
329029757
335068838
287526189
252429587
29616168
170800753
298537609
274087997
28440691
364506104
298552278
327718181
45607063
304768837
285292770
78954468
34312352
34097876
24263801
17919972
21506437
280580717
231090889
291792098
204175005
99656341
56822726
33051518
264414744
38360060
311655956
267319125
124818259
110749020
239609910
148185679
351208477
232938624
151620457
144130505
213873914
