3998034981
453653351
35727191
155629096
29751404
405450253
431476212
2423931254
46939857
26523333
69000394
1357878865
3529927406
27900266
42754642
3694592536
93224770
9082652
2730457879
14049442
33427621
45834934
15552876
191234270
1016330388
4934961
375716616
274132854
2645498582
349249475
182495200
111036937
2571174271
3396079971
423384542
34010976
442187633
3666409515
133363030
2859107422
2707134918
375708293
1700732658
102796207
257121279
728367060
3939131596
86264657
2798188974
38444118
3101975076
2460133777
38254834
2339445181
586309362
2161654962
2717745541
863019078
3243399656
2887442487
31415281
253701672
1060579064
471287735
1656007723
2532829147
41908847
3236167844
2502027416
2806581330
3520752864
730010521
2984862660
391507703
3065841778
3044578523
3094116428
22630520
18372151
1560039144
3072970360
381223731
21187570
537580004
2772157900
2443727718
2915543505
44157084
46137915
18021217
121810227
1340404483
861548858
458537879
573960209
14328072
3534088276
82212379
439481875
15675138
2969405459
2984690897
3423331457
634833505
2251255507
3090341071
44118725
255309234
1157323092
3035057153
4089198754
584159604
29479000
3372694930
470072149
2178846204
1159713380
453322416
520011678
31257471
229655407
368039785
313717335
23835119
2385406712
541940527
3631816876
2853756210
188231050
2877722829
603873113
3248757216
2369347680
1061234917
3100049153
2836941830
562267311
250765530
2382743872
568790586
21922818
2826972511
788288515
263295556
2740547934
78979659
3040001742
181843344
2250780530
2396845048
23779501
214112621
1932329000
14468812
391045263
2932322746
353789193
72560947
2669874606
3891099441
2290162354
3393883083
131337144
2670103964
48629372
525408648
2726549596
275190771
528117020
2733018573
68822920
917505878
2685744368
45251643
50773530
2693477603
22998166
90741779
2538373464
22163953
98809456
2162197686
66758174
573565184
2387674987
17821827
122261841
2391428690
20737672
58990464
2690149697
188166400
75711499
1463217606
35246396
872722801
2252551224
27796499
28381030
2334686726
388472830
401062949
2274715897
342544502
276081880
1486558566
237827096
216586703
1297138531
340324914
262218224
946770918
575014349
278098811
269055437
1308934753
1566209258
933170624
768112597
901837542
2791178852
2221700707
2258432940
3026174889
3842529272
1339724700
507663875
2888636393
3137608118
1022441029
2285315834
59159910
3299672584
3023174739
577321134
215038415
22499748
17038090
1922070296
63377242
14788154
3089076538
213405505
43192684
2389909897
305598508
14075365
143197805
1057717507
1320104036
2500340872
94625872
16626073
2420618906
3277171519
3166057062
27301500
58949713
2407431206
3035032957
932724440
1403491964
14433949
186417978
1658996887
469052039
3956740337
1021042279
366323844
1541641
145674589
3435303431
68441962
979402656
306951868
2610468775
3873272128
1063683223
236474337
65721896
239630736
587453823
122794139
52180341
14677919
15846407
2890110307
1611289014
3034890100
3035775665
2361893197
2178386041
2385899864
815997770
4180833490
46662045
21952592
2207218507
747579979
18164662
191465337
331877987
16816021
2298794130
555517911
35880417
318732203
3009877655
2406635598
1499044742
2904851865
475294870
2933760903
3001738606
425719102
46500200
37065440
78689871
7076142
26559586
132601097
2959628733
19359597
229622235
1675796395
3185436734
351969376
87679233
794536598
574772847
1198992138
2155503775
2661816232
3434234428
17142046
475044890
2391232777
2369969058
500427849
2788017847
3299369031
1090556088
14780915
3826398072
17525171
53789862
222953824
551346527
569481412
2529219128
3032810733
2446697233
2584420567
3182143745
94441298
175597020
16268792
65398655
858114878
71172349
2926746575
78409654
292003095
2360489983
1646666168
28918980
1852427293
937220420
534563976
2294931282
75343843
43403500
22471395
115550523
2487266747
303916100
618197588
246758084
103152714
1673344874
790136510
1588382882
50435228
2513606820
2875645053
2698530961
19176141
209169572
26161769
2969705105
1454402720
1731425108
1646031020
548989587
917337884
787101362
240826569
86343120
2504453647
257731419
3724345272
1216071200
203113984
1727374842
19098792
818759371
3196429130
432941577
152409472
754317326
904410547
2459589950
46183134
756368198
932764814
139562513
2234609616
44454246
25831357
3125197619
531201141
2581094898
272525679
49827308
2915684775
3008527636
538857167
22316618
179727790
2841113195
603015225
41673838
3173225362
156831288
19576771
3205314383
1469743448
79018919
3250280536
3771990317
1917731
18070110
3131600795
405843511
8841372
1038907742
4186817712
3234292643
304859254
2832255200
54311364
628531243
3036742971
893386352
264162470
3050237711
2400362323
49499395
41982594
2797036114
205372692
34380578
44313201
2790733549
268802131
778903832
114865347
1915638313
539322081
20388786
2971474120
2351573366
24418504
3389994495
463414580
2912281136
613520646
3976057879
580465582
26777540
3691982721
306230617
3762964582
2834356123
2570885640
3434903103
1375919696
28469017
44506154
2156158316
2426877392
2343139562
2416239152
2343140780
3177758516
2343142518
2820838950
2343145704
2543131938
2719452217
2343150643
2719426832
2416217210
2759427358
2719398480
2416250442
3213005087
2343145772
2343146928
2719386026
3178935223
2416242132
2343154328
2416219020
3214326412
3213853581
2416245026
3177748051
3213164092
3177595490
2343149779
2343144319
2343137456
2416228357
3212829651
1887577879
3213548897
2416220918
2343149820
2416238768
3214277331
2416230535
2416256005
2583727037
2343136304
2757337197
2416232508
2416251739
2343150104
2592895786
2343146154
2343141194
2343142423
2343162871
2343144410
3212836979
2416258639
2585970941
2343143738
2719397832
85707941
113120580
3033690970
343417277
3255840975
1939765740
631230620
2662084814
369367942
607120715
1382213683
278671062
106536611
1526543803
379789715
2250772028
1881018062
46747258
313377147
3473912893
354517784
267775064
3220010330
282391487
17824044
1883482368
3422330465
26681152
184418288
4054767478
1105382454
1516666424
634758987
3450016032
217149656
19166206
79599549
2371328677
82454796
4057113195
387317047
2865920113
112961330
59726417
112742997
3301125138
2712058032
1286735088
2326233524
60095108
3549772819
1711821662
17071857
539317130
390470215
30479037
21842001
15727755
302145095
2738984059
25287464
620531121
31578131
613331071
605513993
2602194836
1516022942
22561501
2578093897
1097113405
1935128538
994119631
3327351674
724367725
147675102
2518413265
2964451335
3152829712
2904732233
337794423
359679024
604460489
2871874226
614170557
613524585
613523481
71032580
613553718
2833984014
2776649434
599764999
191207804
2213228009
236610588
65210174
44644034
435431281
15984522
1182416294
281185426
996151208
281192086
281187055
3366482243
281113850
281142338
479985156
281188111
58559901
281518075
281189715
23340318
281186238
281513925
101792240
281111931
281129440
281518961
352362803
62954903
2658470545
1727203782
553128289
14303381
606185886
3892129905
783206762
604518163
613525993
22559832
24338106
16477702
2502844656
157144990
1950758390
3071734740
1363575085
111831321
314165256
45752511
35418481
3037207516
2396697645
151179735
2988140692
435443740
2784397136
36350773
2884903283
3131092067
2246000659
2245836696
139290129
632086636
433170176
1158273668
15281391
3244469206
1260643682
3346152646
18153540
349762499
76548902
236363552
2159991240
335607749
277270613
2645299910
241394956
455675190
295460269
1919287417
2927367188
995251904
613331360
2912204529
731592752
15487499
28370738
23689478
1708355461
4138702229
618425221
40914976
16332502
2730586032
70971095
2496256620
3880504393
1716722732
24108943
180463340
1022904800
3893778139
2414530716
2493599652
951973333
185306191
3281374028
3280847557
3243956123
3335586694
58712899
769140121
283411624
2316464970
1706689334
212717986
140801501
3270237631
2577575515
3674331443
3144297352
3229425847
2975462632
1651150771
612567210
2753371691
409941587
3137599424
464047295
2386264897
411799595
36989671
3898784139
2913344619
192465021
28619103
406059877
231734854
2990648917
15237350
148469993
23656527
41018976
280559948
1307833231
2767126967
3971579361
103652362
132731947
2418043772
2741880198
1561420190
2269000837
391715962
1311995658
1305854161
1484912095
1894807314
450913911
2148719260
1959914028
390781513
1372189728
1545325728
269579568
571856883
588495890
1046755602
2604186109
1051953686
3228910676
2409832002
1597655659
3726317599
583324913
1205427200
3689891834
2416659589
3704974993
2790247268
1677568417
3885042616
2465184554
2937800899
3997393673
587644371
412396499
3985275623
3983463513
1043503891
1150266702
3780828743
3436271834
1145997344
3770628927
2454421074
3382288019
201904065
332654275
21317714
378173258
3094732790
2984336836
224653835
20722965
807095
2915529244
618272730
3239152049
377249175
20908109
16193578
18462653
3377482181
18462157
17296676
28384755
31192225
251294686
29249435
16885165
15577098
101908434
86143888
3664424478
874470163
332952025
2362977770
2397838608
43549515
72752506
2826441116
15634262
1099183470
1562404537
3072533224
455252948
911257266
115442332
562106495
157099032
561527722
14585689
1170073116
618294685
417419122
514613499
2411512039
2353728780
226737345
539044476
1591400760
9507342
199640380
573117341
122620120
115508899
3439484728
755051136
283235743
124024220
3214483853
42350663
100174414
374526155
438585287
56685329
42043572
32843303
18373968
139189823
177886974
40400019
17717614
75509967
83529586
56312411
56304605
19929890
31361500
17331549
27965660
44317593
29342035
32420198
17346756
24923100
34399014
16351266
7597362
1578141
26808109
1118451
17877351
18239140
20731304
302666251
14687741
32618940
266400754
37722624
138475538
26443744
13613292
28082254
19595506
31124004
11798192
28454112
15172361
49403457
17781604
60698367
30056032
458504863
111645972
3976766235
20646454
574144575
3091664697
540264673
2727536126
82445404
2203354099
23396440
932088541
11856892
2836421
16129920
17074440
20608910
79238164
80676273
25321854
20109973
15166390
55526996
239569081
2565429648
277165873
16379018
7744592
607289206
52070270
2284158014
358957713
851042137
993094381
17291393
254117355
18227519
21619519
21220931
18587457
475286355
89820928
49698134
50325797
182503471
91180720
205864193
158426909
48802204
4207961
15220768
1947301
18622869
16935292
38271276
2329066872
23839835
18466967
16076032
15803690
13862172
177363408
14669471
46923427
26567591
106234268
2436389418
2573349350
14924965
17157238
76980293
18983429
34732682
14924745
22975287
8917142
4077729513
42964523
48402711
15388317
18535086
15590090
403811306
57629490
797840
15655289
16170178
8216702
14311405
1933141
14932408
2531362129
20629862
813697
1087961
1088411
11243552
40706825
13796642
7025212
14090906
15637093
14181505
29415843
17164327
17445813
41258937
17767238
18789893
23566038
22790881
11791512
198365324
16730420
19796412
19206209
297856522
271073165
39357604
61870871
13904152
76710096
17476533
40550119
87057197
188359178
80702644
17389318
156797347
3233936864
1018207584
14587949
28370071
16397147
190817371
16220555
93969270
7401202
188007231
363997684
21814628
16976682
14260960
1617793800
204502133
320881050
2495023879
148810695
849568909
380648579
20923274
2422580030
2542348724
3108351
17118279
2921004253
3232877246
428333
214925195
447612406
393637870
14669951
3225983920
579976039
742444842
22596730
3230296510
381087151
2337333853
361627797
459492295
178443597
2404131437
1656771774
53565035
340529927
1020506119
509201822
2911191940
77008367
240454812
1436979266
46479088
2474612252
853594934
27688353
18208120
2969911510
526699850
235232324
367709007
12272322
473765883
3445552816
492774471
35002876
3191583055
51950797
3131230198
54642490
2218003910
43425975
319887305
450874614
1244961552
187733939
15734989
346222084
16711026
16529873
103126105
42950013
767
1262183838
529009338
2467791
2409272168
490219936
14775374
68996553
38021361
2208084090
48487400
1485697032
17893405
431911249
45066889
36145652
1132239944
116402625
2443776955
48477873
31096135
355208432
26574283
834361676
1132090693
331228486
1367531
624741765
265633378
2253783906
1852253605
3184266678
5988062
2261803825
13059082
218206753
71960209
132584621
848680531
1598644159
33543881
8475532
838601455
2902546372
365225968
3277945304
3090733766
3489420013
590152667
3457948282
161163311
1347426451
15932085
32185619
1924318501
70682164
28603812
2399318976
2612429682
52151324
369334970
164713706
3071942610
40964764
252738676
45876636
78157748
602491646
62685903
373102216
573918122
2605977124
36716200
2956117721
216452551
21870081
279868409
2734576469
17807189
407936022
3179977818
40981798
1570395493
321788908
2798555951
30981244
3111140416
14679953
3301029022
459292162
33606835
2929179841
468840862
618238943
235268294
240709756
3043352032
25514839
2176282656
397361111
30863491
250051748
300897631
21649774
45805162
221397547
82844010
1205217956
93444938
300928232
292409371
2840787196
41960074
71016845
575011946
217785231
17918663
10791192
11856422
21898041
41602160
8984292
25928253
13787352
28160998
1769551
22708797
14592723
490970028
47848627
2361979572
24236494
17369110
33474655
248795646
48289662
5694822
5695032
18083786
25983654
39585367
17813899
8724862
480586418
7717612
59594745
20182642
3741067574
1021948429
282209353
282330294
225274446
1256473344
172210389
85332821
295905228
442604298
388618424
86094295
66242438
251104300
49686679
122445177
2389576687
1234886239
355061036
627420483
867291763
458755731
1626545264
24409111
50326670
362707564
252374039
133051398
952412653
1001612611
545360027
206074919
148546636
108842986
2572754337
148830530
222202971
799131828
35296807
209938610
1468653013
81192849
62988923
36953109
384745292
44380442
223009741
1945018339
185329117
15864671
245932669
753492138
168297779
113754149
18455097
150913397
84419752
964614938
38715677
111153543
52305712
3297491440
15484266
97773326
118081022
757803600
399506095
89225092
65685839
88496104
114584352
142418821
111423456
304012290
29644515
40987316
71794672
51279708
101291255
109752084
52585854
108966362
51676782
42258863
102152197
120574899
95706867
121437935
274128520
100147436
87024797
49320773
74345713
964407878
72607689
61814921
149153470
104623135
83061136
929387036
141428920
306017716
102700602
126691600
221956858
140290781
768375108
15503429
1483252615
137834368
568546585
88597295
85504690
74666416
177714062
309781189
175102903
77275790
32993767
3641395272
273747439
2807979547
3074401939
774429432
246624535
20019950
602438566
30315557
36132794
581405242
558237155
310476148
948668605
240840343
467520901
347661226
168735527
53178109
282554062
21896072
19968995
53295087
381090926
404241645
334232372
219703427
1195683247
28153561
36128546
40918816
19120850
69897113
17000333
28177043
1945241089
28175712
272453035
1639080918
4005692176
489561997
523380783
756161521
574977622
2827831271
39196787
3648827355
593717333
496178117
765064243
485667658
496883368
4144983753
4141388483
968587398
267890604
480537028
551275401
611227644
590939809
4147624641
4144828534
2501168424
633237284
1512207979
744351450
2260244496
1485392689
3035093321
256131756
288420164
369645502
964157239
305192408
3388808561
998293152
548482109
313809703
380143242
1339585813
126197260
70008095
2251800770
419068462
2417029800
240901688
3320028232
3555338667
254827032
287316937
115773671
93080678
43997440
108455290
278092678
4148822464
70122463
167402585
51755747
236242525
92638580
35099519
166246775
52559650
38485326
91267688
88258912
111698159
85008170
115827236
103106691
578321883
37391190
69681766
39651447
33495086
444940567
71165327
256628776
73725383
449956694
32135630
309179556
1041575094
18388065
16273972
2302730357
1866167588
45181145
174958874
3180303103
418830106
1393099704
208083510
347627434
91882544
118845216
18247062
12945402
480768916
3266887820
19769883
29458079
2696988428
2463350532
3165759956
23895490
209104486
26487169
33186808
19400611
281610530
16906530
118756393
521025993
274867504
76927491
214497435
49140008
27382597
463987103
2250246203
996956658
2802128328
15731751
25772963
245159387
546135718
305189255
270412323
3313554048
36529101
3338670891
495994035
4151149996
233484761
16068266
16007460
4150807889
716548661
2669657311
22797375
74211861
41440062
64088396
45929317
72185664
74014041
34116023
17611447
301190274
114859756
54641489
538255363
18333859
1479791652
25758713
331685869
631329226
42653079
39484438
41196442
56860398
15503557
339283603
149216211
18652832
55131039
20524259
287772797
148476102
157072539
106459663
39078808
27240352
227871044
314324522
132553705
3437189733
3818623994
3665440753
248984299
262978467
362714181
398395634
169766265
339275903
436965662
33036949
274760347
1375704276
2268004967
4077799883
143497743
2566526197
81724639
521839106
592958970
2871367661
37122929
1067172476
3030329460
2152007471
1931067614
1710202104
284553397
2232267262
370370402
16816972
3254373723
1620369409
3122310937
163923801
2459282435
1035907982
3399117979
3583595000
2507128255
2423750396
2416118265
2517207596
2445684518
1243690338
749946306
4037541449
2714436740
2497685372
1347595525
2382653492
2186741431
1452900042
3870994512
3029592437
2695455798
2175327555
1542497635
1334889962
2760321443
1465501562
1538512826
2374553308
623421332
2422700730
3938582272
2452001112
2848949950
3992705607
2183495201
27143110
1935742783
789892910
4037452888
62834119
35357544
34718178
37987782
130995068
141668931
64638057
190143362
300286228
42514186
17146229
308098505
31397397
362473815
117464443
92399925
112515706
147750051
89327845
21069000
941823890
3164351660
93797343
95257207
4265721
75334313
107120856
70805914
41273036
236636515
68844197
195933066
70390438
148372339
19889168
15317822
188760974
109651819
108740292
244218738
104683173
380567317
24969337
27708897
84613584
16676396
35977487
169279319
41156599
264380418
110301074
520653311
35103616
435299501
200932969
52422182
12698872
88262000
132346487
132047691
54649261
72123312
3582985272
269724737
313757018
12667332
519652849
132225222
130983246
219358055
212410137
184876841
142471549
36774829
93673010
39630199
2207447354
2412041858
112864263
34666670
36272290
2897441
178118927
92433798
144376833
41169468
97017966
562041653
166757868
275732971
179717419
142004355
57484067
82119937
41421105
39297068
16808700
474213039
269058934
64798737
158436482
119545041
292116167
415274761
237372254
981644353
32226455
982821493
204472461
96378833
418423461
224044377
119953506
119146116
317216926
282203918
388353434
208651722
180970075
197332662
515682264
963518749
115556255
99171928
228921790
32244161
1169574008
213749071
246485892
121165363
72301696
42480751
246500079
108710103
182416570
195776570
85391566
209649640
80904720
57186477
81167742
69034805
45296639
1969003812
85345126
3924002420
83699041
87979491
404456080
369539376
179622016
19728847
38582082
39606546
1220296836
179111246
26498259
64805290
376351839
28092614
55227147
456961966
290791732
465632156
13315172
146420922
289042548
490955130
716636281
167188057
712946949
174867073
267218781
274878879
1553604218
38494680
476469341
79056256
2290222472
787152938
317943959
4023956008
31356469
103409461
1359778639
2430465663
518252172
240564314
36004754
11674932
316795090
94409059
271504963
44354301
85386834
14116400
551405395
13706032
16347506
172068476
3028932478
22641709
30048364
24839853
17424617
96564060
86773118
385125725
35823189
20286480
20819652
249420175
198034541
15353236
151903568
605025484
17971670
41479790
12566322
3340570960
33057154
86392183
30268257
42229452
21213658
14738804
22634164
17083396
105305259
19029306
52911590
201531255
1619820320
184517281
2813981183
2327625956
194499281
636302247
20039389
66985184
206879035
469496081
299629156
297357301
324394578
487378590
2362970720
209644081
3961733773
167166894
34215544
120091754
39512165
135124471
206338051
135123590
106707452
35716374
132477697
205731536
70968175
1108653043
219240315
539094773
36996853
16696633
1150517468
19273104
3236182256
3303653904
16438898
25165065
1267893986
2576699208
17463660
194084833
18204500
20303242
3258072874
235920486
14071045
469265787
23311586
78562138
16493868
153504840
354167602
23396106
25524716
41598132
59504512
25056415
24387779
87735934
80581291
138347454
329310179
329952743
50616296
364948131
312060224
25534147
17596020
291682823
43104062
41201893
33640141
242506822
314460260
23650884
41374436
20780237
57829868
358376926
50609698
262737289
361855447
302588814
146583530
26768483
35168013
142802708
266572998
416329717
2308955359
380071179
37361536
3403175632
441314674
238270476
85218912
2343962693
294999605
375454798
878884801
292390465
1332954542
320078713
1636577648
2278292224
2288635940
2336088685
28838093
2484836210
171282208
2417737484
2361923064
2149387008
585735125
2440827763
2319965522
51080567
262363044
611472102
988149120
2333960522
77447401
1868884921
478149024
3828686177
599099414
465772887
390473674
518674309
441476285
38811583
482628634
582673817
511283951
24463222
783691975
229360580
489917268
324135034
2338411379
1933042237
2209777656
206717297
403611263
96701296
130916851
322260709
240003930
427799256
311836771
541272170
309214637
270702237
55942095
404977753
784630166
129668309
346110740
1213789147
557470131
610520252
219823828
616708518
53972927
31048224
322416213
333534703
323525200
123416418
145773232
3293628925
132032569
3433625218
18943685
116995753
329205362
3252392333
545960393
377636863
40322435
144668286
365888886
316406598
436496990
180500834
2735275400
482129324
2375658697
240525629
166450320
465576082
341728138
609472306
243333479
334297027
24948552
3952509794
337774207
28208978
25174997
2417725356
18314492
862101078
185400056
34609299
62547325
58560382
842930822
271680940
380730306
4086591617
2191477736
292097562
378959498
229331857
272208075
212047334
1520826877
335394590
221050514
106592374
177046092
372560242
37697834
37998953
73437290
221502712
29802237
14849567
50383497
342819198
19548850
14336682
56703247
240734425
62511529
268484739
348076699
256361115
15909582
216387646
135643164
67591263
254110373
361492848
27988621
42680955
14061640
19556528
16353477
3022822074
80137104
461824566
203532966
14633871
34410527
40707335
35510728
14754359
17628900
16419153
20139902
17850785
15220712
20758087
14124083
16468227
7087112
20094535
25485248
11833202
14184940
14590880
14159753
1699751
5662632
3714411
9524712
6482332
5167461
10861382
5452712
849591
2899161
1359731
19752773
17023762
40061400
15662446
16997044
145717740
18517363
27213584
18517404
193334704
31779300
140876664
36458541
54319874
14954548
119173790
14357895
22967319
9210592
36080231
27154035
5894902
14692117
8653412
12480582
14408319
30205586
17582682
10971502
140285239
536524928
221083525
216051071
1486304563
499611451
6419982
93734766
183487809
127125677
225957303
1352761788
391834260
144548198
94889434
360962043
10388132
128102424
829673054
235441535
135249573
237738830
272250951
31451408
441951136
40044371
62980047
235683143
189598944
60651983
53192519
147580943
79848384
3390731
16467567
18950712
170861207
7841652
17296100
43277789
30350242
45709411
19348683
80663030
2448135692
23752651
312800783
2332354080
316580588
18313747
171154131
25376735
22517990
40471749
635383
3849391
111400999
14385326
22198175
7385622
17792766
10998812
342130924
275451635
186646579
488679352
17091571
172414996
18821583
14331688
284187649
1042251
272395158
24212955
16787084
14178641
11203972
18983793
56749157
43919633
22055109
15513604
46681100
456726486
21010214
149913262
14597808
36464682
22703645
112047805
89275103
101775528
50209133
95173127
1376166434
17995040
102129735
1061961
16435731
17140478
1574282544
948445326
746545112
487670348
1292585952
3107890806
2796210348
2339612296
595035801
627763345
93886017
482359639
1215679237
44329393
411729017
2483000368
361351581
723517166
39367703
278509130
2424221178
884442241
2239401462
42724869
132526702
218993054
33717513
16252118
56855530
264984106
295475195
39257389
328810158
127666940
484390754
1228154132
15025802
326546207
164764840
367438262
37006875
19726043
116882059
17374906
43393720
26577824
17093604
15361389
396158757
27487343
308556440
43885373
40878677
16651754
29264626
28173550
256718341
23783692
29460627
20006987
19673276
2735344222
29304837
420632426
32681168
2458037227
297619903
1615506338
853684531
254178196
353102657
178812074
315463648
274346247
466872296
47985470
429468742
406629241
192825525
384169477
444034183
354647742
65502374
125138851
90245058
44166798
50909362
395033138
183372981
26317960
65908643
67376227
57035972
230329712
446413136
369592650
566030797
2727469914
260946463
78896398
588417675
2258238908
38523886
1390060135
276811721
872789472
14424943
374253257
355309454
1090491589
1067102378
408059312
21662960
69827637
324142764
189542963
317338639
246022771
31469906
2788329925
170166825
1382877074
1680752539
252663106
408938984
328164681
344311230
316901934
253815575
142961376
1972237591
2543843290
721341752
188548733
257164704
269558785
29786986
37370920
213795411
33750798
1115140063
785185207
58379000
113047940
15416505
17078632
18906561
2704951
18791763
90484508
263758909
887548195
302229663
50055701
733751245
19739126
18916432
310424310
18891923
5357812
5561412
9508922
18217624
14730894
65493023
17454769
457984599
469194846
48459553
158769098
29216764
60680268
182824991
223970563
2778611606
1394399438
14839147
36452050
334053327
234905133
25073877
25101996
166990746
23970102
27311044
110445334
15976697
38495835
88784440
22509548
1180379185
237348797
23022687
216881337
1074480192
15745368
7713202
15207668
14344823
43963249
14676022
73238146
14377605
115979444
16789970
113420831
15764644
1615463502
15007149
325830217
970207298
216776631
29442313
757303975
1330457336
1339835893
1093090866
820811406
1536791610
813286
218620803
13311832
22046611
4918121
25412522
922011
12553672
91220126
14113411
20555005
858051
1059801
3080761
6527972
1322691
15651700
51263711
1413587545
6635012
13027572
15320887
44224256
162887009
3382
184997446
3283901
22747624
2798026097
14079471
62466096
15067515
229973872
14278978
2281044080
387373496
14046943
365022169
54986495
108698830
2317415971
87725458
240518089
76349275
36352707
210888695
31267919
130290635
44771048
7315022
19980628
298161198
23199122
18654899
16092398
14780687
1506525248
18904719
17999481
16755855
17478529
5965332
16785424
14541402
14277276
29905710
33539627
17106880
20682659
801676
14956133
16825716
20263710
6145622
817209
745273
5520332
15897147
3754891
295
219859001
18731548
19121361
799708
10399302
20818197
14244027
180285677
533529603
8095292
819999
28917111
10711
1137701
769254
811350
18890698
20734682
8760542
15182098
18581152
65969968
128667119
20122359
46698912
29105137
11768582
967061
4080661
183279521
192993192
61875147
91027569
21337206
21170837
19210582
2804219786
1183433444
603162738
80630606
98007215
23157819
41697083
159649305
176606900
124185033
42551075
42851701
13363902
16269873
172758082
888841465
93129160
78420507
180595008
172717086
25950370
305099601
39607444
108616803
55243756
78515008
113518978
350536843
460329427
21934026
1645663014
33511262
82269813
139123279
97073820
96889857
21099064
53209684
47813309
221845267
20814430
3022109085
60633647
325044863
15886917
15886867
2321785092
40080642
1114713799
389037540
283283067
224793360
79657432
39254522
366611397
1016281770
517943852
18819867
15887338
47275328
772352815
41238144
24738810
62072250
16902493
924312926
360185259
85654185
289374960
37017074
27821859
106027470
36375662
15876379
19853312
492566290
50096544
24179879
47964412
37824341
40358743
91208190
1895278116
16332223
31504542
34104616
24586611
40519997
581971753
352499224
148787605
34535670
33583496
36362259
56443153
34979543
85815410
21454322
23642374
67133275
1323260832
254833195
774997099
347950601
796447873
883095961
303806325
587593372
429883951
295202106
206251633
390963338
107593607
536708612
597866436
258974297
103287413
463724566
626681652
540646377
276796811
321539421
141400691
19835035
321172535
19013887
425365329
39215566
20264905
176909855
12398782
169210555
3741235217
395360042
27709008
3232938156
16288809
370706811
467009841
820246910
164076105
342897880
70126236
31782245
51189656
115556805
17494046
54978190
28404196
19017659
4081481
23065057
40168339
41366372
27649623
55424198
62587361
2222730631
3191220634
193095044
48488561
12700662
21362008
23378774
858750770
17345647
139824935
103111232
68450303
20804169
3444040513
2772543750
3727443013
1426278492
2776994717
15511379
61268921
168718459
14179281
16463348
14832951
16582535
77303688
304627207
2187296282
52787843
342090579
237413321
102871767
8497262
1055861408
112803824
293214741
215119805
46369538
3196105223
20513894
365644014
70202449
23508439
1392312805
1099663182
50076513
67904558
167155452
21995237
16201775
45842989
18360370
95260821
23781317
26074296
667563
20265254
18481113
16727749
18552281
19263978
17076218
20196159
104552134
17292143
21308488
22185437
14992591
24903350
7117962
6395222
15900167
19077044
26270913
19409270
18371803
19564719
30465594
162869667
205415788
24925573
29341990
165953518
904369669
179149890
27115071
890891
11026952
17980124
150846769
33995409
20416406
17461978
248900032
135643468
25100180
16812787
353116380
42384760
1059194370
53643297
53853197
34430522
317370751
50811932
35982046
938097727
42562446
198560066
28006093
25319414
74518740
29300352
22178780
23778898
29307276
2930491640
22822705
18915240
26588937
212278734
213000036
16302242
39809336
87198553
113136762
22309353
38324376
15352324
216766313
239765585
345992326
603722197
2881250792
3271613378
423611508
171284237
225465711
2283706789
240378928
119758732
123276343
183012910
167716995
186320027
43775786
32990345
3306212952
133478732
1889124234
33922026
93655521
298535951
844766941
112237548
108994705
46422699
143661160
438551068
206180231
627790918
3377331291
238005487
93997039
3313631875
1056182258
203086009
54320191
205707779
202315397
37793684
202643200
17590505
412400624
144057964
19003662
60600106
813583369
21762851
45027357
110822758
1462470601
156665369
89033940
10121422
15513910
117266874
273195660
62966902
148614711
195122905
201894110
28481835
19968190
56886358
35011750
10348252
5518682
18308817
7688502
204825176
15723890
245435650
117792223
166862221
407363598
781786
32091770
30025923
191902410
2374531975
325681587
93314915
3007600158
2713772075
1391627119
55423501
348200451
164388476
31186324
223630861
184452707
1566543824
223390789
131370235
46282921
56879411
35287390
564177645
16032181
621626736
521890161
854966486
96282187
544808900
462323976
92423385
365935061
289064582
20991352
1166509603
3154456681
35715238
499911954
15050351
1666788409
273125973
88164944
2283646980
2329992948
2330698603
2277997410
2775229828
2277852222
2284234508
3213136127
2462143862
3004272136
3306921585
39121641
3049283884
270542823
213322188
185246885
37816226
281421118
163617923
273126833
274154861
168475716
1608529460
2874230781
412153230
6039482
402467579
184881470
193302172
720950856
28122432
2235915236
191470336
318672263
833150077
369467309
969088423
552208654
1147479222
192596660
624626884
8420652
497995908
14958039
186055984
156998330
409285722
608154553
274906793
40275914
198141246
16649277
3657147557
179157105
189097488
434943173
572112660
386543220
217798910
3971666722
3293925735
480382619
234298046
177890401
267724705
42411789
332811919
58433
236352167
137194685
218531242
341095913
17490366
224660508
288813824
296756458
442869924
3346244332
4035395002
150581068
818371646
267975373
80124383
498012129
114516774
46862437
188263011
34743419
273933522
390545466
109312021
50723695
48961075
253203161
115123104
2877174575
298006882
199354750
364399058
2579211889
2890481403
2411221668
950341134
31261198
2713922856
1235864750
82380523
404066419
186914548
281146676
278508885
289276770
524332413
264120930
199013425
71308607
201356711
1114200326
1653237805
309340221
1704998570
167473396
2533070650
217423296
394581283
787239919
344801362
189850197
543533194
64152335
139092348
366592246
550122068
1021962876
2639853499
710064516
230567975
260863252
464781334
186386857
348939569
1432977446
436702610
365498780
437813660
593810556
76635285
220918211
315016589
400117763
2198488694
280458883
272662416
273376311
317871841
423590107
350995258
240446034
260542043
487999637
172782604
205011496
569358733
2491722162
152987149
313913938
403580183
57497901
1081
142204481
426738834
273984297
136007061
185827887
46452468
40908929
224223563
24929621
44409004
153694176
85603854
24740625
25233746
16190898
16409683
84358766
25110374
19058681
96846955
256881576
20071064
19329393
58598187
15620557
19397785
17845789
20522531
55315217
18188365
16527415
17266725
8161232
11073902
15323979
594054036
15819604
11740902
652193
19374728
871891
14255759
37570179
743763
2771611900
612533642
16934205
374463302
24672776
13348
3010377890
15859039
53925101
343598276
79543
14454605
839321
21279340
15441074
18240655
11489
5768872
8453452
194679113
10202
8596022
14115587
14262772
35120520
12874852
584016075
633287684
16943688
2559363320
18867844
462122963
91942071
44171091
73035909
38804737
361468994
65577676
16248319
65589378
35767916
15274836
19478383
6253282
23135992
130649891
95731075
2843666555
389177579
8820652
19713521
17874544
18185124
51203483
126722350
106837463
783214
13058772
17093617
42671211
9860432
14458280
6843302
22330739
7834512
2341545997
33612317
8131252
63509894
30095328
38145605
63765980
22943641
22849841
7210812
12617992
115266129
37072606
48576435
2411297293
52972876
15436921
22849864
17633819
26021668
44378025
18551569
22826432
16630817
16292184
26531880
39864099
14288478
1765921
14444403
9779032
1504011
19045458
18122642
78453
15736190
18764818
348664405
4833
60273
13889622
12534
11855482
61133
70096167
646533
285019665
22199970
793830
752673
1671811
3404432603
2711985740
35432643
40390377
54238128
46439935
6296522
1452568044
25432501
588938505
1425295999
718728986
1202090827
1337009912
521321191
202230373
269797384
309528017
488011724
459275531
18080585
91985735
25355724
41651800
255657736
372475592
41414099
16267003
514831080
13334762
360099026
363972381
259435698
819800
739784130
28201743
21111883
872374136
3014369394
74580436
30261067
563927881
15403842
112236047
972651
2890961
74594552
14372486
37019708
2424542616
3300957757
3365927952
61298700
3307022936
5658692
20542450
15944436
9688342
611823
1138267494
1253355925
14861285
1409144809
1437545924
2228815568
14223829
87077721
2490279366
1566661
20904050
926981
2735631
763549
197896861
18119839
106231780
749863
95297638
33423
14957252
5905672
14231571
11864262
636923
15086405
848089213
784912
10194392
1835411
360541236
14118444
64508047
767396
2230871
14645160
8690322
816214
6449392
6476742
610533
14326840
10350
657863
14413715
12199652
3829151
49465463
14964767
546170165
14969511
12273252
37025150
16566551
16930986
14874480
17034634
14208474
126960976
69791678
875670486
456957462
612076511
810094262
17141246
16409781
75691804
238099363
19601111
24741685
16334724
19312845
464048486
1399487250
14952023
1157784678
757891106
388472947
74286565
16913772
9460682
1155195973
17000457
26541422
89517005
605805760
137365854
297174372
2803191
22209176
24727891
2459371
87492534
16425197
31285982
265667614
15670515
32468665
31311757
38679388
50090898
56505125
93711247
243381107
884984851
15818391
3196387026
382267114
29852317
16560043
297169759
37435412
14117843
14626738
936004386
14620190
74161330
43129645
527454180
59889953
472324410
78071267
24508469
750050767
184816471
476478123
1194947442
100721254
267808876
227387888
122046740
154987722
148294834
115074680
1566394855
272317392
18514015
35816990
49138088
252063677
118921773
91367138
32450130
191132175
3441907759
2425664084
33153177
24336829
1886987226
14063426
30948732
29613691
229197632
25319534
76987599
191413848
48871053
197418586
217503363
79761410
23398227
249154446
3761576953
3064467935
28534252
113712551
3958135817
188039706
219243547
146409066
32073913
126716505
1596541134
212256947
771430142
37941938
783763632
774144085
476673
130594732
257013116
293482180
177019667
70728069
225072440
74791999
44686238
784130083
2155482391
32717570
299181741
20841044
64546927
36146253
2885907448
26048940
47205435
17815082
51079493
67427568
16228408
2231197849
37360915
26315586
3302748902
17070013
44706253
16257130
14364779
28406157
25117278
26578816
51221731
215502104
718560666
176860888
71022075
16814948
96135168
42673970
921385730
92328432
1151892168
356253361
3312298000
275217630
2796281265
19261670
52162721
1534831610
346092232
21038325
24905297
20828993
36679806
332500967
2900421946
14837634
25071487
52430791
153110023
44916607
733263122
20463402
24929739
233603286
198587616
3171373670
153118706
64913803
223008427
29443354
223173591
36463699
42297347
21014439
232400153
14063612
226253322
22146985
482673145
28349128
156667842
20453073
39528024
365659638
157491873
342791510
32078122
256317852
216912903
28276726
653623
1656515028
150693267
63193299
29273957
2916865062
81625756
19101204
280903807
15280277
11329872
471719669
17453699
14785890
34654359
193981817
61352904
197020231
21045597
224912584
281090460
71970532
226655373
118996689
752940276
9614452
600347205
146927353
14773444
90979824
23386500
22674844
50121279
18383799
823102
15059706
15844562
10083772
14450455
14538160
47353992
1410903973
34564591
24018799
20807946
20562319
14164288
23320335
240857453
50418510
13126732
44337078
15074271
1534989062
16644993
872633179
127399555
186185609
15848908
365194601
89506248
20899023
340300521
329196352
18141515
23782809
21251990
600613704
39129998
86220150
376986007
42746241
525977983
122191655
22014560
21638171
380202693
82290053
62567335
1534233974
914851062
179245513
105179399
38360819
964509284
25523695
1576076492
107830074
874969926
1228563230
93975591
460434714
67608440
342736493
831768356
38979701
1577522323
18976899
361674794
1157948778
287497021
625233479
259776408
262452184
63984885
174035054
130958782
498047564
569460038
16801750
86143723
17756500
50392176
247965663
15353485
19094197
92668163
2980248723
524478849
128328450
34287054
22789698
67971206
14993335
34994415
343331728
18771223
126518959
29143791
63080862
484190186
103866607
23472029
70641240
185125451
2826812912
23541812
53922985
124652639
66453299
1064438478
1075408783
88814207
2363148762
415348260
63238541
2167104162
16536743
1489096716
1202367997
1093020691
285129336
40456106
106796865
1056149466
502313153
3519506837
596744235
294120248
3403314244
382798676
56815298
36381027
194657456
15227791
237845487
51895123
93465778
130491582
83180395
2796926471
627643923
851975023
15375335
3955531353
152541142
341593030
438125534
172537845
196516385
325832193
144003355
561754773
599602890
579006169
1323187164
285868939
1137700339
19029137
18396070
7861312
1183041
1418745782
15666380
16786977
41562592
273545400
194677810
47489218
35876677
88793811
102134994
258081351
32509377
31473794
426430732
3160258045
373681193
3766213520
14752294
1952926579
29329650
19764335
26005355
22462567
1009940076
495315443
20624709
151232686
172814159
2991140435
24083901
69469577
362206341
10258832
127994066
129396119
475496841
3279861019
102846283
69416504
1219729849
62042597
18220070
2931906224
47423414
16060481
47566850
24724698
495209340
201382548
120531259
267921844
540362357
9090742
32621370
102230123
21969693
102600381
1924364738
134668186
275215221
57995617
70044339
20273211
30614676
27079708
196013643
24300583
31353077
531945177
217314248
282392576
22090140
23836922
472028845
48268591
487412249
28162211
93049017
399788792
1006555086
271009040
200081942
287048127
28744340
498271576
338568973
465286381
1093732668
535014231
278714052
93505671
3192831938
79401620
127699636
2654913912
24647213
509408688
132166240
48027925
46237849
582951044
111114287
73326103
1029706332
70443122
432742967
20407422
14601854
880204154
64027753
2806253912
2152062780
2332841222
1228173901
2609490047
2327812741
1929633830
1633163803
2838334028
3328850898
462620364
838583323
55328517
1228508616
1577900852
18506143
19745355
9509672
6815142
633354279
635028535
1284310603
2205336656
48946932
21103888
37597864
2651924702
3030839416
125173659
3312818305
33675060
172793546
18648505
183133891
343694145
224759356
342328462
74169715
35364351
545450214
2817613629
160941691
24496251
538640772
2282671736
159311024
349300271
1244325504
2480954209
393852070
330125273
533252135
1018899452
1112465706
1416339126
555448499
15515656
61083773
393987775
329746058
15687962
48785884
252390026
27690844
75974281
29873507
36713639
31312972
502135911
293020009
19879313
47285504
3063032281
2715115656
241382835
391037985
602317143
2730016838
580097412
104969057
47786101
6539592
27457788
65647594
27042513
19697415
188046098
50374439
1451773004
43166813
14824849
189253902
30364057
50115087
15165502
16580226
15165493
44039298
19802879
17471979
15473958
15143478
11348282
19515424
18948541
37710752
30331404
19826509
113357570
18638800
19725644
382253381
18743550
125644689
9207632
14670510
15698507
23462787
603241317
5691672
22386817
38833642
17636894
59546109
158865339
9313022
20685061
19619047
19038849
44145884
22009731
15446126
16336998
8223872
15135958
17623957
253613887
22127667
21661279
43511958
125330700
41337901
21298320
17456140
26475040
8683242
135183743
189110149
1078256364
50220062
123896373
72391622
1139524920
16347028
25282583
23585763
333495253
22061737
1440641
9130882
23985796
23357735
19686204
20622594
2573420803
41683247
23992315
41476705
33860739
118759153
18637730
105670689
300355838
21108916
126473695
151532036
32137602
2497319281
20439102
18023887
89211580
555914840
2565952662
137645230
23815359
494422173
19066345
3167828722
18807671
16517711
5225991
17844854
15057943
12804422
18090088
368992130
17057271
609356525
7614292
16536215
46131997
2867735239
20600214
28576135
39986021
25159286
21213276
1740171
715948147
68329363
1512359820
22023711
64430610
15113565
31310158
17409240
1535179958
329888286
44287204
2439047448
139858167
16129106
106597684
19611483
10126672
54885400
8775672
30313925
66369181
9624742
18213483
16153562
14361155
14700316
193818082
69231187
33933259
14499829
27830610
14159148
20596281
75069067
21924793
39511166
32070022
32469289
19151125
161801527
29562655
17467699
10880202
17899109
3225123923
30529750
3100092432
14165865
17539739
89253100
15433693
17627061
40932856
14677117
17044207
20551702
16812086
50360725
22537480
20571531
74470274
365495044
372375309
16621064
2908786353
387714426
50089737
348659640
30872787
20884891
227706227
39568996
14109159
15308469
65381936
501801749
1309143127
10194682
22167996
18341726
34042766
8457092
70001932
267939430
52393483
20687139
24636272
24153071
284540385
194049387
284537825
166581504
147932302
429724798
41331822
2531078762
338559800
36425600
517146844
22189411
191781601
41330603
292899948
221251277
38237581
84281104
2421110510
360685668
253167239
426159377
506595448
1155522630
204881628
80374332
207507805
79320096
28610679
73177902
1178011
24478346
15716428
66773209
1075364198
25376226
2838136708
344256944
111970945
115286354
2248502991
2604020298
235571004
17766786
244259479
558914121
331656472
350020705
112313423
45468548
285321572
30065676
343066564
63029067
1442747576
160489622
257698148
139918711
140872610
317528802
243845649
3280143738
2269666182
177540789
40935656
18785654
84353161
158126576
27886437
166718532
31126587
180503626
2284983290
169947445
22146282
411246048
297066172
172226120
46951572
279098520
266841184
81756964
1606869684
32294060
190884935
158843843
616532483
296427730
43403778
244727125
106246985
45055696
393051825
229361093
39922782
379501471
218703372
135386078
58099875
113648808
2427627956
583309338
266817788
55458823
85398638
1330241388
87277455
34767359
35385104
78105431
168570138
108318595
2340556867
43399264
41536249
59578815
33615152
455195671
64326293
91508945
37106040
157157264
546178145
44516935
41859939
1121693768
2770532769
141416254
73382970
263345971
230292710
16664681
2097571
15032524
546060169
301680538
15754281
3308158938
2485773266
26515803
14173315
19273542
15012486
21407253
28785486
20109447
612473
28639864
78037342
431254856
116512229
14293310
5402612
6017542
742143
51241574
87818409
1652541
169959832
4898091
16184358
1320932959
37764589
19546277
25053299
1754641
28087202
28140646
20402945
15110357
624413
32359921
18949452
34713362
67163944
67358777
20562637
2735591
249249080
278691695
19407053
16896485
17801805
259030051
366260821
2558308646
2916043127
16191175
1217299039
1275955926
1507602577
2737506740
1481275135
2591714347
883780088
90794394
342382672
14275290
124405878
353959801
317852222
576547843
120808237
2895945709
84640107
333649950
3302061858
155360038
29234866
69947959
16940993
142527588
18572345
84178355
52093371
67764555
250419604
403491502
120222683
89773998
31496613
145527920
60660971
111967631
108987333
537727610
55947313
416506198
365284461
110189258
265758015
145002455
121285905
621936041
2494254306
164352274
303526895
334794598
2149467889
1284470946
177587759
268361752
618420295
62926597
1962770306
186941132
373594904
2259717386
144742593
632545783
122211977
1281807008
150479805
1569312734
1488259112
313589997
516798311
574511063
376420687
243827971
569219722
427885919
145427893
150003549
20489494
2235417414
14390187
132330097
988771849
2428088238
27986223
2478575257
70031747
3665707156
53106875
150678850
2752534352
142459534
74081409
2378778434
190396895
190760103
103338935
27954537
102176400
94429039
56929583
111372842
150832830
73774936
424632808
2988201394
109399420
2335923204
80178128
599472755
1605713136
106306522
25055273
483493472
1112604732
393569274
19356263
115980684
98400176
260523318
34722669
22072684
22386286
56381219
104501991
59475498
26576259
1340840688
105147367
78350811
35241832
121559445
17479344
62341088
59001491
2897944533
236976237
40679590
58352839
1646828636
235306406
261936443
19314586
12513132
42698105
374714418
414811086
362641934
338421148
365481043
87709164
434868999
114620915
64535352
364273296
42382824
385745691
54287536
2259003873
22455277
348466153
115201330
123777284
25459878
207614589
24903274
2834721818
60101194
234887755
38285308
53374954
163732021
201009917
21270432
50614163
385989819
209104602
101781641
43144932
33424006
36550247
87256018
21921231
35107066
349297814
72665816
114818983
19426729
2230485595
198985027
183316997
44917665
615565791
363779571
40752095
135649762
154608567
69109217
33133275
21119156
271816927
51445887
274179836
258514663
15146402
99394661
144595613
322155592
349192432
329414795
231445685
213423502
16214870
227789583
25084916
772426082
88767114
22101927
164315100
81651832
19123095
64797154
38520853
121509578
61499190
1563005659
105190427
211604127
41153953
339317760
43106425
30793542
25019638
56815391
74191033
29055317
27084414
138061211
66588182
63227257
27087020
30908317
461177496
398205834
119191281
263799473
574731054
22445483
287286722
27898683
59590262
60809481
61550723
17172869
15455834
61398906
32382050
31149770
44507891
1322996809
245840474
135946911
32127518
169194549
132915237
811149223
342708916
38430168
18741489
42203997
2585853686
3347017152
378416682
46268275
552211142
22623541
598013878
209628526
26813097
406423017
57700994
56775014
171872461
20732143
33875677
19050461
223268131
54218347
32931188
56411751
49883265
115430404
19752348
32908126
14984030
278694321
53993942
20950232
42987732
23481561
29062886
21841004
42956737
27862658
390973130
87954771
139263686
246960386
1397342508
41280851
20963461
19750789
94141566
59236263
273060588
48355898
18048496
613542402
34998642
1670866250
71619021
1038293940
1411004539
30459968
15006888
251933754
254107562
111104497
242943461
225548616
165963007
246571305
1286871470
25873356
47788661
1183671240
84092181
607374056
172997949
38234856
382271636
22823970
8824902
174533632
22857116
364973112
962778026
549301007
2841260135
242852835
389641969
32615106
330513070
278876026
378698227
2216526275
392870658
383782549
3914592263
58112359
20726680
25512395
776139690
2416410187
136054871
70205528
120943272
2577637814
26991650
41729421
47773587
99914011
32963708
18991465
31581831
60610235
49505340
35281083
2932342674
322851337
27185729
20450112
395509552
859726932
36197161
64319959
41509142
41814795
93910940
179118904
39603713
2903741394
3100627752
75621926
24311694
108319731
16314005
9637452
61597483
295739457
54694272
66510603
261881303
26144265
64076490
12794312
250827256
15485999
57326630
23899662
42796727
26330763
82441598
52800359
136026074
62081032
124232296
38422863
118482503
21923455
19544055
35017255
58919137
50863281
476227352
61830970
32134081
35890043
151595281
34701524
48492831
2557521
123417995
19426551
32135704
16672159
55307193
19362299
16403943
28870086
51263592
32765534
