238575113
141067352
29406343
53303554
96954044
54824275
206979151
169627203
3820956254
629689039
511209737
20109285
156177513
71807533
36540378
313083365
912988142
1006122607
827306924
422914439
316287586
229570166
1864276194
15046635
129943834
228803862
28277272
23484629
62513246
19927627
1434251
14677919
1536791610
1339835893
2467791
15224867
807095
60550677
611683035
66300624
295032345
500449527
1730769672
163001076
3901194803
562097401
64319635
111183315
339041066
93554494
50542177
3248170868
30994824
1412341778
17040376
1217079565
498719547
184374575
21079398
116560338
1913682588
116307181
112571077
176953638
35930618
509575568
276751394
95790405
114942566
112555240
69151655
2582229654
212920481
172261647
292220830
3306737869
2367889324
250835899
143094665
160474294
3012815832
514841905
20424235
20955649
479285723
221146165
346944092
26198059
1278558864
577432768
62458322
20595919
55981652
22698483
20564953
309325348
7025472
318904285
42560107
13843942
258234145
203277589
106678583
262462421
206044361
113223141
87794779
20561798
256692462
220811729
251287921
115541418
15788114
35091531
48559447
157699285
34532693
128369608
83645097
228606321
17353266
64254224
701267743
23527163
14071915
23830758
147406561
246646809
607152697
1639481732
215732890
289727985
289153196
1226639064
74871400
769535562
403902656
34174153
215109042
36187290
39850685
65544902
54484990
113474820
1605215868
17128658
18201787
323608462
1195441
279003049
368842056
23724587
43037613
22959763
15466126
16415533
16803744
23363658
37397635
155129741
40788692
252325396
28933924
987944569
363957352
98535095
48563905
42493133
18466590
14765253
14301074
19617105
82447039
21134443
188950504
143267219
169795589
24149001
155795253
63037629
88849569
26608078
21540523
158414847
757303975
1061570058
38704343
232193350
20015311
19397785
10922752
19534873
296023958
19983050
451586190
16734909
20479813
14496573
236453099
41814169
34566763
16017475
164412502
33270286
28333098
939091
16303106
813286
14437914
4970411
15012486
612473
5392522
12133382
5988062
69181624
428333
21982720
16129920
33514869
5402612
293813246
168744158
40409545
371063185
62393859
157799608
35171484
411213921
340813100
191849753
783214
20536157
