972552590
19362341
20019468
15846407
19397785
18220175
41259253
24407244
42052422
110827653
16190898
89503894
62290422
268414482
62591681
130894721
48269483
35094637
28061932
390377012
102278356
285282053
30364057
26053643
2322312333
28208983
268439864
17525171
14677919
243835805
618300542
229219088
24807616
3303293865
250831586
243284052
27042513
91390383
156132825
5695632
79242290
19329393
112915037
180531059
22082054
17017636
19617424
259392555
44163738
336116660
125524802
21060763
22645363
31676365
1288903796
17446621
71876190
48410093
2650787231
275197798
25545512
241204643
28562317
261445178
449237769
36528126
35798784
349137873
946352179
880310556
133404204
336024368
1611417451
84592842
58732792
634853439
2699926448
126434587
22961673
3770266818
2966511606
2811400613
2233154425
628531243
132030683
854875705
282392576
38241041
38101720
3065529251
2284635012
19737576
2324788620
38955381
221512549
135263006
88323541
91919470
3982174743
1394399438
113487430
19254838
23399117
44579334
3304825064
3794462713
349944373
257666575
46997849
37016679
3172350266
158123670
852157266
22533473
25219781
2151574926
246902240
21371297
965891509
136165096
2730066025
599849476
76241678
28441461
3293738651
310130084
34900333
304039736
199693532
58605656
458490406
1115835446
2868068598
3146018069
297821087
34116028
32697273
53168557
64307351
59616868
66604944
267439570
140302092
46999613
3415458827
26792741
2351189690
131229865
220103697
1104537067
317101339
16139850
3413397580
996106975
3411059944
80132462
17448137
463434326
15537849
39998413
17628218
34668551
1711406461
827297882
268082990
2177636661
3304502359
3288944678
358489665
2329601340
2809643698
1151721398
1247690359
1309229791
327376374
228633247
2318080147
2750593329
2980611211
1917441302
3372532997
381898097
273574986
213182793
3250039850
58848115
1419802106
258868912
57515894
3237324506
137524817
111199728
179932936
35471392
121859135
3233054126
218938576
1905568164
27215945
752156641
7041422
24396996
2956918655
72682403
17768307
186288892
64785523
894552380
480525058
214226971
1282758307
385176346
47732289
359768090
3003938379
213786234
2168221492
31784104
43714124
1629685160
24891250
32455644
310463188
46671731
142157505
2987962997
3041761110
254217186
42685023
205178931
95386370
65992743
59247894
92367751
191690176
167579899
336115302
32939851
37344334
15830716
101842453
2988956645
2992210411
2422753567
1959556592
34698369
230081340
2697572672
216813765
414163998
95358802
387239967
397528769
2279419807
1918853059
2684329676
288288263
83502513
391553338
221062860
17074573
41367014
104373499
756182929
14364641
105587079
417372188
53106183
181818924
1117665103
15271551
36115221
2273818765
963218533
2885566502
35298043
119621433
442639138
381855138
235703614
305860336
17343117
301191162
2887709785
24341390
75681407
342550810
24606142
60423052
30391633
1375539518
201280083
2508465110
138708653
23504698
2890290225
138204234
582447969
2274044276
2179092072
1507935188
55934400
1337661972
509266573
1239680851
437197845
55378433
37993025
987309026
116372162
154563575
2186748818
15227650
276081796
82742105
2492457295
26710588
346735790
790325966
53278894
17937451
726119256
1637142378
256413253
2308964216
213306981
1556824704
313614661
900910986
831871429
612514484
1193245861
191326427
2588407646
617548289
22727658
1084681118
819993858
1418099173
2827005547
2884059450
1455167190
17699545
365794056
313398117
317374814
1315676034
426734339
352489298
26431346
23719517
2515987436
16151320
231903604
453770315
372593148
391767881
20631454
112824083
1895643764
2907448900
305480462
1069124076
569402257
34056219
6491
181252909
2268320418
37608196
75584152
156042871
18565896
1870054218
20062071
2730836638
2813986544
372120318
26342470
31495939
21783867
58010901
172787594
118787363
1892002075
1588870430
2755840295
2367526021
487893627
125359252
43319488
1283547331
182256852
177973116
27160718
344388659
403248109
103384125
1284088494
54653813
47331211
2231408883
2481918990
24252595
2729408084
29695221
1668647840
1351995343
158179180
1717215607
20551129
75318187
1669034576
18769788
1053548070
29319751
1515174038
1141318255
379367807
184607733
261368826
403071461
47710172
2421960114
1104339013
2612028655
483195215
57273671
246980722
2159811102
2596272853
202510181
489015514
1620135919
2502448387
2320245137
636768683
22593453
46814594
30346670
2383857876
2564217782
214796346
2399180694
328207317
53557710
79523817
567868246
46511882
2243670742
515197282
493851750
634868013
2198664373
1881778694
1676565602
69808211
2345122374
177546627
973870669
2178849427
301923655
920104904
16909049
1297617637
1571928198
20464191
478246680
275247396
816696414
50539213
16468758
342141600
65289126
15227791
128956175
47786101
317385247
325633686
602317143
391037985
104969057
215060612
42944217
2431379245
2458833393
120302970
188570652
124965133
438128416
214762415
1003343754
336851461
1567341092
22387178
2285733108
56021818
306040454
1001044566
21340622
1709023267
205915163
66569643
1172785100
120446294
2327627179
860176891
2282963677
230930518
2364493692
77018617
365767054
1549252262
228611692
543761086
2211614796
2218174051
408791027
34212917
37000209
90334660
1265447005
23918532
214618281
195936283
180505807
1476370728
352248875
2205020462
2344918564
2258829763
330636380
323649359
284712750
18393950
243751583
601414950
22987497
221923240
33142676
14381404
17602896
20259508
62557650
88587717
602620805
296653378
49279588
24340087
1480409245
809456898
26373380
68513903
16308609
22258247
578039820
78990798
615642415
57469079
28531006
573216936
416664987
112683758
90611745
207280924
1154543298
992880745
1103600822
536996706
1325678520
1546419583
50214850
1510941841
1421059218
703680859
171519577
1172024654
191272506
17095540
1198353212
315206381
583848807
28395428
568994170
41227413
111681699
18278403
1426444446
163944875
148858947
284570439
323493560
241382533
18805143
237554183
355145589
33475487
18152647
227142575
969572617
27446303
54247014
226636379
339503567
99103035
80734777
334777656
40085270
48594158
66702010
19650709
48434848
2717511
751725602
94257176
19168039
1465464120
444319535
237596959
919776896
17637598
1851498103
21158486
35350875
19078594
46751901
891794228
22562262
29946375
32954376
1589478769
541919813
17805551
1656491768
31768999
149040447
898444938
243138198
46637732
29342673
954041768
50038077
118134672
24353066
24933240
338592388
70707963
255186122
93036676
247046872
23438664
48248079
16350370
887405857
330444546
16186995
1662606235
1729863278
2177131093
2160715874
68051035
1932164018
1918594004
2161520365
2164708020
299418702
2147890094
574016637
2174271758
86024446
1291854156
1935821274
2170693338
14411624
354466747
502810264
14244254
29151815
20745274
19869149
143874022
112897540
34732474
36098847
63824234
1573825122
1530133561
71151452
123574362
14307869
34815980
381688396
1583726755
1193679074
24254832
849978578
86827159
139529558
21992832
56152246
154380771
259451305
475612901
33641840
1223401255
270127946
1877151438
16233708
452666336
1689032862
1661912132
92319165
234267541
1656360776
497225627
34118997
413019210
205399718
440405913
20560534
16891263
23222941
41583049
18434117
26035904
298218060
18192575
198952128
1689501565
190419396
399614110
918346674
123902408
16227893
33965088
820165350
789278935
270694584
1948055594
631451027
112585783
338578692
236552317
146909471
492017058
31219593
33045314
20798630
12369372
15918501
28223477
426156752
75952924
998513576
15441992
125124246
344855013
551286779
27738730
61566772
26574426
71050081
32421798
948309848
234943510
835685970
825361741
370472415
25599577
165184571
787816074
736989758
287417233
314226008
490445058
632157129
773714300
997735471
1241905632
739013040
1327362444
550525869
1360538425
1055751680
2166768494
1014497815
2153621527
300627056
1639930230
2176143236
17048177
1142168017
17454419
356339691
42299649
392240781
378355051
518186788
204883315
615318912
1266040784
880765176
574148270
1079898342
396954820
1314117085
584841794
1726444358
1236859364
358413525
45349496
38617147
334256867
1121102077
126057636
109215781
444757691
2172093560
1571781206
47220335
2173879382
591483684
2174829247
579783082
22822286
104967941
1662983688
252945409
359244630
16074321
2167312465
117466133
1105588405
626873038
309133814
25876124
314227225
20376245
2171379811
1141288904
445705768
348041466
2169423493
1163183306
1936955605
11389472
518661032
33453676
2172058206
367400094
1868361727
2170515284
1371887005
65693844
1707503677
947728224
589211247
121114362
388149626
995538836
611962580
1702570076
1508127950
1609518120
1958136392
1003017188
173359328
1183464337
188154974
588749928
618703735
345155005
1311779443
372518546
728494718
172601855
278367105
338076334
86360057
555492629
635786904
522560875
427479964
932955158
1267423412
1466126550
1680403944
967773421
41626272
624863204
20349464
88065238
238051878
883834830
845802072
174480567
249857313
525863260
304483633
296129492
204412730
20858995
1640524356
21791557
61390065
359459597
65249229
240242268
378873227
745061094
333551096
165934781
546478466
1611339324
855428192
215705912
358397677
716293350
83925747
2171402503
1957083776
2168225096
1455527738
2158504367
1966841245
292190719
170294599
15253409
19344809
15347003
82269727
29624954
61700306
19809703
21341428
26849739
40036286
811719788
764384364
31951313
1460844523
2166451603
1935793634
2168099118
27464631
1707307074
13168792
2165040147
35086125
384662481
50914822
182190668
1193831868
603172224
823509679
581341064
818906366
942956414
898149954
624164302
371324207
1222630206
1318472634
1265977363
1327812020
944748853
334670484
1257423258
1277241457
1174099190
714340968
2170303748
1920772585
519307589
486894975
1959073920
83486578
1700465178
440016253
2163423203
139150036
2170111382
204957057
539517270
1485193790
86105063
242673168
32520503
1478585012
18589691
100722235
447596461
1413211380
30914528
1977874826
416507431
37338332
79287832
52507949
30190695
73676730
195182412
16139516
15691971
304779492
186323446
142646372
195189356
18105224
35653865
1703292620
29919410
592512533
2168989874
177694821
789339812
27105918
781257841
2169147534
1924255694
16876749
2165607122
2168946570
2150270122
505305407
2163227247
2169481602
92443747
316387519
196410018
278089410
226711216
2166534049
224237224
41839512
1212861253
1358636672
1296135012
1724349156
708440254
113487636
120219745
247780410
33596934
439415703
27988487
1226015652
238022224
421054205
1677018151
1271477023
15082130
390991181
103288151
793656619
845148289
1226114984
990744956
2151875393
1660673388
1537386758
60050602
1197704694
111085636
1976675630
436807247
99846873
14361763
230776861
2161896973
2160475928
528903009
227574165
351230948
1959572684
16589368
1068925602
2162469511
434066850
516714858
280248124
2162982072
434553826
149104958
716330733
917341076
179453557
987137196
480470711
438697919
231774762
457481469
124223505
38558341
1924039891
143649755
1924930314
1544383688
39758655
1345008036
636104146
1854999290
1054200620
2153805247
1848989114
620739318
1850039929
1576050049
864381882
1003451887
153050806
312286027
28033858
43962525
1700210899
90388689
268473357
2157593700
1852590320
290191224
50713511
260834601
260899416
178474057
2158493712
1632949022
2157935893
1068132667
59705909
796374948
1247534228
16828371
308572529
1959444222
1717376748
1967458404
1616131321
1944056838
2158056660
2159027222
2155930625
537437306
213120905
22863428
86438695
21388519
94618617
16933157
450062935
9250572
81580928
292427263
438677400
18344063
13746992
231096608
386585131
255563133
139902801
857890819
398124506
982953456
1647884166
263788848
72031979
1297415029
1869032473
514850580
1659022712
1868711131
619408655
893572904
1604240828
1408280178
1601700307
603082894
706131180
1632628416
1875917641
272272177
626728771
1873949232
543834951
376402795
894345212
262067672
1978231832
1978502605
1219455846
767098820
345816325
141684996
1977131708
23160623
53006008
1605428418
345719205
32020454
1709279142
1734031405
1647835874
2156740105
71047424
1933283798
384666041
20485694
281212991
1084403898
23978260
1465311110
1387121443
355522409
1884275264
67363194
2157531758
366625965
26211090
2157591884
1731096835
865475209
1630905600
505375576
2156062099
1406997444
1888409413
1393811058
23770871
23274910
2157185598
1560542485
555548903
1648198104
131223025
1937879702
50341748
1972518588
1015498340
599693792
290228731
1137053426
256997427
873379171
500921695
38476064
184716542
146745790
1660440908
1542824390
88747617
22986283
971168598
1452194347
544390228
1103949072
99543658
1964212543
701730109
123997104
346749087
494153731
90127237
52478161
100071390
1151844145
405022806
381410033
537956965
17772358
2157102427
402297570
582130287
978703206
56455287
401618950
808187323
1970008784
1415805535
557150357
961631708
754732189
1895885485
802235010
24839500
926620369
1432982948
264046233
2149352995
21276942
449647796
2152695572
28685309
138846499
206384042
365632170
40853893
1775412164
1936469388
82903765
2151474096
2153158887
709705851
538899999
1447016240
2147491627
1327496186
473426277
1673620836
1947803113
1905721352
177670294
1231352977
597937661
102877398
460312380
488564753
527739821
469078380
107192308
561408085
438848506
564076686
521909663
614601353
231906295
625637917
621586096
704084304
733080474
774334128
33861695
620710305
867097129
1142972882
629748423
48776729
129863622
756002534
1134721148
1315865930
1362770689
1362808608
418013634
1421294580
1390647121
1484610230
1637872921
48586760
6313202
1969333928
31260344
18368802
1361775038
40792328
33622949
843821582
24319601
14780609
1634196109
23064727
1541031504
29225005
714740886
1301473278
82486714
90128519
1569695076
830184282
33535876
1956877506
29209980
406686239
1901517954
1955915359
606727845
327546694
1888691377
1888135386
40249344
1612661851
145431542
1180312633
38503972
713813175
22166603
28153991
20420327
319940095
27494804
23932146
72911480
67119891
333920228
173971954
313260890
76541787
24907140
30426885
166352177
24819610
253755099
41953011
292033236
329832273
153114461
24479295
29874079
551806390
1706204430
235129094
1408763804
1933935404
31077200
1840568570
1577177556
1228796527
32591999
1607665074
84506921
1939028293
1967778656
1656528578
437877425
1967928150
1576396417
1944234290
296065465
1108159483
1062027956
1493677290
359578755
765802154
15199747
1346460848
55055067
917472540
774088441
524993350
71801588
722575644
68000289
8266522
128587455
45730018
16319887
392927532
49718314
21540250
136752542
930692756
360861307
58950103
931901137
1730875795
522446880
1869671791
186483152
1222628131
54328640
994627099
1853125027
1852782986
112035158
1549281446
543974147
1021355335
1882103989
379054046
1284328754
35053807
383652282
378388220
833151127
33061134
1860167718
273971716
436382136
257259978
23555605
1398260119
913533326
548893122
450970420
848511818
20283678
604314665
24442101
724926745
425510501
1968040580
1968207126
720201213
516311809
17508096
1881813218
1960008348
82186215
380083050
1922444131
390860256
1962869240
1893563935
19996087
39705123
503786103
552185200
329856409
1637322727
369632234
1969176553
1969153782
113319604
1605687164
1969241611
617274306
360404227
1002315978
631690001
1928660647
1545078391
1593805772
911053807
1915330178
125434875
474018661
330933053
357031856
1130027893
239233506
945022220
1713333816
1967288846
1479909055
104039926
1302062738
343129373
1882598479
725018652
1724276683
1969724113
1939383091
260560359
122458272
1440262447
1920478464
376876438
1970568931
1886292500
1918214731
1929758616
1385769132
139041775
1519512506
234135501
1319500087
105005654
188752800
164244717
1671466849
1969310994
565855491
1426412814
1971947665
1972284949
1972284464
56825253
1961665634
1938357156
81758077
29332379
1973239344
345244128
890566819
1918779649
1407411962
1950762019
91130434
1535607457
233778544
1909060854
1958586841
1963660819
1607141820
18461918
190560984
1955474526
42970007
1957811803
1296772292
294341621
1570564862
66045258
147527318
400627948
1963612856
192701387
133503195
743082313
130794187
372512484
1586784109
1272830702
1134871022
128922976
1947959930
246612456
1596360145
1689086341
45225653
35983517
1972388821
614657892
561892878
29557309
619191966
1381883720
150917003
188613985
99881481
1331050436
1061806008
58062831
1110184626
904756147
1963539102
854203207
27484559
352907035
1973272849
1296993553
1576782546
23652364
57695461
418759773
64063558
435236931
229471188
1445197614
355598183
95469766
35658824
913033387
574064821
1973275369
1973349930
131622429
464264269
274305257
287472939
413291136
34945915
70788474
1973510558
1910930700
1973536843
372604595
1551751112
108417601
22311574
1902737203
1962354853
362972230
1141834766
1973482393
55293197
788385572
720064623
18745953
1297765855
865381
122842057
1912926686
22381430
591741664
191955670
35551733
18018384
437514649
1242901182
637321939
1318393675
1427764884
54301844
631104368
23771676
394763123
1487985596
148316126
868091214
1865940403
1884762858
565331313
1681877270
294356189
858104587
300005042
958466143
1543751330
1651288842
358946369
1893665574
833349258
361827992
1545476000
770756750
18273007
15697255
557163263
29001675
883346492
1139889403
1702836740
1909086786
1468298982
1516992679
928406292
1885102842
17181440
74500931
129959464
1559101248
272000257
1486397456
1682952378
323313119
57433269
33872724
379534136
1920875617
1518131808
315205557
1557534565
331896646
25378494
116153755
1624396489
35299965
1559213994
578286608
578272805
548610471
1095715021
1945410450
1452333571
1107494251
161791780
92475466
1456632200
1154108767
390302030
1610432766
20897273
579152795
1887774654
881956777
1906326218
26644019
79957154
1710962156
1567358940
26444336
1961053549
141682332
1938108271
1939719043
1968818088
40579678
109664499
1317254370
1912448557
365235596
887313564
1829289661
31943671
109944477
1287670974
445533048
1951580173
1969718268
283316602
1087082190
84895316
632180977
324978456
120854807
118273658
218809491
1514827135
28297197
160012007
1109938945
832360458
1214967600
1341617576
523321845
137480512
1542825068
1909503318
1971233870
745861807
321708877
477578748
67507588
229436808
1198982238
1901040198
67642993
1270769893
1914115794
417485805
1955372310
813896616
1401267818
36981880
22864700
1360663567
1925150868
1852877731
20166582
1972485492
1106972880
1972156116
20509466
607275195
1829433482
1530469586
188464129
1478758062
1858855686
1651606801
1968747350
1075264208
1972918909
1742279262
1109213629
103601867
302066950
118844778
195666950
416467430
14142162
1920210624
1618180206
1973421432
1958200682
1546744124
930136578
1311599204
1648870454
251419447
1963366328
271600004
220648195
289597524
80771885
326349439
407315084
381543509
134665857
416332325
15040059
22982579
1228869727
129140894
330457615
315883081
19343173
341902742
23501403
392581217
381179787
1636504908
272728754
19938201
45298075
67531276
125521410
540636894
20835150
147613138
81255321
188561011
332339803
1963185979
36624747
281673143
1126414334
49499135
76047335
1968255810
30033588
250321461
328357922
381109849
705415100
45087455
145836132
1972986295
283145114
228779054
1023506360
713667919
409004004
123985109
859149037
482910181
1954937478
123101799
30366239
198331281
1969472137
306597814
529530678
214183415
832482386
26040215
318043286
323357414
154665928
68357132
739475383
491156311
1001204270
462331917
127894100
143621806
1340095021
844234382
1120827481
1355122586
57353300
346618393
266175912
224826543
19743441
1368592723
1337165239
1376167344
973245289
45033775
994000357
1320400806
949512050
130067208
80082384
1445205042
523559852
189880267
1482006942
30026721
1161633420
1246449830
73433386
348520563
1278383688
1670083638
1869699218
571032090
337682980
1149753145
950424656
1421190770
877177819
34258958
1428641514
1434896359
193973702
1439569620
87370878
1433879545
634816159
19840646
1059476058
299413573
1246775640
1519878588
43777876
39283879
339240767
199961459
613167980
80971628
1253619805
609751445
1552962138
1549419936
42385134
1447515686
1535320746
224807164
250364606
1584241628
298910273
1553715397
1312894782
431364920
1338528860
1615945747
150778314
116250120
1623614184
587781139
799452757
462648264
364315527
1449477228
16703058
1352487948
387245608
789659875
1543817401
1670587658
311060504
381103073
74538695
315824166
118265990
289742798
1691073876
1713970399
253620628
1904344944
1906039844
117641589
1202320920
318458174
196063069
859978230
1920430682
208152997
69910480
1942548966
1936445310
1650827724
285086312
915335581
1896792055
24567115
19995995
29981922
20255162
21904217
200873980
262817047
30262006
343678193
14108658
16663515
1138593721
1954806894
1914952531
196531945
226689583
1007247212
405187126
705725447
486920993
836444690
28015123
36228939
1309859738
1351147561
1965367586
1832822012
1421375906
524633816
17242941
116309054
334926278
704102521
718076284
1496987046
589383879
743183856
1966816123
80143844
47390134
1516978052
802905720
416939260
1873902121
1676652408
753356832
711365394
1967868690
14517882
399048007
158194647
94486257
1927739700
119297012
127951862
535828584
188608232
716575204
1101384062
1467614232
29976631
928327274
998582544
538473361
68915701
631326890
1679721336
705235407
266806089
1894866324
1897956290
48393162
883287547
1640699790
1022950926
1451700092
261290189
119555855
974647032
1674393392
966062748
594144816
20172388
1676972539
261285928
1142654024
1966352378
1226288779
238833088
322266307
352037035
1195067838
56531718
1668885151
1831802942
378783977
342146448
157416588
1705820852
1480724527
1964088626
634987380
37721340
31452858
392145080
117846227
610282774
136034251
845618017
108834050
47150514
714795058
1970768334
835414152
350700990
1972681550
1436368224
160082470
21020836
269123555
91387226
402157271
256352055
1525288861
239733208
1957335152
308191533
102824312
8488582
1927929691
171963948
1947563042
1849637742
394423481
27681260
219569186
17791422
204898868
332966388
37599351
33109779
366154634
601825160
36686415
205437050
21358723
1629795475
69554907
24728959
583474380
518238461
22873811
993895130
1317342318
220231962
17874544
232437159
90461518
1327849225
591324485
1138780345
342926653
301402039
15290180
21843261
214625086
71199966
248882821
398092540
1208396124
1115127722
288591494
22963889
272096660
61959300
1004133498
175011634
22510935
25710389
21354645
22821871
34940130
15429719
49701689
20698142
14803953
65143443
19352135
30028083
20805720
52175920
19515165
522475315
524581127
326571111
31236655
35565353
272035913
561360056
71460997
1158362352
1228602918
174541928
247135476
72711577
1060475930
16063408
151771285
210994601
221624831
17663756
335706570
395833550
386313610
891265884
28701204
858574050
551349630
560218352
300521449
499676088
21163925
140802289
89582739
457121748
211587200
62201554
289456743
223358279
18779086
30686482
701324941
331309172
26713609
16786977
106411990
45195552
19013515
760733275
259160947
483513014
32119909
602292390
732031838
724154606
716335308
19691332
637337014
341165745
522608367
31497027
527301195
460353186
272453416
533589110
26349687
463337324
243217268
61391304
27419794
17898595
146996227
21596495
606911675
277276900
605805314
74582689
33645293
93703962
586283030
572552642
586805767
46683579
195476777
36824686
221883848
175390324
49796529
100579276
33600268
24717966
218247070
41054420
425513372
242728776
25620361
223516814
26565946
198770991
170286064
344183143
19329306
30317290
30501526
50374439
366133194
159379677
25838562
324298677
268074699
33995438
128483205
475182795
45584090
262377823
17354303
366986393
137494331
521836248
278550447
195814782
241747585
375492668
18948541
14817982
534491473
515680992
406312695
353224751
44366405
75974281
20221159
183310940
14824849
37788181
246481013
259379883
181792301
110275170
180297142
259458082
388515317
182101531
438604032
183414345
19946044
109132520
382903399
5053141
34822204
166319524
374507985
48153219
316916248
30173956
271163871
380928559
18917674
189152829
32493883
28887485
42463572
64118338
43469093
250428961
198260814
324502700
274658292
43265038
14986811
46317551
322399242
336230284
330458235
326218256
325224074
310002910
276284221
307748129
284897220
242914379
192886840
192901824
298931704
203049840
147600881
18675826
57647145
45156943
158463983
22589633
237637607
95128599
29473318
21256801
280422077
262927986
91348536
220447041
204405819
41739091
100425824
167989344
40936227
263834492
224641341
262450818
204237954
252339195
256372470
230601629
127693727
144592133
249382174
243510919
220524796
240064444
57918636
229549593
19514097
27060975
213319555
120663067
28395645
222751303
84784078
28906155
183485832
48455808
110477613
18004480
16666262
215734153
209038834
231884599
179767040
120705020
131288719
28162514
14636950
232652668
231865044
228584210
42494733
65683420
27039542
20443047
20441001
218368184
121525803
50124014
153047317
160310179
202182339
161162571
26248093
48919183
195107683
69190922
65184105
177282087
187337486
66389106
157534076
16138921
150638309
22586896
32855279
176634765
27942809
80675085
23504351
33845113
54316377
25207542
46483267
17676985
17606136
11642812
136793865
24562805
26897612
23767405
162502064
14716272
29732037
24471753
15382546
2055061
154541590
109941938
13290042
23547041
61061751
34498988
21870232
20379300
162916187
54028501
37764202
16887491
16827333
23172950
43442437
16037573
18208165
15069237
58377072
35666394
30902515
44163302
25520561
44650514
19202215
42554768
15476318
5605
18916019
18944505
2425151
19635942
20445121
23459642
15637477
41972372
651583
15214185
19935026
15205829
14512509
12088082
9567972
23399646
14145216
20415193
27490632
17037921
17114727
22677790
33392464
35280404
35620915
34618716
25755410
14941613
30343740
20350591
38196664
40529096
14935469
41469351
17593694
26868702
19223156
17602585
38897170
36201705
39123845
20948801
23678377
40528081
38630171
32634872
25677225
40132979
15193573
34233969
32457972
34203977
813286
37483141
16122917
23634960
22491791
14982315
39216288
18714833
21721270
24136117
25528113
20260707
22514034
20576093
17398030
22739723
31654662
20699239
30356035
19418465
17968591
15844248
20547751
16484230
18069748
19910041
19613074
18799793
16241878
18504255
19421164
16831720
18909034
16435969
16425868
16828137
18909063
17958918
22329416
14472074
14307392
22499833
22818585
18576552
24614404
30711042
21552748
21734083
16329752
23884306
18143410
17349011
12686612
24075003
22940219
21073593
31358228
21176424
24091759
37370221
18699572
37689102
37295375
38945018
38930297
37370391
37516891
37517408
25774552
34971500
12044602
37774152
18887740
20466215
36412963
19789294
24608680
24019308
29797128
36082429
19249062
29840295
24523660
20978103
24447643
19571299
23680913
14761795
27751211
18101713
27710376
27457788
19418459
22143745
23006794
18091904
18911665
19248106
25038085
6385432
32309662
16818600
18228898
21257006
26885308
14049880
18812795
28123862
16303106
25365536
21705616
21774892
26784273
27115071
22461427
17853760
18907022
14523801
18764841
19404587
9534522
21499292
23922282
15666380
16941646
14506253
20460235
16343608
14839646
14681605
19877186
19029137
15901190
14994465
20245775
14740219
18222378
21879024
20536157
11347122
19554706
18396070
17173775
20333461
15234546
20067354
657863
19058681
13
6211972
18863815
10350
15485441
586
14749383
7861312
16409683
5391882
16381279
7040932
7400702
14224719
1468401
7860742
4119741
291
2182641
5688592
783214
5248441
780457
28392249
22592124
14716041
27813206
26303192
34196746
28626014
16392556
17478755
27617281
34052615
32789721
24059147
29587625
20563454
33744771
25960119
19379631
22709343
28872461
20389762
14788141
27165002
23208405
10863792
14203979
18306622
12555122
17736094
24811391
29080018
1183041
14304846
33072842
35560084
17759013
21003512
15450891
35677536
29348385
34506583
26442770
27953114
22036799
25848004
20227963
18994887
21472651
18707865
23383231
20032013
22638537
19849245
22574349
22926937
31602791
23199688
30415348
33605301
15025662
36772529
20768027
15074987
14993126
15272251
6111192
27231513
13414882
22858906
19079649
15173128
29813282
33246411
18279996
24880968
15042020
32496077
36077839
35942846
9365282
35953985
977541
31260964
27647995
35034881
23890895
26641833
19342937
779578
20605190
30405202
27034968
24847846
20262685
29343758
35029749
31525387
18837494
20923839
34699289
26591399
18653141
25522872
19306084
34173162
