44438256
35773039
49413866
14677919
1542533869
37710752
13787352
146569971
15134240
958046214
285828868
519697310
19725644
19658826
298029693
285165232
260741931
87715935
852039852
177502839
122777822
148117155
20457806
35961145
256182836
1260044826
119262558
2474345197
3016241603
2498784942
3300817430
16029156
41599396
18667519
26616462
381326641
3286893419
47726194
191479655
606627012
213429445
291692849
3060563407
3146206777
225479028
2881242614
9633802
61018481
10795912
35306978
65647594
37732219
46145761
16245822
8940342
1435461
14085070
65134016
813286
264138087
25140707
356986434
472272881
3110777490
15154811
223529798
2547700101
61008134
3032922111
2769132499
1362639276
634348587
1097934120
243382141
23696276
34299110
2951101482
2480110710
185631499
2302540098
487833518
15862891
32372834
13298072
11348282
50393960
44196397
17997789
3108351
23818581
35057384
972651
57549474
143933917
5988062
14293310
16581604
26257166
3153592887
91478624
15224867
428333
624413
30313925
1367531
19407053
300392950
807095
