32323804
141278591
246481013
28562317
28683184
3131063951
131102007
66339576
32688098
312230865
237634998
149760844
27022925
1133001139
373102216
310463188
332611996
15227791
248917209
125481462
133093395
27457788
71876190
12044602
183310940
48410093
133880286
24807616
66561957
436292177
23544596
443215941
57084769
500042487
28644174
142157505
20196258
116260753
43289545
107556834
233930436
233614681
1891280354
404916846
50374439
19058681
21718006
306025835
259379883
139162440
20978103
30364057
386189099
21506437
15693493
21586418
1133134728
6446742
525821517
203083495
2385749072
347899465
2655830472
476199422
221972435
4115728453
3374784934
1133163188
2449812031
3176234828
3834551712
3959740032
72426152
3402935435
3939294374
3950481494
3440693962
2887936315
14677919
1783280058
44409004
1251417968
1446460165
96013710
825934369
2778537414
370699216
395149823
1078287655
1121163822
1599171037
3377482181
3196081712
3058635702
79498956
3756848603
2454437743
551149727
227626917
73593143
3274037329
3341269995
3305116975
3625786935
3625746915
2215600430
3647015302
3125030105
337502808
318877787
124818259
390860562
257799442
278778939
184647530
629097517
355743494
43042353
355741893
77888423
487736815
352145373
55117855
3152989587
3291469007
2957615747
3243595859
631241090
37188510
1452900042
1545325728
35245596
354618625
25271858
4080671295
19248106
19084864
602017969
22179997
29840295
101928415
608103160
273116282
1143315079
31329564
162983309
36231315
142483842
157899830
243217268
47483086
16089776
35133435
47864356
20833944
20824583
3084356841
1259359316
173819186
1240265934
223582639
431033677
27042513
6427882
57097104
329746058
1198406491
70759434
3254439650
113488147
1953744277
3005989486
136544334
87006630
3149984872
3083558630
16409683
28706024
35094637
27271615
30630104
17692330
38127255
27673684
117778179
185487499
20567939
40908929
17915334
35787166
532884988
31239408
16910406
26946348
39204454
39635217
73218364
29663668
16157577
20299862
20876957
20518710
24719760
21278412
19575977
1071622562
145499533
171682730
214791922
141052723
308716304
205915163
251716551
26570717
280582344
575492930
256551680
172118221
398440169
2218698223
327444664
322013575
22048857
184865684
18582837
71183791
19303168
18995070
16073159
41889880
16581795
3326851572
3119228606
287074157
522537060
429276975
3214214153
16589206
905240773
2445809510
913859954
18464353
3284705736
3857474593
3184760182
2412406063
463308992
3288894569
3945651855
110445334
16031927
17454769
23970102
3589978095
17629860
72568426
44084633
109702885
326359913
32453930
2359926157
66369181
14159148
1419532088
34036028
11348282
14920785
17137971
26053643
15521972
27778893
39344374
15920055
90420314
14148802
21324258
84623395
19426551
14173315
135678842
25365536
32959253
8161232
16331010
30973
26257166
34968878
17919972
15846407
1344951
9616062
7517222
158414847
23613479
19725644
26565946
136361303
8839632
23089557
17200375
93957809
6017542
23617610
15492359
19923144
20012204
37837907
157140968
16331259
5392522
23083404
9601512
17929027
1367531
14511951
14230524
92367751
44196397
3108351
19777398
95023423
28785486
336116660
1180379185
34507480
85603854
2813604714
5988062
14824849
17546141
268414482
35936474
2557521
25589776
7744592
972651
10228272
2467791
15224867
9233092
742143
23151437
33750798
816653
20322929
19397785
27989078
23561980
65691824
23375688
91478624
16190898
19028953
16136867
14576841
18220175
27260086
17844280
27745484
28457505
1536791610
79293791
14293310
807095
338660808
27195114
25073877
2916305152
169686021
15535860
18247597
15485441
428333
713143
25521487
116362700
1330457336
21447363
759251
50393960
236699098
19532345
813286
97201829
20179628
5741722
351001143
18840445
129051309
1707494708
41509378
62581962
18393773
62513246
83266010
17057271
15458694
9624742
1450802508
132291445
115485051
5225991
114294419
39653836
30313925
18055737
19790184
14075928
22042407
37971731
407912092
76348185
11178902
79797834
1440641
1659403898
68767026
117662694
820674420
16303106
15057943
