79293791
14677919
14062180
16664681
2394806707
15224867
5392522
139823781
124003770
5741722
13850422
14173315
216776631
1093090866
757303975
29442313
1536791610
1330457336
89503894
30364057
2314076370
28706024
15458694
33276161
70436289
68330395
16303106
21982720
53159373
40260612
80944550
764347046
246837516
71099570
43651920
3308352436
55117855
18312897
59293302
21692297
26574283
970207298
3865889001
16129920
2836421
48802204
205864193
22642788
1339835893
73238146
76027332
14377605
16935292
30647780
6507762
15846407
15485441
18948541
19697415
6017542
807095
18247062
14293310
62581962
14230524
25334900
1381211
2829635030
30313925
222953824
68767026
813286
426802833
22940219
9624742
14511951
1652541
51241574
3108351
428333
759251
21447363
