14848513
15450996
15461733
18164420
104201057
24919888
14647570
23962323
16245822
23116280
19722699
20608701
34960648
28543386
1011382717
17248121
23638544
317187060
132655244
22029553
119521385
252233089
19344825
71019945
29221344
19940791
15862891
713003123
2734713482
353701419
418597196
378171907
280716675
237825207
194347664
203162990
200163448
191750596
180200031
172760156
158865339
129051309
108140192
107172099
105358412
68462484
67418441
63296944
61270808
54377889
52758395
52146755
46751590
46319532
43192807
41337901
41655821
43166813
37971731
36947388
35749264
34676063
33602654
31812497
30834721
28521141
28205375
27585991
26853548
26309215
25052589
25066853
25341996
26012202
24129206
23937508
23579344
23560015
23490139
23462787
22971980
21870570
21904217
22022795
22127667
22126167
22411875
22711711
21024997
21109173
21210275
21850078
20802277
20782128
20236725
20727819
20577168
20255162
20002184
18735898
18774477
19038849
19100811
19181276
19662223
18691824
18667907
18194898
18665800
18646280
17918891
17875811
17842366
16619832
16655930
16029857
15987295
15661871
15238124
15291335
15633759
14944532
14807898
14840869
14454247
14497313
14584903
14604658
14424398
14376953
14362241
8683242
9655032
11512342
13176312
14216283
14112296
8295072
7914552
8236062
5971922
5876652
2729061
1239671
3194868788
345418783
592628214
4084156168
2337018845
4201591905
569376284
3913335076
490988052
332042470
161756723
1694133624
3284044908
4217227093
614035583
61576741
3403014754
4167678208
2519098929
4132496713
944022656
4207024633
3145460888
564595075
280232453
2929135816
4107322852
4113015020
2367177492
909092756
2482358756
4104247035
234685047
448931072
4088009774
2872661847
3016756833
2498043576
2864632359
838538280
2543902960
4084020683
4213811540
923756227
3420743164
155301584
4213082954
2910783653
2808615611
3275646787
2253300745
3184322682
3251621937
438419068
371165076
14395912
1911363446
4258025472
3305924423
3483501199
487462530
414652841
2421794318
346763751
613383870
2769194550
234592899
3865619060
15847523
3410110871
33323849
150757591
249096055
2744902664
17803524
1100774858
51569396
273922155
350482749
1660942250
3241369799
16671869
109804488
282516503
63642251
167076846
226295119
2394576417
3989679435
2296501682
2835987430
911204198
3267434442
8289162
3881589305
2928489822
458793413
2774888575
3167284625
53735764
236526491
1653990368
1652541
14700316
34554134
2329066872
16076032
16589206
3923292021
43654274
2916305152
