201295531
127613373
119159695
1227920058
91195372
98955572
166042524
6753242
89183429
33645850
12221852
18730634
15676492
43430484
10850192
308226281
66403013
75016467
66395780
14219877
66408053
48497136
22747624
268363284
384750535
14278978
6635012
184997446
38727113
162887009
13951382
19785738
14059694
263924226
145104379
320215351
19120191
396258078
149922913
190426393
151060182
321950484
35391464
260491864
30344445
29281193
11859822
2405240877
276189285
35147909
2994894341
29107434
255330628
32378913
190074321
18704092
50184013
101333534
18080569
29844055
46669403
67535202
41055396
24382752
234552226
2203327729
22736017
36141681
75449249
15358329
3813478935
45900567
18745729
256672816
75343843
18653699
27989078
23561980
15293352
34430522
158014897
21910850
18064372
14791251
101928415
386244525
14790899
23613479
20567939
50811932
16812787
216444984
25100180
19028953
17074714
181960982
34738598
33995409
43139414
23617610
30973
157140968
95023423
14920785
16302242
16125042
42384760
17915334
19923144
1059194370
171163790
42562446
19362299
17461978
35936474
53853197
236699098
169686021
32959253
115485051
20322929
19426551
23083404
25521487
26257166
2459371
18839785
27260086
2557521
87174678
300392950
54829997
22611082
597301440
75854417
560641368
213278292
19895282
10228272
382267114
155659213
142722336
150429478
51376979
16096416
30364057
14575107
1021419306
16929349
78714922
25365536
102382667
33801019
140863478
2177710981
1879831
2469605695
183230911
947192262
317034396
1652526218
950165300
366947884
188006067
67358777
68497896
102594253
57879889
118024094
2827826105
31080039
50393960
65659343
41259253
273093951
23482357
612662672
24807616
198830228
29330577
90774609
24668720
23464695
24047612
22548403
22440364
14677919
27772095
166739404
14425825
15460081
25970331
22592948
71309250
34395888
37008705
50037051
45266183
81216996
14230524
18647765
24529179
19148708
30704824
82726142
24580902
399094534
34640565
123417458
18392906
23156823
122530604
40080940
225190303
36704352
104288093
104249727
105596902
15632759
268414482
56783491
34507480
23375688
2813202073
27844479
21111883
60054156
274040176
14173315
17919972
19212009
73359920
87818409
2467791
16273831
51241574
6017542
1652541
221392767
14293310
14222518
20565876
69615397
5402612
742143
68399194
428333
250911289
3108351
759251
78021221
32469566
19074134
807095
85772748
72568426
20545055
44084633
14934818
264153788
14791162
20177423
64643056
15933910
25326324
21401466
17475575
19923638
89084561
3329528134
17137891
17448575
398942686
50747187
17801805
19464428
96206175
216822045
16492352
16262391
3308627770
7518252
28337697
9015512
3236167844
625724282
3910825759
2154182868
3307001145
41008711
594197204
1534437595
584691166
34649993
42791585
426903572
2367775342
3070382425
3016057843
1080128244
3844559422
1357944991
14511951
44409004
21447363
135421739
117778179
26565946
116362700
16409683
27195114
158414847
79293791
28412286
16303106
26053643
19397785
20609518
15485441
66306024
195703895
84554399
115341081
107318424
783214
94163409
76294950
31348594
56913467
113419517
19784831
68399705
348379865
66334209
70903729
35927341
108936259
468583731
30313925
813286
92726549
36728196
16225240
113278275
39275966
57998991
56631494
32002507
87170183
153474021
97865628
101695592
31869934
18681139
57928790
487118986
24886025
59157393
19546942
20108560
20196258
16581604
59624844
19927627
85603854
262359713
326359913
23151437
178111058
88856792
60865434
109702885
621523
316577087
1434251
47459700
25589776
243381107
16312576
15279429
145125358
21323268
62513246
158487331
86613184
48410093
132385468
136361303
90420314
19407053
20402945
101311381
16193578
76256268
79708561
15846407
