68369430
14677919
573918122
64498695
957576104
1494655406
3367245887
1571984054
18682917
19606528
7717612
4084204529
28564362
43004684
3499313176
25922185
432962544
950059220
2938954268
2462753135
1437964777
1670242340
3019095014
14186541
2359587350
66290485
118966690
14264854
2979152277
2873728510
3033021021
2438878250
1965284569
10316782
413535814
35664799
22640681
24785398
21731168
138072063
2896348734
2658569068
16550480
134558835
93618872
34732474
338846193
246145420
8723442
198922002
16074627
3035256018
141211341
602269749
1710801594
14506257
470427907
39830568
599529165
1511662045
2958003849
3029931971
2676325122
18116791
81838067
17601203
1925629345
1100685738
2188692920
6359662
13837292
87711816
226520237
304876789
294046348
294028805
27814665
14279577
24775410
110171914
365735434
934378472
1488472926
41814105
619275688
2392670809
104418444
35015249
19066969
1650682268
212227928
325439798
25724493
554648712
829301623
21440383
195324770
1946940002
233253684
109269283
53555760
2811595574
527334899
2177917772
582796311
80917789
1703914453
1914423091
32896052
2918672812
42980426
135700678
454064867
68783970
18802261
21346365
45421005
904135891
85469815
1705045940
1908682824
57565627
622043414
18579233
93463527
1490688626
127512578
2344082576
181339035
621035944
153770747
579665879
211891109
49568059
98015030
17279778
75276662
19678610
275020671
12369372
5660312
81249071
2951214235
14199104
69632853
2681811
19878175
28397301
124318612
246734396
43091388
1962149498
17972106
16407746
139960419
14641156
197520471
2841786298
17766455
2577091653
1545333888
17673635
17463660
21110060
1095532922
437798374
15815704
17083396
101002059
106816853
232162645
2647260626
10816812
174364469
362246600
1023769207
146223067
243378120
151969930
20495181
136879221
58999639
56392389
162427574
157981564
1947344972
2585279894
175397167
224291642
1645133150
2771410381
2515937233
15248724
2841189389
414186403
65045121
14700117
169426475
17903666
2190450193
432965246
425782599
575300641
2684453533
21310674
52789659
1175665195
17219108
16649607
46854930
21823991
2382264396
2393189015
893233506
1428013496
65360003
30238800
596893898
847335714
20642645
633287684
479735858
1690317852
254076495
554993788
469643942
1538521860
858414625
21397917
1965876354
1362694608
1150721036
347576245
143656333
377546511
272019676
18650093
18270066
60407498
2249261922
271004511
432557320
22151193
1733808468
171975660
15778911
16801671
314351633
115670062
17539739
23532275
359987390
1496806196
119157934
127881681
18339244
583333370
2447653945
572093877
48343725
2382975985
322678561
2795455473
587263534
23325965
121171958
473863406
214858932
2179019257
88266825
145637907
2858968373
96019689
2815080820
2263739701
1855666693
135251922
606598227
2368832984
16621884
245481529
59319693
2351290640
883123357
58159579
2360216354
1688498094
761406187
46240094
14466526
2291097762
51444235
2458576369
2362455134
2186942732
2291394000
835822544
2234030116
2437317678
2463596666
2782376905
2482335007
2480137788
2438722080
414340636
2303234712
2310378618
2310656436
2352736488
1198575775
71231243
43947333
759953005
501864091
930153919
482618190
24744541
8350912
2720903060
2362927494
2149759501
1447161247
2416510730
418534771
260744475
495295136
177227809
1448655763
2301191190
747842161
2308181264
26081378
45032143
203332110
240365217
14774443
125698486
1774081
2289107702
465889766
29143473
191021138
17835653
265023700
17990173
140579435
492475546
10998812
1355981534
1171592096
2350189292
59008867
103724470
396508211
327069791
318103994
90714384
80681524
124516432
2242133174
63114177
42907543
972833660
2281179718
277632751
19995471
1885909896
161339749
405009811
564707615
85028508
174202458
246957337
54001655
54993254
1582853809
35151461
71728161
227425919
893945714
2215500614
116860682
905960539
445744745
15784302
469268502
211505302
55338739
257183221
91048005
240352121
2182773157
20232892
2354709926
1971353124
856489003
966680671
16955991
335280494
148311589
81158498
393834799
24142010
14481900
14501065
107238136
529916985
546796310
16280566
38675408
18219142
1238851296
100507999
1225944542
165177037
322833445
612075749
17451055
421047623
31165845
1528403762
23481881
34682633
259619814
1328077424
111982241
16201819
26182313
1916363274
234214005
236845613
460878644
111092283
186520006
6446772
45018198
190116217
470740219
32211808
15689096
20571531
61542667
15925179
51885045
114852303
17801805
17371061
17611759
53847081
64754919
1878858554
45456295
318509582
237855581
2303822426
33934258
69478418
7593742
21286806
129314372
621523
14511951
15110357
22263651
25053299
315662571
20562637
16896485
2735591
278691695
19407053
110541296
56810507
38734554
153149305
22411342
85606078
59845307
14587949
2569261
1448355728
14075928
63287482
66116304
69181624
75010564
333050777
770626915
1571270053
1866312924
4898091
32359921
224255706
14755492
14361155
34713362
14293310
428333
3108351
759251
80719633
91478624
296881702
7254802
18571832
145316698
51137224
18213483
321880260
32420989
14095052
14700316
16153562
11695472
16834046
23519852
48001143
374672240
26538229
83466368
25098482
27860681
25390350
55895330
1658665848
139905465
246459126
906841476
409398980
402696649
2174470418
39963353
79188223
89732551
205203605
133863081
83227053
73857275
16568741
1653246264
62958239
1241780816
281647213
1527991524
115077535
500025146
1908026533
342903631
1505375772
1480150045
290791296
24883825
36293918
908645388
552299133
91786862
76122129
15396298
1145404110
1218747498
407101191
263742064
15113820
99693484
40137394
117579332
2317821764
41453909
15825852
1551442651
451373714
1498267308
17077260
263114264
1554010105
268768535
215679913
1367989934
141005090
24989300
54719517
39303992
50393960
161801527
17899109
17627061
17044207
14677117
40932856
19645791
1106456918
978426145
23331132
943256221
485316502
113008098
785129245
1022301295
150903442
1711644925
1618071325
1405007671
197704154
996858360
1410922140
1015205774
1251243168
250414002
88902089
24034542
119379742
27736001
27057526
847387681
459680502
83637812
232165638
762504444
15517327
318887578
40227205
15398764
38541136
102700680
180725066
468148913
134758540
36397770
16050296
1582881558
1058162264
14347014
19387828
20612325
16545933
1531749804
15503901
280315897
277805746
130575807
16818490
595263145
356315808
23586057
90197231
116065770
32857553
69535060
618522606
20397264
243242208
852766268
1139116981
246493690
1552482564
6310112
737544816
574116378
518862343
18203844
46670901
24374097
16181894
1083599588
468395313
46003622
1382239068
14537303
279279087
770217042
1711747249
389635136
68770815
18733002
105136547
322795895
22090282
522131849
49026843
1633008624
40113236
16536358
253819508
858172536
864001974
379765354
16113056
207870001
1145814049
17929724
889074349
106996167
47740130
18188482
467053778
799154143
5676952
78404296
91965885
315002750
366721494
407661136
43964334
1535343528
15008183
15892400
317800811
41044925
456
111997462
577415947
1621562684
1357989691
384593425
14402248
217079025
36683668
388641078
33478710
56596218
15467058
36086275
29087379
31406173
146122308
262194465
258012538
72930510
24571568
119590274
46402314
30027037
214271446
293659365
69277787
65842394
872439752
29044240
242460409
232234873
17400431
587688350
351658832
611864585
62614001
89463911
1426182990
199868413
153929488
23814977
89240435
1650628958
106038492
91942071
37666708
300502396
41619175
159152235
228865101
260424226
18421590
1015488193
16683666
16474781
1065323870
910937514
751945350
16219226
84098433
353655474
212252495
946506630
33325756
15915618
466896251
714320724
1077135618
195719276
21213658
201806983
84659505
92507225
7951782
156290470
26130281
41036222
14200377
1379983274
95512962
1583307878
136254201
69532675
323438827
546939224
133278053
149246948
89528334
595098698
156308342
262286384
1459788025
78664222
285146719
258830741
201921741
210215597
1514304318
475308891
125241654
81312965
18885069
1551519379
474260062
112508240
22025982
34323672
17807843
447491033
1573039195
115099953
20464545
17546328
12405802
116527206
21826868
14542763
181151375
124277912
148715731
14784262
35335912
86802827
1344369624
355058023
242585830
116108369
21688912
67398784
205734960
23511191
404833519
1228472234
36379785
21772531
163535738
324342636
1553406847
1707466526
19457038
59095319
138075253
19713521
605025484
22634164
18221245
18089543
45835180
138555904
831470472
71066656
230667760
47700208
480081061
75689007
835185451
386632487
45842327
873282236
189103592
471132555
783214
520470944
462982462
43072869
14321468
1170185498
743262187
284887231
175296167
507190142
265947812
16343974
146528499
225038441
284487337
1185928453
69231187
1005922040
1112606420
21527544
326759626
316434204
34694724
176528115
15222757
1093431584
126132963
24356458
560787815
1545924685
991799581
335742537
14570089
89012612
1564952952
1570650266
22839036
21278570
9147742
277602640
265213178
115932525
9405862
41669202
140487292
82632300
3568351
15418064
12199152
1435691
10819662
18478410
14388669
14738804
1109259366
21697102
166495820
64941080
1457354684
198584321
128653544
26098849
72251938
23197565
16927010
390392465
1528890890
212110019
39547213
82722595
298180354
190661565
293494101
1446953138
962515730
897118376
1205230452
594604914
845726028
1379986327
58837793
47508381
38232278
143478700
15554641
83922990
38621714
252693982
106471365
252531143
343537608
202227797
476209692
184737487
192992355
19066577
707359352
22256515
112443324
6655422
250884927
26286212
1148205248
71389811
267357392
86708046
264110933
106428719
268677145
71486265
368891760
38833810
65294411
19313840
24513030
75036802
46207622
160934850
23789416
185183285
22639961
205273714
494314765
115644620
156985004
365522977
930557707
74426272
229947899
42954206
259725229
161413192
556993449
110989318
26039793
28482770
116804572
26721507
15649433
15739622
502731244
76971056
486121797
72605151
61592630
218132338
127873278
278901587
165967038
90887234
327324832
150644454
419674293
15597704
634787603
800171736
623112699
349119440
170327617
764445600
61745138
15866332
527090452
224645453
485059363
14974630
820674420
3441621
297224530
231881736
510018533
28832864
289478642
127917174
76070294
107968051
20569829
161555087
234796740
403116733
489165179
898214682
567428532
45090598
330364873
121116556
201675495
136965112
155946019
44373112
37770654
106249397
35990916
392025851
296450857
257669291
59790468
90488105
19362628
253693387
23631339
2936811
768147804
29944403
15281391
79235322
33177842
378533843
75090873
18822966
750109567
169674025
464794221
16095565
21778021
70702344
17044695
84397346
834055856
158931242
68182545
291855478
29100243
48094411
218085555
222164379
286649628
33556614
128933807
442658312
24198971
27711852
18911670
116881315
776843941
102492784
87728073
15035484
561505982
155958876
21462442
133344359
62746445
392487944
185113040
571777854
19265900
123145383
357941136
64234931
19110632
29416799
20729031
22547428
38417249
52923371
202489748
109618287
142967130
106541720
8161232
16211434
14237001
83486801
14321959
48935222
76586222
67324189
264098313
16924749
8622162
35067421
332576295
19223152
37730373
25638375
15831561
26048168
42459737
14496843
30204826
17773018
23959776
21840639
15742000
15724470
27212745
31014389
79740296
26579030
375256181
419691198
421344743
433347149
50882754
5120691
283049761
22907920
17413657
106230702
19615909
17639058
13473242
32213544
125351426
95071372
52294250
14797114
14048901
115770405
78872500
142151585
161027494
48201701
162996821
389544646
25337008
17664225
629360138
15318717
567139091
15932734
45606573
288944316
21187896
18257882
18329932
68357554
15259356
492432015
104608932
17068373
36102165
257121420
69334621
196118667
26528044
381612546
18736858
65351759
274794251
16393963
15371220
17929826
284044115
128246602
39511166
38146999
510383505
7099112
193971002
30801269
45160830
44031134
14159148
49566762
420636280
41378450
596980260
119364734
372400137
76317681
290031591
70479412
341385629
17400407
516720062
19360500
197777708
318429342
81426378
535261464
387867539
465800692
127448134
113593801
86961487
385867551
237870907
565619750
36377385
209989675
115057095
468682419
417866562
481978487
18003000
14328066
21876287
18318098
76726652
128850477
29146855
309685625
47670111
262830837
255809304
191818729
89390495
95996452
117365012
266652760
587035512
449685935
32462077
84587463
85381511
163371984
24623636
30991833
24274948
15156219
31181674
239791743
24071532
15544780
101761788
76136458
39244936
191908496
35371291
64987887
29075733
15251545
23066354
23970443
532338462
108801441
23096405
250952881
1930311
86634355
223855650
40955715
17542441
52085990
327899868
41433925
47371786
19010235
157698975
53731104
18856867
22728255
18639734
89504130
86873257
257054916
188899010
75761168
160261422
807095
19195914
16112517
28492149
15248833
309136959
139750463
16528347
167405418
370776976
138413876
18195953
350833122
133383348
19723703
17394126
77026018
34871904
26509105
108668665
31526381
18576042
23500618
41844292
23949032
18213541
20094734
71025426
16998220
14818045
127989448
14773291
16248319
427323266
519024888
132777560
36383098
167530717
29191439
383781101
502841759
140118545
22059787
323829862
15647353
132588518
59051805
183062443
323165948
148508573
121887978
96784944
24207932
83862128
142654043
125655144
40843446
14955908
360995306
14647570
972651
72829362
518109528
18877612
23369246
173852182
63681138
15280868
270599793
93801940
14111109
51298578
23106077
30837289
91071256
71580648
92927151
245747369
270393867
389393947
133429023
190197815
72119698
147327472
19608297
292896389
90378691
86517221
407645870
242481026
356090153
26819040
225899190
202595945
14632998
15578710
87934735
319726370
237836050
160534735
26066806
15811314
50296254
17470027
17050705
16245601
205285038
184875909
48974182
72943847
194729972
47303264
36100646
14076231
20555201
231743823
9184972
69493393
62415339
198919393
94368529
166812651
37673076
259252600
24112785
218427689
31236460
515302105
369412936
132552920
480341885
36675205
118837674
204056690
166201985
30268257
393824424
94053532
31121708
169983341
15947532
81182115
35135563
44916025
312649201
50747375
20844206
60370145
151493155
15071830
14224719
59687299
14068319
20977851
444317643
23462191
109887215
44682276
276604788
109570285
180106886
23840688
515506735
22756947
71355752
26667854
237718016
15871911
47382678
230890952
14133970
30313925
259403099
24828297
15846938
333363797
37654490
13058232
19734025
35275095
5796972
362542033
32588641
7350962
31824920
439353641
497327464
128305388
29544658
390250073
45931163
25803703
143740022
19578572
66242749
122486098
251565505
242796587
72831048
17055057
16051035
106755395
321031904
284994807
61197041
147981824
742143
3103641
145191377
408402070
424821032
15319636
19868105
19689682
109263049
228003304
179717037
32201563
17528970
38843284
83714953
415755526
2166681
35399535
14370358
96047040
67321110
212811159
177569667
73212146
76028609
78429986
64672345
4970411
74190700
290040749
94613563
24383496
7040932
68668098
15859268
14474586
28882710
19982260
21744554
15947602
17544173
15096075
15284345
95499719
27428490
91094646
258749393
15942116
11168912
95936935
7400702
303981958
87932241
466670950
394614210
179472398
55634450
321934144
151313080
39048139
15134782
15493092
106093661
229220206
10371312
42712551
29763145
18946181
39900006
114742007
75509658
231204967
474418375
19799746
105305259
54159997
64675261
813286
131196856
21812410
17365848
390074840
46601873
21323268
35459922
193150337
9624742
177380358
18179467
18202087
7885972
18667907
59236263
237809177
82898546
772471
297317600
52672768
17219499
14828558
125644689
69009086
21502432
5392522
14800270
36843988
47897905
15762258
21975870
44340606
34554134
17471979
15066760
19448539
358442989
394084993
104768437
109080285
373502006
177633166
15907720
16145224
14353392
15310061
14337915
18363030
199708944
5988062
162165933
167175785
405107279
244321314
23084207
79063556
58866657
42229452
65606060
219683830
49361482
354935770
395420750
22489804
19744462
281669244
14625398
16754078
22053725
12480582
38157321
38388884
14831457
24688789
375541407
52788040
97612232
330653336
34570378
69729899
135096119
321622037
46182188
26844398
95086920
196664031
18089136
158851944
23183385
134125791
312892902
273860117
229156977
396192191
110885561
68953679
16694416
20958702
18773292
123288848
15405328
42662983
396350078
187431470
211588507
107713397
317974496
357452799
384888830
400036759
293025710
342805766
176118637
42526098
356090530
56868669
113178494
202216319
133943422
219281551
20579020
23097125
216023690
15869368
216729086
309582226
19108742
68988169
274198050
268783965
238241865
38839202
24205551
227325752
18160259
20596281
23448735
94082268
17620572
72888855
25451651
26409238
178144499
152574786
64211753
15763343
79453516
14521909
17659037
20492167
113109152
15677724
8952342
47723969
75016581
154511430
59861019
104790744
9849622
20845605
91530002
128233935
196101834
109609019
201882391
14681775
16468541
19859327
89478821
5502892
16318304
7782962
11909662
25535493
16782761
18957918
11088702
20020378
55506727
104577478
219347991
130036831
23335194
248787808
144955474
23324647
89509557
14049604
30218484
8461582
58910389
16980688
183165398
21792827
31631151
15439417
22627128
6700382
15709460
41401553
20591242
56316655
15843117
61758515
39491518
797771
15152616
17051065
70129275
15617808
26245467
6829392
14577866
67646770
3547921
120057182
15687721
10933072
21842532
24888201
16180641
64230365
17405053
24275378
17845606
768626
19534183
2365671
15012594
17288381
15679008
15016547
130851431
987901
172894272
39991397
13483152
14835511
22540986
39563331
861381
95504277
14173011
15862995
13141882
14726761
134118047
121719253
23107822
18560202
135770563
23042876
16217727
15342183
19021285
20808463
12538372
20362478
368378766
25807680
17689636
26435084
6007662
84852867
54021953
29406461
37344489
29701488
92225021
267207936
28909935
15498383
65351409
18430498
22268409
143633590
24150620
9189612
20343780
97464175
18601233
129729651
11413852
58139171
15476014
6406322
23051410
43667498
238794710
39762497
39407743
20977180
122041037
24549939
18758706
42617520
34438212
52090486
37726209
18435759
94331225
40476382
16004241
36339290
17101575
43562201
14477220
19145762
16316886
40513399
41140566
28322520
17874364
17061000
21085891
87929054
13520792
31414072
24832969
30607718
40190540
18766247
19787402
168152715
27678213
10371872
24672668
80076946
16670356
12811322
18718606
10103872
119719688
21510173
135298632
239317467
17579092
136983232
105699554
17660341
108005622
14647365
25502312
25797848
15135232
137262225
50147246
10489322
19585268
22412204
150187003
14201756
92492351
17367030
16399019
21289655
76820542
16531650
132922443
7436472
17588951
32232742
20606834
15807682
14945347
107459657
19393033
76591994
15031689
147993886
39477357
40703912
14224257
93130997
45124394
90545379
249737993
183706706
33565354
18608863
40554517
30129956
19345291
49730951
121596183
105431305
49995546
27536199
30279695
58907247
29459443
24344652
211159201
82035021
16299830
54839772
17812834
15429250
75284246
22488618
39493670
36638704
27960823
38399138
19349983
74993095
305144332
14612014
185228405
