14075928
1330457336
15846407
14677919
1339835893
36935647
947859481
15485441
30364057
16329199
107146095
120943272
16555985
22996985
106111147
16406712
337405519
21193261
17881467
19921169
711983840
271131733
140750163
22910295
60308942
19224439
480047577
30043495
18678924
54682125
88851742
602317143
163869974
347646009
30948732
351331158
17790274
15014107
12354252
37816269
188039706
28745709
17889970
41814169
17004618
43996908
145815368
228537940
101863069
159547543
19297631
271725689
211541104
18965790
295424971
40160771
21923502
267362301
15888142
21675256
83590349
153121423
193929442
14353392
50374439
121208305
19154824
17006157
26604904
42343110
113425681
87075439
158414847
14348594
44039298
16017475
71028123
27901418
14514804
20786801
9532402
14824849
16303106
5741722
21982720
69181624
2735591
16581604
79190576
10228272
809760
17220934
16465507
166739404
191922531
50393960
15693493
16160352
45562377
113420831
17919972
62581962
34952371
115485051
813286
47732943
36498054
22872643
52757621
17491498
103774783
14066024
44186235
53158797
20109973
44248257
13524182
30313925
12
20608910
20
428333
17074440
11640472
