25362591
122242271
218732798
422924778
1531880953
1242394303
1679578326
37717927
19828873
418151328
284104880
138438850
231123108
94196663
46118082
27934053
263152070
441497200
1068950268
63576861
291410481
308297754
122212023
233773964
15829312
809092
457313
9831152
16299285
816019627
581230788
103953898
79176944
887997175
222107795
403597926
38775776
40113645
16134540
121590542
12447792
193090598
16450071
17417534
119987616
260433219
2674701720
483532392
628660163
14862723
14883246
14792516
16742099
3031404239
16209095
2571026766
83307324
2189219850
394277533
2178436129
2188664856
2267855205
917194213
2499835339
165804489
559373548
2493528016
164379624
1169440015
74631575
182124173
20626098
313861287
36350454
241049992
50351888
76101882
543401237
2881875479
31209744
146387126
232167106
109254866
381087434
3069378585
488713661
229099609
1343395704
1304470357
959115068
325422728
1431299911
841209744
361492670
40884356
65585297
26350868
28475870
113096553
33539627
20365145
633993655
1204880228
390973130
191586661
264170949
191059276
159147860
40012703
376591527
274033657
3040063639
87391476
3014487777
115120597
115138742
115121466
115120649
254113172
34361486
95414619
26265912
115137301
95968807
2991806568
27497572
15868995
16630436
17394023
15814585
25164867
98536785
1933042237
19473613
2592000433
167406510
937701492
64098010
575445071
14677919
2884771
18665800
15592792
14882511
39764536
602955627
18695819
45608946
21693175
11268332
95400981
126134288
20880539
38361755
57188646
1479406747
928365122
441046115
2749489412
163437494
34075741
237238737
37353840
48186996
29117484
333405941
373435393
131538461
595611654
397089008
534089020
33586114
29250725
100095545
361434861
82939511
174179168
83485956
137468697
481727153
114367393
1318695474
930146592
28662271
24178280
522572930
19280939
5392522
44135635
16664681
30077811
2400209923
25351991
2365429252
160943025
66490859
149518004
226791864
16872173
84657394
357133558
308275283
21618205
17043735
25287365
24698854
40024222
146098247
48143526
159576061
25100334
30210936
35920512
17637138
3081174495
2996153468
407005311
376923933
595647103
366047684
80036041
205695610
296353022
263781417
48775766
1194279595
926627323
106845822
552769125
716244564
1615465872
101828278
102231753
97919049
512366588
277055479
71379884
30666658
583221897
59540944
107145333
115096605
601958473
288865794
2646631639
93027080
132288994
23720229
86104154
43036543
67612438
212066025
132397746
3345827259
3229118948
2743012416
234862626
1684028894
481512266
972680054
885437035
112929348
17001133
149695757
198023430
27900266
1483233062
2649379790
2654452134
2230489796
2230808556
3027114659
3060150178
123530670
823905
174701460
6608082
343448839
164449565
17878001
34271793
2914276633
1511136618
963445382
2372573407
116258458
126027909
61401704
2468568379
55592183
9635662
28384755
16017930
95797909
25127795
38910198
104690229
303565105
477414329
434603810
425882145
9012542
358806229
604718405
369127928
240414087
229574276
1408193425
608350451
802638601
14958679
34285731
14640445
14343954
17543268
17033727
18089163
23211216
111291091
27631636
377362946
70292831
351184631
479644376
3232938156
23036110
3248757216
24251354
123393765
26068587
17023762
14357895
44366931
40061400
2994523395
969703002
135618949
980582593
64997681
185718976
15282064
20187065
27295244
14062554
864898152
1241943127
40804489
217175728
526862293
193863723
18697367
27040227
21410791
23130609
78133411
18958886
222509185
59539091
44358432
242498728
3048595620
613889171
282695161
18530065
27758973
28635233
13018112
153474021
24124842
244123121
43930301
16362924
7972552
175060812
228261149
22608639
25508397
489706733
58480588
18040201
175511849
1952817546
2203493346
240487562
499187656
479250727
33811754
371534949
259440099
90749908
1375264567
402156231
1952051444
2290509852
1969123646
1339384808
33549858
24963963
15811181
21216996
19664567
39602799
17112248
309178975
14126280
374513336
2355234157
54962222
2410915632
2518128894
3029369798
772368
19670791
17213181
56724511
52331974
474598767
459958493
29647513
13613292
45646069
556219271
348679091
86985188
125109609
45517658
162117214
18768513
17307429
212350063
34356968
546418440
1061805548
3213810507
905423346
42655751
38220848
23926585
26559880
462084471
20678384
21307755
113599312
72297117
39981322
193521837
37696673
308382670
1082169121
497267328
318350546
188746789
372196386
222475127
23276316
38441536
70927158
73122458
112780844
46722627
130572294
54321472
85180033
168641846
182359589
254513409
195753402
76612590
131449903
39943759
70377876
2813500130
112877184
21387847
20787081
388202044
946743583
263857030
450943997
88897519
68686173
82053266
88677741
19554378
31426254
5376412
171118317
3091664697
228034579
23270387
203994332
167443373
562992482
762007681
1251489486
466279294
423171864
2878335858
2907589215
557641430
2688477854
830563908
415765708
279543297
507002225
46958464
477700735
2280385867
862277132
2706860998
2274964391
3001001193
90874513
376987938
184714770
86828553
7425212
352951441
421648875
192984550
1275507366
242853290
959012210
533593632
376367652
52196958
263226628
87225271
415564788
3489420013
52529896
234521957
30924507
64293754
50660534
28098086
568605974
32208472
20168727
15755669
14358172
52293877
16083576
534548120
26803477
610849400
16058854
24158215
56120214
73461352
37005340
17761820
26079393
168085460
14661779
81106305
15237433
1551000788
562253225
224903077
342409194
103634133
17397737
91168666
25382622
16951431
436276420
485940850
127957376
98689409
2507741466
42414621
356213658
316189461
1087437740
474344642
462143944
259956794
430857385
1090268869
89804642
10286782
154657877
177116599
17634248
156146621
80681990
32469289
17960338
2398252434
1321124678
2196524690
111965268
316142372
33778988
14910806
153564301
17640219
130268681
14799411
19614674
184856455
179968269
115120166
29930995
918189505
14275290
15637008
22009780
36568063
362424004
89747431
1445928638
207960851
31137047
18341726
14802044
20781546
24153071
40856031
168618548
295708301
344804473
187434040
45229461
1099183470
56083757
266151673
404250091
402650779
227246094
46201272
22798112
249105997
409244972
382618008
34877402
630545763
130146133
385433155
101248830
7006032
544773046
219147130
547230519
1656778981
132085496
721632518
16109252
34571780
554728997
1549351338
392505910
1606302410
10458402
476774431
3634051
17418962
249394301
67499940
16306630
17794839
3302748902
17821705
61406311
34532322
19095502
50859487
14706902
42715019
34733578
17597213
418363442
284667903
3070091900
389081357
147940270
3970881854
89598969
1056280676
443916744
2411681887
154647635
32520787
35219322
248075475
3226755020
2342793452
2538913109
65923736
56871717
17268418
629691289
15586478
43149222
19922801
21887013
952343852
1470893640
2596865119
2467791
28785486
759251
51241574
3108351
369873370
255845649
115742564
20684500
17908435
21624800
28783497
1623389274
509011266
1852556701
472357221
263449439
37939528
568188926
33672544
394302339
753724236
2363157168
2329229155
15816307
2223366062
24708828
2832220917
50748888
343740314
300389814
1428441025
234354446
555491141
33626248
134457436
393620885
159228337
3127371306
74572704
15358984
509467623
96442790
116977359
2424922747
314852725
2321333844
37837099
21261274
278629014
1287495620
2907511150
1972851324
15470209
16465359
17006500
33017863
2536578577
3059092910
2761607883
2398586688
21229836
162498219
339745104
313615361
2294701
135084765
1506525248
102932489
264948625
62517830
37889788
469144451
199286002
84178562
134796789
2871191283
16372991
168459205
64907162
16857351
1428676700
306501902
314720693
14689934
61408436
161768899
26296937
118862053
339845930
2512633848
115166022
1360000106
884256979
2168289668
177628136
2925454425
43134938
554730569
770639976
377811383
29197464
38441622
151059393
28138161
46561415
46643227
322341323
409314490
55916892
14922917
381679514
59782625
170000025
2988136688
232102532
188137615
26545431
171648765
1160733990
24329353
20726460
1534862910
181094650
42514507
45924265
470523708
42533085
47969454
29783910
270536467
486838230
21071879
24110667
26371402
39816286
13447002
54892131
21234790
1581326276
76075747
363028227
15208261
25910368
35341363
245370095
159340066
34946168
6284612
42639341
25454082
1482742158
1120714230
715211294
300335750
59663203
35732523
326932784
3344464095
1325155039
18737523
260900988
146185363
1851841921
541827330
356575596
353249700
27498361
28261729
1357385275
2559606943
2249202636
588428683
29130499
514746631
180337199
619184962
393092587
265757995
16653755
24837081
26078468
23967982
362287994
1667761651
171174742
619375020
538294505
147933362
2991654807
2361540397
2930215494
1008022832
87529388
148082059
356480832
29751465
574536525
115508592
25683856
15767997
16503641
18430577
70946101
2237780238
364390369
527066090
42964523
924026754
27147315
158833909
268432276
20906410
192736720
180007691
25321479
340390925
31443601
354054587
25549003
18756512
122074493
35256716
23957983
3072708664
18991465
243396583
172883838
88723790
269124554
78709964
36460096
18349978
16804088
17822941
182911401
20824731
42782322
60737290
14996950
22182794
36032086
90958440
56125523
356378532
29511430
325349712
65355634
1925084563
234516061
377599817
121493049
358158833
259801269
978637484
54675363
252845876
428632180
244643286
17842733
23259586
197387379
159293341
15280631
24263930
18917729
441806834
228942497
14244783
159605703
2965051799
44992399
14363427
16817799
21119155
14465244
206346962
36328698
207090621
35275217
25181461
39879120
208155240
138182116
33534381
30329599
52616719
22205619
109003217
194140922
32635333
260970150
94381084
360321832
36570881
96083893
29463451
90300260
102870698
43330590
17957438
40763363
34260207
28120317
29615061
6746462
84153208
15593581
214161622
517962304
25222730
584136622
60692494
21466241
54667402
94413539
495999575
462115103
3171470125
515841840
97226778
2398243688
3305161032
459605718
10194262
432084039
26780250
474133913
599310626
39453295
40961354
15470000
121382605
370253607
613079509
136164061
282374549
18217717
191837144
277127743
262704114
53914545
325152542
262318318
296435963
29863073
587019128
17216271
506115929
21249462
77921933
27449634
22727828
176468814
361537184
123085193
22738895
211271626
386326848
21732205
15092494
348733641
62667008
15696785
20697730
22068941
219241500
48702872
92808495
74749064
1940230142
110774394
253733535
25930993
44204998
15539091
21119819
15757038
33419448
22622155
800461770
75349035
50454544
107619862
88712949
27880558
508099319
350654283
101493395
29334390
35040828
10463722
20382702
1705541468
359113222
17226136
53716449
237919070
291495451
73181817
78110188
65470400
317896439
3149142038
25125532
239185299
50238708
24792733
908715830
832053427
30182532
516008004
289556371
16420199
17600139
2848308535
59197571
29973539
467667183
570349603
705637278
426767942
269938879
194321816
280745235
2249797602
271445578
868167390
274628558
88702839
513279928
206720695
389007276
31539778
80056805
96881233
75800420
249410706
137095556
250766790
580262837
14142645
46498423
158000030
115253191
62189697
34325511
13334132
56143772
17993691
168736709
77090378
274066280
61263966
373513575
28124078
14206711
38166145
347868839
400886131
35409663
38530021
105242077
15245706
14282672
45592226
354683295
532351858
450946278
300458351
16958276
585813827
17127836
24850417
230905386
80409992
171542216
16506292
47265395
248848394
3226968571
258355950
17813708
16296501
33281695
138119667
137382217
202811642
3238008879
48773551
300981649
902043318
46398499
49162812
18210222
249674440
81461113
1969027106
584139670
2830737001
18237964
2769465626
17835271
2229512655
14536820
14176970
197627232
46523696
17468299
23043338
919579142
3249440416
19190859
2805509869
301535296
532639056
19993686
69966040
43005009
248614583
44322363
965543617
272751364
805147806
16627436
374820840
3148420946
226274777
317392715
164662080
193664496
81055918
17792100
49257629
311528623
19771973
50203103
1372152992
1258570087
224406014
16402937
140257389
235581514
448207167
363818636
22134512
1119753830
815340992
46949604
16207072
241319902
399564250
2561571
2576661460
338273314
37444465
293686853
28230568
1555592808
376180305
281830858
1654815205
561983806
409989205
177208155
107800767
2923418359
26539009
30673007
189118793
31108736
76739281
456530907
272953384
66239455
134216710
268129169
2730754369
298878433
142977623
128472974
1231933572
2845388870
86213129
381860447
32119740
291809525
20423086
25688511
427635143
26697378
218298715
115521098
25947085
20074963
19562368
185814940
3341283613
21828150
1084876788
2334278582
1300292906
19120080
48568175
387663362
209860926
1077286369
37536937
56096850
51521484
167880732
28116504
337062667
173068205
387944217
282936772
928048747
1886703600
66415249
29711532
21035529
29032597
94442769
24114032
25224960
20131474
132164171
20617899
145999960
1476225169
205053284
1514304175
74709037
201895540
63192235
27204894
39370042
24748083
385824686
28616642
23646301
16563576
57455029
359687951
32966237
25188886
18722875
31359493
67443862
17137506
335626899
13056952
21331388
16952466
16819267
25127831
7802822
31231597
81947660
2970280557
2465228118
1683260238
1641271440
345971761
27797476
238738242
316626119
38834516
44395802
400098618
3286564356
26040338
309599301
1630477999
404342491
954360007
56845731
31428361
3278858821
115191954
245677708
366299480
196115393
20286965
34704428
407327552
585651460
48147244
389187774
486839076
80380748
204853028
292084109
2390651
3476
740983
586
21982720
14130784
5357812
19394188
285159912
22539217
219768179
292092102
28856360
19674914
26845190
32493581
46697209
28240469
17055563
19274891
18022259
2640783613
20644713
260897452
172159667
16348523
536254582
22179398
14424943
69603938
61672669
1513889995
983764657
14514789
265037244
85570407
1171203829
605669880
3190939884
370491452
44810232
34328015
350543980
44274732
34051345
18493702
20637067
1689583484
2991800395
19418893
36806390
17101093
2474139426
196854080
1252806792
1046600034
2230890222
295435908
513465123
161817975
26704642
226023202
32232642
134890588
140135289
285918559
437859875
543040460
20709368
415323344
521908983
60258190
2834492408
2337087786
17881816
1055227170
37724089
2822667966
255267306
89595535
22050109
361047240
16888214
15638329
21432029
2804905866
3308248065
481376138
73986605
885733974
54291716
454982808
2882291024
3047253765
2815580014
2895846640
42730415
246103792
61667119
29526003
232332133
254411880
290655084
2152920607
1116893947
436960622
267264657
1685763589
1951662204
333075321
348225495
25365536
93719349
1193332831
1050677526
369680500
31298589
14588309
16012725
464374838
17870762
17512070
43099141
703853126
1544647843
57554196
26778815
533378623
147428597
420951731
543031026
543631904
17566533
151994046
20415476
25005204
40818968
3302654454
794608644
848575914
28471887
1217343612
80935902
20747881
28662475
715505581
2250719796
216472311
388293087
303650428
259963976
17053532
16808792
1708251714
156072449
225922914
454113351
86431522
399345402
1364977512
266513170
815310276
576154617
2872419467
549544073
104870312
1113450848
512437064
802061232
560521021
1462593751
29019364
27021374
25434359
48401523
92767514
17379858
34172126
17613807
62911012
24997384
16136876
17969401
138448035
172942932
161515067
259868357
75531070
1389897782
308633805
2160998143
53036474
109613249
36631853
41205939
347734039
48699467
403942389
193978434
356581623
22955911
25954973
54440732
17808442
39327439
16552666
17326645
34080819
23977107
17328588
18156716
212062119
159565712
38769060
17853673
312874844
23448015
16636094
161154755
76753457
56915436
16567814
46152723
227318549
305830852
25455193
312220655
478863778
17613372
1290340495
17104390
1856322241
68837868
2901086414
138900885
90197703
19768421
289181793
208318876
33978449
62848007
94027827
20790403
23060436
124294630
61614011
220881659
2832098412
348375408
222665648
31276302
83635855
53008965
234225407
379841842
475180271
64215237
72887264
57671829
21273931
468209418
2846949668
20548143
156461522
613774233
411966570
1365925291
763289996
273987936
15706633
962456840
114543890
242817661
361861081
478918277
62630985
143315753
306008598
418344375
22650852
54578156
22110884
51158904
279169434
67164062
38232608
44945327
2838967281
2802561058
113775470
102854996
27274226
3241424023
17549224
381300567
28898628
1375128168
2417732350
42161374
365102909
19849102
90884458
2816041052
346442707
2231835614
2501757850
23551462
213802972
208035776
334783493
2329211486
835827480
25348360
116130022
14926439
7975132
28165969
18085496
16062664
205293297
26645043
84625817
625947431
15588168
323444371
287702676
29115368
166201397
17454823
1378605073
2230849855
2872914963
96206175
41666721
37211671
29249435
128126916
136069436
214051566
608718058
101876565
126098246
28356855
605598900
28355667
41474203
5996132
106373558
2431277036
49485737
2654013768
712494793
747752340
2715005047
3364757819
3365853171
59140574
24007731
63326325
2322261913
1877701814
259536864
2680330999
378272832
2854923356
2776252569
65130553
1033028106
401442464
86140123
112612180
75051822
28615422
1390697784
50347775
90699002
844850052
30858158
438805867
14533740
67720397
118197178
25710923
61308722
368803010
200925291
182977816
157101351
14408181
22979039
42372501
468795157
328339782
168954125
2919910279
191209718
22209201
784206613
117522360
136024611
18535331
34503844
22191895
314125709
88570241
106235856
278609170
9874892
30799543
18104174
117532091
227334985
16171205
1010370942
47380732
426970947
85905794
1317798559
62641926
174302547
451781759
16245443
28273614
18749071
250855384
43602168
99145800
505349232
65451377
19697936
18531693
1852272217
38750859
226994987
1965410478
43055045
381159712
92373673
17075635
38435349
2785395907
707406290
1378392792
19658661
17327791
18584445
252216384
262828996
202508259
162293351
2829532162
1729059542
34067169
15471208
52816809
20984504
140937366
188968627
15998186
86614686
1537361982
41395982
421343806
37204543
70476832
319821134
184852100
29504115
20661344
20477595
79893922
2850951862
225496020
67466265
42646024
348599893
983629100
2894067299
631450987
93126759
7592202
245443977
358345214
28182160
370370417
140988662
16267787
33903451
423801540
135743723
291613506
18783056
516059945
22031965
407082086
754641240
18316248
232684048
216413638
72670104
158024456
156490348
607381513
190191215
46831207
1195669248
1348833871
137014975
172495353
187725314
19809558
55263957
44428999
22187265
17001963
19606731
346366863
103605179
51957202
597913767
35002708
14509698
41296495
753529621
799027573
203039211
1375273850
2529508861
718087100
476341135
1940211187
871668656
32712325
2553930900
843607926
1608544903
484999518
1562772511
15030191
2315094157
337486345
1883591599
307758523
17339508
2309029716
2715272161
2503854435
25174203
58684028
2194173482
907837562
256706249
2312917214
2288447970
2498429210
792338988
124253651
17055162
172669182
134001024
1032176191
214730291
308791018
48475777
405782615
2470290313
169128613
621046106
2627223434
272691723
729508760
17673358
13361922
147846373
2584277556
532775595
1679494369
169137636
2641974779
457338834
17344200
90379747
1476116586
2148693998
575688457
64281970
321181876
2453662057
2753124690
472249400
139988522
886491
625876566
202199771
171639822
1548343224
533820537
2520575641
74086585
200424504
2688733867
2262949760
1707976981
76831208
1411242864
953987197
857619919
528985918
64770107
127614046
101539382
56899181
2436816914
136072470
174049517
2299353426
178884638
328914978
2718113058
2726500221
2560876154
324873487
844686884
1345064690
167176831
18042048
61523451
357199338
911040619
294304555
615496495
519040959
464867175
457924798
397808937
39140599
1467504109
1665864307
418286283
2612023904
2598879474
235414297
2726002938
2522819852
2707943449
1665334170
2436093974
2197290196
910975728
2476259304
2725994846
1316578472
2597772356
593695731
1668982022
2433935083
43140400
16394643
2680473439
81545830
2751361064
395717443
2339220970
303607507
612915040
497644174
1638823524
481196039
259674489
176924937
2163837660
912433003
1079684690
2210368146
1532642576
1941047252
42208855
377718470
474230482
897773858
880666926
1643159077
501949330
1289071188
1307578501
33284128
573381085
1145709318
2435698126
2493441500
1506869850
2292722059
435094988
265754375
405322912
220488700
400822824
1070684977
297073869
72982024
2563528506
786888330
2547254087
2567128351
2563506576
2292321878
19431962
2595885932
354582942
376302246
355282251
782791040
70502327
2150045526
318329284
69398594
529241547
2171331630
2247582162
828238652
411845007
273433584
993574813
468164558
1617683468
480597001
2292378572
592211342
2185210128
1880196678
2184956659
1883343847
2182566612
2358208013
2194505600
1906024993
568158118
317079008
2595000325
2164557895
272996919
1676972539
1115969912
39984599
1625844686
1883228196
2459514324
1718896164
546849098
913599655
528392084
83972046
2312689244
846469562
1113779858
2160938706
626650336
18876464
1900554720
478930404
220770296
1668049099
2194577208
1322206404
824872490
623907371
1092504002
1012724688
2248403713
501964086
16662072
386717144
88515943
221884460
61608747
225625338
5660312
1638390456
478470201
1080278834
18757546
60321100
57497901
98297258
159770928
29215552
1051437492
97073640
286423529
1396592354
1147019358
386022923
410709853
1158952266
197123773
1682837672
319499538
179055631
128425174
1123336034
1115464819
506353224
1637526974
15028394
1189608102
821785831
301830250
2601306386
2697744590
2292605256
566118932
471560358
846303127
106579720
985532390
1664308788
555025415
554724144
114770455
887253937
487433393
1880246132
379643712
405022806
26688109
292819455
211589601
1668977131
2686838726
2335711206
14827011
2601359346
18275825
2288510326
265343238
46284748
432042596
1256938243
897726115
42819565
436475013
430821574
1722950102
711416035
386130301
2399723274
1411437961
632157129
1351907708
1257473624
1244669203
1259843202
1937295020
1541524698
1602795654
2279556314
428846242
1376445121
2177130499
56774107
1024635270
2242709726
550850113
901643749
429468393
135504312
2258239357
1202469530
283015028
533460867
232342189
572939274
34920524
2556853003
889099657
864569358
972617958
590024387
2518895275
497793347
2258226686
373024636
20224342
430841093
994620878
203071766
2152998831
2333714622
152158810
555256985
858031532
422216482
2431583503
1425719858
508748343
2335693933
941965980
585203489
2433114481
151809862
60630907
1217389394
322654789
2271524550
1335002192
42014944
721124120
316042041
2393324262
405555124
211344774
2209230415
219148386
346836110
2409011910
263006472
1330229875
2267993840
32164801
287479451
954122395
453904248
1467922573
728009420
13877022
14097725
277769074
97487983
66429119
244280163
921759169
33098495
809549299
1421821610
33906521
18369254
357473856
71796971
22770373
232642391
324593639
454790951
636582088
1375061186
1178628175
1095558246
1368478189
1899141181
233111629
716580732
1228278002
111367399
50503525
1398173502
1366469030
2627072608
1681468956
455234071
24035547
16440035
35045870
330509397
100955966
420263792
1558938314
299758392
76294160
250439656
147518360
451429617
167142007
254247433
1510377752
160047813
622437626
2572924926
248395405
1077872654
118952409
1617314359
215683551
302367888
41747858
1077453342
232966858
35867792
15703085
1347411654
2571203778
301514167
194673542
1449744306
398038534
20414217
23043178
965230626
712454833
965592506
71554731
449322523
709404201
600417671
337409391
2258276604
1449000090
243848070
24357823
2462079870
1960827228
612931307
316181803
248868797
2282838842
2206837615
2470457042
589445056
2230478545
587821634
1876591578
763296810
2449879908
269505461
167760471
352474496
61981100
525368907
243027721
153966123
860045623
81619592
15177871
2391884858
155721115
66124383
596044277
17343167
461098190
19850906
185564235
56293707
133769431
1431221786
2209606452
97317021
15210060
41170977
23478246
360304674
17506774
14776420
2155339598
381032464
19735987
126983311
1263491916
1663488518
1684763856
273239400
27291058
256109567
2583089414
2371983889
1371868458
407869218
628684711
2273684245
831784182
108804469
28484970
171827285
777057866
1516980529
2285217102
42886353
26602173
1242287768
875615095
183231492
845558089
915116917
2361413834
2649092035
133443632
169634370
2466467903
390360720
253217218
2274591090
21991908
2173409392
14959518
11673662
427958206
19411899
21182766
1164355916
86773118
39651447
14448173
49492914
1571869188
872164718
16151935
343914177
382751501
109460638
1048937946
1414195674
950706132
830671700
270493529
30821149
1218750007
18943879
2561751414
732031784
18822540
32040814
50294938
96564060
50774064
95943762
1260543176
108055839
47173541
256628776
588559501
273845588
311476854
151156781
16580053
624282852
528055712
1598997302
130866926
410778280
15224565
2616201481
10971502
309418030
155659904
844105304
1882731782
2588754918
18058977
202774675
124826748
333672211
540125771
256203095
15209135
31139756
2179446889
1205103624
19068720
45602580
2425055288
1478114664
45571759
447421329
1183685479
872423437
26833923
2388064016
1601760542
1060273518
2542781642
2313928494
124827833
1682790540
121084615
137543135
11108762
14413075
11740902
3754891
1081
2365494308
561655444
546331533
59428763
195900371
18388065
16819278
15081182
451523186
41417878
510935492
449956694
2227868095
24895587
2151186774
572157338
1684626314
50677180
1640814938
584016075
601836047
524924802
30349066
137455381
2389439155
253207647
16784555
377471427
2147401
19920360
1429167786
330740614
1635315828
552110384
2442809852
489222331
120036324
1858121316
2356759975
2487353508
2409394326
874663866
150404041
400962072
198179597
124829064
2131611
175506838
411638158
474000653
1950060966
397293953
172635054
1545430532
87040745
63760097
91267688
985186471
115679415
30908366
14645160
1952076517
349249164
207323988
217607920
19403556
519917075
587931058
40798442
29015085
112829974
17538349
454322522
15120121
136346386
57758942
34503804
1131718999
1973919547
470708773
1882281708
2561721661
27897667
16275044
1679706217
26512444
380109168
15695513
39930469
26395411
259689332
18623957
57440214
112874216
83554234
298657969
30249176
14238762
1586501
18918415
17423332
438671717
784912
19031450
33380832
148418872
37570179
1000591
33057154
46063
292049821
213320007
860050922
471412903
109237155
146099195
657863
16261638
27368199
27768807
282677425
39634561
58598187
2384071
109081861
15662446
14315150
32988140
16588111
2447882120
1963486676
36117822
20
20545055
1239521989
5577902
14130366
15199103
15809249
197505545
1936080289
67570186
515536411
19154824
27702107
15377115
15175819
69681766
578417484
524342513
916952911
226662318
32135630
532045159
1858278324
2493739320
2481451471
35120520
266114774
141856231
1549705375
552299133
19684844
614903736
15645871
44171091
2423848218
1669933141
33495086
587810318
169997085
495195803
305277457
189770284
444940567
186211233
46010237
21753328
37391190
48771393
248090088
71555146
168827809
18949053
116766949
17877864
2465259487
52022063
15446520
986106360
52998511
18867844
16392208
593758807
1871726144
1970226968
323918881
22989425
30357579
311468363
85008170
336865561
306930864
212747787
7825052
972473700
1938744740
2402148228
71165327
17463660
15274836
23135992
8596022
19713521
110182628
17943171
198034541
121085582
374091368
19478383
2267524261
32896052
353532628
162611402
594632899
2424044377
994293373
37877645
751292840
636434442
1616126059
205265732
19244580
1696820592
383603712
80759906
2298120432
594887216
91942071
1392477223
1668500610
1394399438
2174361522
164151390
16548435
150546196
36375798
2452593726
92638580
18156729
31891798
2468657994
257618318
15882393
66889818
1914619908
554508569
361468994
32789366
328990309
119399703
42070873
96684068
14524485
1010844674
172181150
5520952
52551600
164136194
23181999
814968864
250844346
143482149
368458178
493609953
25645004
21360280
906411848
2375116226
49036471
544459972
372952388
817288
15828408
652193
17758578
818340
8962882
79543
44423
5763262
8453452
1221351
12454882
14600116
148706357
14912126
16409872
76088306
17444309
75683928
5746452
197962366
17716004
87796216
21899941
1835411
21117817
3496641
20609518
19728929
817268
943751
12
9534522
467744562
22829469
17503180
6385432
6527972
62087163
858051
14205576
18521687
3080761
65577676
93957809
17919972
105305259
305408199
18185124
16248319
437087030
459757650
211800056
38804737
431280247
1299803965
19950996
39210365
20348377
796742
8161232
45886467
15670048
15224867
783214
17757689
33606141
101253269
62969155
18397610
83994124
294306466
37895093
29881599
355560458
30863036
565309171
31520228
21942617
33437279
28229331
71037521
119456691
16680079
16022682
480662422
414435922
39523386
9737112
635791464
863764890
167402585
68718961
80483637
43774304
15314069
363969419
8696632
