25589776
51263592
69181624
1365963103
18812301
17525171
786764
612473
2097571
5695632
17446621
15164565
637338906
5392522
2708476175
22129280
14529929
15694286
17057271
88749392
15492359
14677919
139162440
19496182
14224719
68795677
133880286
18948541
44177383
1020058453
27042513
407340870
135577953
158848407
23544596
169653345
311663105
11350892
4107633562
44783853
2743113943
310687757
1205974434
3024596660
21344507
22799750
369245377
33998183
356988734
8953122
75069067
167155452
106838858
22199141
1615420753
49153854
9300262
51241574
9567972
154280902
19036725
510471614
45564482
3191220634
2897944533
14515799
2467791
18382184
14437914
15754281
51104447
12133382
29465136
16365305
390955720
9624742
595515713
26799554
3307022936
11866582
21862217
26548315
22523741
20818801
22162854
63262233
91180720
57405911
16129920
148529707
13493302
246088673
132278386
22012091
364423298
60919240
244655353
26657119
357606935
17494010
29442313
72198806
14377605
17112878
46817943
16713771
65647594
3071942610
277546050
24979293
890891
15679641
3313554048
114610602
243291022
153289290
15615783
28785486
87818409
52791522
351259443
3108351
408864386
56505125
13850422
10228272
20536157
24236494
783214
16303106
59839834
2835886194
55050269
26509427
30002837
23827421
90334660
44137955
80628196
15165715
35172509
16579345
24133713
15012486
30503160
2293131060
16222584
759251
459269265
2408158086
14511951
1339835893
970207298
216776631
227837742
16051471
71294756
22322730
355906128
33276161
2415053456
49204865
128763392
1284956808
202409095
2737780037
68219213
18149266
38477209
43963249
73238146
14466538
14676022
115979444
465123413
14293310
972651
15224867
16581734
325830217
1093090866
11348282
1536791610
1330457336
36042554
19397785
16228398
500704345
50393960
22819823
20710218
18479513
40931019
30793542
38234856
84092181
8824902
28193671
715243453
275697180
276328808
3247136479
142210166
3275352889
3158128076
3246989138
3694796592
3247200464
221946786
123417995
16744942
108520811
19362299
36172431
5692542
44513878
110761406
16312576
74580436
19426551
28370738
18247062
742143
222953824
26257166
807095
15846407
813286
5402612
428333
2557521
115485051
129051309
1652541
2883841
2829635030
30313925
