590679400
4154250675
746366562
89820928
342791630
26565946
30364057
348379865
16955991
9300262
17469289
18949452
264153788
23151437
413487212
20818801
23613479
25365536
27457788
217740677
813286
207660316
2301841620
1947301
575804016
452280172
383375168
2478557660
302573897
2751556937
1348854218
34713362
2343248362
3128791677
179537749
25053299
1347615024
113047940
2884771
338436343
290242514
308431579
1057211
184119414
1532091678
14700316
612473
1162687218
157011426
177583133
14159148
25238117
158414847
3236167844
15164565
1677383100
91478624
485085227
543703080
22059388
87818409
27260086
280423820
373978904
57320024
85318467
15754281
126733638
323672698
260058844
14677919
17409452
207678904
112411597
91316071
2836421
39975533
4970411
326255267
487118986
1330457336
30313925
2097571
16824146
1008609708
24291371
5988062
276939439
6017542
28785486
742143
2964370875
125346858
128002776
759251
15012486
5402612
3120161971
3341978470
3158797071
348986770
3466739787
3435587853
972651
2517988075
16129920
3108351
428333
110445334
18622869
1652541
15224867
14849562
14293310
1367531
5392522
807095
59145948
