20796069
50360725
23779501
336218991
119049214
103555738
3288582230
28207516
306164588
220230037
1608150445
3362632333
586941998
85412093
700290418
3674160076
2400721477
1034657048
26688378
4970411
27260086
69181624
17004618
24602720
17765323
172726892
17704161
41814169
80473367
31469906
3247954161
3308367485
1683163272
166103095
21114659
26792275
47671377
3868474754
273376284
19992977
54641489
567915703
59486068
11014272
16334857
32359921
46519992
20258334
3727443013
18091706
19982260
18694861
15300520
594635686
78361556
18539631
1886898266
323554144
3301525660
290551947
2735591
35208567
3857698222
123669019
544915456
14050550
2181215517
19649135
3392188198
68127498
15593257
2467791
2884771
506035855
3317517707
82471146
38982739
14293310
759251
17969699
511402689
933613070
374432832
11348282
3908996909
17471979
116763916
2836421
970207298
25073877
29442313
29259431
1339835893
254196455
14676835
21030451
262940385
3123370726
19079767
131877988
2928914223
460455698
518605212
109224937
4177977023
14356954
3010467262
1390619719
412673491
24252996
67873734
3147499719
1003660352
2956843504
3438805139
894996397
402603591
14310469
14534657
92381491
335325288
428333
15012486
14173315
2097571
1367531
742143
169804706
807095
53096584
20234981
14677919
44409004
16409683
19058681
260928758
13463862
1649671602
21447363
184910040
20582958
19453020
23976386
40101400
1147728044
100220864
73992972
18625669
26565946
21786618
14266598
23638544
17919972
19940791
20503192
20068053
18713552
34113439
17596622
3554721
16029780
11859822
3111381628
13201312
3459051
38704343
813286
18213483
16153562
14159148
3783441143
3796326673
3798586577
3847272208
3853710677
3887382554
3891779173
3892076232
3892182013
3897130943
3902737812
3903519984
3929827638
3951105675
3964264212
3997371503
4000173135
4008112943
4008298815
4008729826
4017701415
4017747273
4024114653
4024663042
4035614716
4042107610
4058124322
4066966445
4075714161
4075983981
4083081378
4088091441
4089354279
4106355269
4141883495
4144017508
4154347157
4155584686
4162258841
4173091353
4173130343
4182884969
4191155532
4196498774
3278905076
80681990
16669075
14755492
268357486
6519522
218571797
95299818
2313416865
15922433
243236419
26784273
19673700
16834046
16348549
14055301
11695602
15821039
70985635
11695472
309126446
3246135683
5376902
16529873
3660934754
3028561603
3865941035
781319274
3280598403
16664681
15358364
21982720
22920732
112428297
14511951
2535765966
15754281
28140646
728367060
244413242
15110357
3108351
277496292
18949452
25053299
91478624
20402945
278691695
34713362
67358777
3236167844
20562637
16896485
19407053
16186995
386040209
28145061
25108518
88441571
15174079
16027225
126410058
17789794
123670791
27937612
33955377
400057194
1876367312
34696385
237841144
169841571
43078165
16366271
116692211
18290719
17879057
46903629
139729881
14844272
15061067
28646364
95930466
18611746
3645415702
193645918
22128352
3721081094
58422750
174573077
18977445
1069355101
744702211
550848427
56723973
14204908
839475374
2831185995
75742264
400032084
278629287
293538523
187122082
227423290
21303235
518934246
35127952
224378771
57056537
19509064
2164884723
4114134920
48721723
31957766
38751529
15532569
401775393
47479606
105231326
24274948
194132774
27648752
1658405173
359962497
19177501
115099953
194643654
354516475
382598137
22972898
58793497
162869238
268480432
430709194
84679163
89446106
371346012
326665662
2381813955
330449940
3757278262
572609848
203253392
482133423
87757675
873200750
95982652
115615024
472939811
354582942
113696377
41077970
16432083
58257664
16396125
819522
14559745
3232938156
14800270
168234359
443681624
2526970598
317139568
2218614180
2465084779
81305054
1385369712
160906926
3498540914
190804002
361468994
3145378295
2337087786
124207718
134770671
2349725450
2178572372
5988062
161801527
17899109
75069067
1330457336
987849554
38483313
329628561
1093090866
1536791610
30313925
28657802
16958346
21866534
500704345
8161232
17220934
45577446
50393960
20609518
44196397
75983046
87818409
118623376
5402612
306077463
169426475
17675072
196994616
4120962375
80803819
24150634
198618575
206717989
36329597
157981564
1957341655
120176950
26538229
83466368
25390350
25098482
102700680
27860681
5120691
622192685
180414141
2338690927
14438536
4058474291
54149506
2382632656
2876471272
3234369937
2750082828
3700008435
104277809
148517828
515838635
46003622
19277186
992759557
14361155
39511166
14499829
21393069
96861734
87699418
14700316
17137628
69231187
20646711
27830610
192942213
33933259
41325448
2879290480
2922078855
20596281
17463923
38146999
32218788
44171091
25340442
15942016
145692441
17990173
15492359
116469425
2878011147
37676072
106384372
14217173
35081012
238308510
918688976
65991889
2930458617
3049560333
20144594
228156289
23349353
466574222
20996507
46631077
1548818658
394016840
1026781020
85289376
3028252336
2181024644
67924644
359944226
493293680
858008472
16574706
59649343
617570842
123628729
435845784
75014376
459120920
56670898
855947869
