87118217
176295495
185142711
78941611
135421739
14677919
30313925
5402612
2222673457
1447949844
130104041
23617610
58243368
32959253
1346439824
19895282
25365536
2183816041
317034396
54829997
471741741
950165300
366947884
33801019
50393960
76294950
27260086
183230911
31348594
108936259
18839785
94163409
68399705
132385468
92726549
57998991
56631494
807095
17537467
258283931
19929890
76858507
97865628
18681139
3945378858
101695592
113419517
190426393
813286
2813202073
113278275
101311381
57928790
87170183
145125358
239021872
879402702
4519121
139103913
3428329060
215698507
3215945799
2890303152
2936852803
14230524
88856792
177547780
79293791
337746040
16409683
2848807266
316577087
85603854
2892436285
2993093958
2829326023
2409392395
44084633
2360475744
725585886
2736835277
3196863313
2963493219
3055269862
2942778404
2907874088
340399669
3013314540
2408484977
2272857792
3050642310
859570224
7744592
21254264
117652722
326359913
2911611902
54730258
436266454
23544596
15131310
3815450603
30973
3244643002
1223073690
6480682
14075928
90420314
10671602
2592498214
586198217
1896666138
91478624
939091
571812244
31080039
47459700
28785486
759251
30278532
16193578
2922128834
20710809
2790462075
83805213
1367531
21447363
1434251
17629860
25073877
49061402
26589987
