80859326
268364833
14677919
37034483
12133382
5741722
14062180
393637870
5392522
21857067
110542236
21866939
15012486
178270189
409941587
22240612
14293310
612473
3108351
16973333
87818409
19660032
14569869
15531387
31397174
3040460679
1362016135
42501345
14837709
46003622
61731614
14361155
2924734174
221894214
201721808
67341126
2596294566
20646711
18213483
16153562
14700316
69231187
14159148
33933259
10302222
20674741
26380701
2723498863
3299624049
992686934
2313755108
179822029
15133627
563067557
16616757
372786339
335177549
125957337
14362873
50251195
109634582
111556701
27029537
19688451
3941241
18216938
335538600
1655367840
19544180
382275399
402702819
300304187
1350132684
72275689
222097544
263082297
266051385
240278449
20436460
8161232
193194851
61800365
7587032
2884771
3943871
15438913
163921141
16343974
20678866
436699443
1224252932
56377143
1299769218
267793481
2168095597
2376887166
5402612
862605476
22205826
2386499868
428333
1652541
2354854206
712579075
788524
14173315
380648579
108981932
18187036
296332494
43134427
506011903
14138785
28785486
51337330
39166602
2673839223
408991457
831470472
51585480
2726021539
257031433
15995155
347066831
237753215
2679003245
24924400
25041618
359428392
98097158
222368328
40935917
355837447
410007961
594473017
58278265
522452949
825450612
552721490
16836815
78374230
373087864
52470625
123690515
51241574
87416722
759251
300912209
359665304
390638857
14282979
18860860
23818581
260287669
29428638
20510539
20583993
20578408
21078655
565347361
370852075
2286633518
218929400
23849838
419110077
889488942
1160440172
18619137
204222947
2209577406
1705226616
754759285
385219327
322913418
409569795
18424289
242923737
282026937
258873013
1331989903
396273437
299390309
100055864
438674058
166305533
408345778
239830722
45698308
213360273
1265140430
305752479
420206708
226339561
365155716
420211055
723006008
28532546
31133362
634510806
11071292
22910295
479484828
25609295
8509322
19811019
81813849
3004231
267424983
222823792
407196289
64643056
23976386
19530101
55391298
79293791
295334272
4970411
2797701
77888423
742143
22940219
85452649
