139163347
145125358
3370537588
14677919
2097571
15012486
15754281
5402612
15316851
3844771887
3582344296
3362624092
20604335
3004335640
28785486
2884771
91478624
14293310
4898091
5988062
742143
759251
51241574
2467791
14511951
3671909717
1435461
108975203
101695592
51376979
1339835893
94163409
3080855118
4032911538
25562002
2466959996
17919972
23375688
807095
3353566654
25521487
23083404
15693493
1367531
90420314
26257166
21111883
5392522
586198217
6480682
3108351
15846407
23544596
26589987
31080039
30364057
972651
15485441
16129920
428333
205302299
25365536
15224867
18948541
27260086
268414482
21254264
300392950
436266454
15279429
14230524
1337785291
23151437
1652541
21447363
