44335525
621543
22061737
22752559
15898172
155659213
19923144
25087685
1434251
16211434
11348282
14677919
96951800
18055737
15131310
19110632
17842366
6519522
20710809
3016680446
3447659412
955182656
304436443
157269140
283523828
636418344
2993619164
315168938
469735572
18189723
461816658
759251
2307763714
807095
179003950
2950335007
52032722
1652541
1362191299
245956466
14159148
121887978
66591836
23573083
148711787
46638111
3237116389
391001736
1133497470
256116885
84311137
36412963
175883705
2244672513
30364057
15693493
336116660
