2913378717
2792688922
4067970208
4062358162
619355703
4170907043
60537005
42429937
14501496
1604496012
239833122
2842111431
147892030
1310964810
33202727
422049670
31224242
469353182
3202284143
27918985
78522977
309955591
4076434462
3825181515
39331286
3835465334
2316843257
3400521561
22685163
883884498
2638784257
1856216696
3095842787
1264857529
3420394042
4090843193
57725874
37904520
76371706
209569736
882606174
371196419
97927921
20551154
212648569
716523939
525785844
3537501733
3309106112
1084309550
220326697
20043970
4018085423
58809463
450331245
636134543
177952035
34778064
20268243
82329965
473822937
27035246
19777890
51813176
68755568
46206429
15278929
3008859542
356124034
256594026
18727063
15115469
28457830
150985381
10934442
400697980
21735571
3401538844
3306522816
274872213
469729710
3528642754
14803427
27475421
32511637
262593577
240612882
23359751
21318613
289812596
78342245
19648310
599713584
48823867
3968846512
2314926237
35153402
36894234
20975610
18188860
428122788
170192312
49274580
522702560
404132461
34928431
493550719
138631187
3666767423
389263463
45216487
572858163
2244365185
86719081
4061238927
143855461
195926635
20562319
3425591481
380394344
27087276
3961691596
75413224
386121218
3435669778
31397388
715577185
14831608
23972434
54984530
579951819
2468290545
623631042
161812132
75265334
3331096479
2594700366
455959707
3881150001
66254710
20515264
3081859385
389420951
17843036
3901236672
3032226023
1287426870
219963303
29181853
485901337
296195176
2188055793
123560330
4022727377
16980311
4110326906
2362063993
44848701
27060841
28775883
1587572581
21208832
3020723727
1264468622
159138098
18332561
216463500
163015116
345333611
709287060
829738544
2493094016
209981825
1518571
45167754
25990962
958826137
274165428
35449604
1265492064
261623876
51020626
121078647
143820595
2231236405
833372742
43292780
747468242
347739141
33952729
223169266
92743638
223912057
947508030
22985941
19364139
20499390
17838702
106545526
211951077
2230514856
1105121708
508364851
2580605033
18025860
716029753
316094164
57051476
1344951
23056885
17336417
66967746
20225875
23576158
400051029
21661279
15995155
54203238
522250263
431362068
17386885
24885558
807095
15317676
166914983
14677919
87818409
38142380
15687399
215952307
18807671
19818494
47319664
17185109
5225991
355994177
338237494
20508222
25311070
5988062
75857216
19719076
337764777
258458390
235195648
491506451
80257763
32680055
386492593
334948233
384869434
234066183
1194749946
19417233
251830089
609940951
319203758
82435984
871406420
116709351
21025855
224997181
44569203
487604620
459585099
580967139
122053988
16996608
21917458
10784972
179398028
123333148
190752643
213302523
337719209
570209510
316397572
341265817
170790121
1282842534
1604249773
72277646
389512325
43497607
35419578
119827639
388832274
267211543
105463462
270600330
222106749
26774095
36319147
117541112
28406768
416110018
2358809977
419680908
327325328
3348951
2810014407
377353576
182882150
722232296
456874773
43861290
62390226
838053128
3231661371
340232695
1353680696
301364714
41673687
20003123
2343570691
207570747
921471276
267758637
16727022
252517188
211268238
2602202122
2431485973
2231633755
134222036
357695545
20245882
321298279
344132896
2646633583
19236086
2892087407
380263282
206615811
462121023
835456910
87411496
26116378
733253070
56682654
2170142395
30221350
235111913
136190457
609457245
92989258
338426381
426311103
280566463
2860771012
17898840
142726894
398719604
71065449
1201596264
2981066673
168420979
262054653
517309243
96166243
388220601
518545796
957188658
35589282
551317528
274065264
330205850
22906929
148386845
36054262
31892440
806133
108390812
