54730258
14677919
373416209
612043406
6974622
15164565
438009068
20543423
20868173
175858698
2886444521
19409213
845743333
3239535380
3069123093
29330577
149590738
254825434
79293791
30364057
6480682
35787166
113439399
1405429814
262283643
3570472941
45709328
591920938
409055353
612662672
23464695
24668720
166739404
22548403
62513246
3344248390
621320874
2335819488
55163758
1051559917
7235452
17591170
27050090
32972306
17521340
2355150930
52758588
403602097
116233290
299952256
15492359
524396430
20094594
75390211
284306563
1611328742
2688392858
2224947382
2333517996
251861765
2685318456
343547084
2956662972
2384059722
2476544382
2354128850
3034432560
