816653
293539344
612473
972651
413961753
55809761
63668501
87818409
11856482
944571
127410795
4970411
443668407
1630896181
220993525
778772341
14677919
1020058453
775785228
353069004
124189302
14173315
5392522
14075928
1344951
25108518
24138795
18424289
24277551
25496300
15164565
3245060225
1889925978
19230601
1552325060
70767613
287757072
46403451
1651748720
17610785
2382362052
106878278
267084551
53838241
15764001
590316679
3011852163
31697485
331485473
407666947
111556576
425989199
1134085718
2430564295
28870086
85271209
215936249
491755681
1010774096
368276033
40519997
322167395
292531790
159894847
105297123
46494352
1301097996
19031179
23083404
32135704
