4252993220
260741931
48534208
138989602
1398707618
215762256
17799407
1260096986
87817194
172211707
46696002
31189732
59282835
62643252
115528072
37706323
87781828
42678864
27988838
39603177
20460547
28436760
25734246
36725949
43008762
18084100
16353994
19411113
17599655
14677728
52476227
26396463
48511385
79908113
43947264
27937314
107253288
16530584
102653059
287879956
181624570
172236644
44706253
186055962
343636852
124305850
84623395
377470227
1852560811
72783280
310545285
43177787
92393065
281145329
296320219
26361152
41749612
588734550
2447865714
388538855
390935506
2969834204
2454719377
1280790398
390252179
3013323132
3919423272
1621024344
17836130
3773238261
2394249235
4000435923
14173315
45564482
168857946
182055312
112242274
112243365
14677919
35773039
14885549
73147282
15164565
42703075
16012783
28785486
621583
14511951
14293310
19661363
16664681
5988062
15808647
2467791
4898091
13982132
1652541
18949452
30331404
5402612
11014272
18743550
742143
16334857
382253381
51241574
1754641
125644689
428333
28140646
23462787
759251
15110357
158865339
807095
34713362
353701419
3108351
67358777
280716675
25053299
20562637
2735591
91478624
19407053
23665495
4225023559
544459972
2502200664
13463862
493609953
463308992
89391769
3283520689
2288027960
3149593591
2711762793
3974991255
1948693632
4049833274
2368452848
1433306666
1279917380
3375870753
862257368
2808701624
59145708
177989708
206761958
14148802
312974099
4138105333
188352302
240025125
949793708
178888103
171711050
781054117
3071942610
3362407553
141717755
183691432
88224785
3145798165
25040994
18337564
3998615773
3690848661
29886563
3364946614
2759157810
882192152
467929694
20707076
129712334
144657491
3107956748
2561989429
338726127
85690913
385740612
2329922893
479869733
167087155
388521369
1394399438
35415477
14230524
451705524
21447363
3298359734
3318164286
3835559547
17641457
18185124
8820652
14454605
53925101
15441074
112236047
972651
1344951
816653
2890961
14372486
30261067
15066271
6070762
14539324
14326090
22873424
2670321
1482379051
7712452
280456584
15231287
921330534
75773015
71030343
66464026
25722218
110728744
14051115
86763679
46617062
24609329
208726111
40245544
71738852
97466215
131473117
29336816
285583608
39570785
140531543
127577904
316818538
182504654
68541266
231892709
3302991218
74550977
413339745
279175038
2998555988
3229303742
3301541014
1359968023
1375264567
311859625
3299704496
3343318762
3436693522
3362337945
3428183517
3161626145
2974853265
2968347938
300422985
3355966169
2899734475
2711967032
2327236048
3295821260
3283484414
15535860
3004316309
3346967945
3334522755
2926674443
2501738984
3045788319
291312466
3067647925
2950395884
2343005522
15498393
3404072848
