523517831
597080142
72270381
560823283
857441672
364584380
733133306
3249111983
45279311
407008067
294541309
445403600
46407798
2276321233
104379941
4033866677
153952046
43256862
532704210
141386814
459461782
492616662
2183869305
789947652
82527608
3009850807
2210447837
3319354746
1370907859
3313271710
2881836143
364797755
1077784694
522537060
429276975
2721467953
1324617870
3010778610
3095522711
2427872977
4196530066
184004616
975570924
19867571
18610936
28683184
29330030
2883841
264107729
1446255144
85452649
44945327
3037252685
3436570162
227720229
72968227
14982083
21316821
31310158
2836421
102850084
78120081
127404230
27823571
20536157
10774652
19994074
11442512
1917731
2215831382
89480902
44401911
21829541
48098677
21829242
105015975
21922584
204386512
137862496
27922157
146569971
16932240
33540700
147725246
16729099
141084952
343958195
18023868
567562934
73206697
41621505
596738953
48050142
1934515586
41442263
634018859
1354049598
437702170
561603779
10910072
2301617706
258562221
3222633073
113036476
37068062
22509548
18217624
15985455
544461626
21619519
254117355
60937837
1635914630
906734342
239591418
19838219
42843146
66544351
2371663399
310463188
1677283748
4164495561
28096105
14824849
139162440
28562317
111556423
44039298
18948541
30364057
2955596087
3270622363
69480815
16669075
26053643
15473958
23484629
28221296
11348282
252509775
3714859332
1339835893
19927627
86141342
295325513
14360757
102460211
19777398
757303975
16573941
15754281
539738166
833612154
22565066
555129716
2496408438
2496440941
2496469717
2365943066
50318149
3297894504
205437050
2434423076
164271458
962197608
1507291549
2866206705
2372164754
2365950774
882838615
3085835595
2445809510
254632706
103018203
70725281
871686942
757870687
3260518932
15675138
5402612
14677919
35773039
15164565
3108351
43908059
36782022
59604142
14437914
51197470
10915142
12133382
13784532
20150502
13787352
13787402
13784642
5741722
74294786
8487622
131204770
8775672
43914724
1330457336
381907128
15109516
1536791610
10126672
389470237
93694952
126629610
21232507
267921808
64643056
105884466
426802833
18805644
115754870
22650211
14075928
32422915
16343974
15485441
115485051
430000162
17915334
87818409
14377605
20322929
22001973
15898172
16825289
73238146
15207668
120176950
393562221
66369181
14615871
20437286
17539497
14344823
43963249
76348185
20179628
61853389
19948202
500704345
15110431
8963722
16580226
33998183
23962323
19402238
15587500
39250316
44783853
20436059
38531995
17625560
29730065
49061402
18812572
24776235
77888423
14094741
43192807
783214
17471979
24963961
44409004
23065354
17696167
16409683
17912982
500042487
36686415
586671909
16312576
88719275
92085258
230011387
52810493
36248892
15996972
259087453
14342564
158848407
72644483
187428929
87239242
36155411
30614676
11856932
16457400
12611642
23503181
14505838
5392522
7402662
9855382
14159148
19562228
21506437
20609518
15846407
104644134
405723302
71294756
423066790
32414658
495401055
446482174
118247539
299413847
274793767
51122571
19662280
14927772
61533337
6446742
418196670
230938780
27785451
26130520
357061508
499256346
375693540
425454038
544003362
535846404
144291884
247370248
449450268
431319210
499569135
478927092
26585095
440961744
270055160
313835953
519173804
318115827
509690990
543721076
357562855
550774494
411033462
501513868
531149458
544465276
394496022
521995646
406625158
479201820
138484860
512731142
550792722
537781571
296869997
219203857
551591206
545052794
504912651
449886090
423501586
552922520
463401736
130227000
521017518
350907573
133878187
554812411
519247608
485954228
498613316
429207186
454405894
536995451
535989728
267669024
542023113
499881234
543982267
453450798
436346845
344967810
488436539
380523851
376456190
22754264
466724372
527836280
345811633
555998653
489017818
17790274
180505807
8839632
36683668
7744592
15510104
7152572
16028241
544517731
512476272
490781128
43283406
494176631
322344869
454313925
30514293
15008600
11856892
26538229
20978103
351147444
434716604
468040586
260439130
255507259
116710152
114800182
210522059
288954845
469682429
510554940
247471799
544328287
548025856
548059153
418508407
256879413
541344614
329737792
22757990
414153358
29924020
275101840
21624670
29470770
27329656
23798694
143129823
139930250
394458343
14920785
34738598
216444984
201169067
300565032
331611323
431731933
76414319
139951730
113425681
291627226
233665786
14857525
7309052
125567504
40270176
9245812
27873569
23256605
20998647
73108054
256080535
12925072
12673222
26282046
33970119
26277266
16680180
368359281
317329922
306025835
142977623
18812301
198599889
22256645
200846196
21691379
86990592
86021318
199349169
18736652
1367531
18665800
25589776
14173315
32567081
266791973
268941928
273471269
362873080
284137372
110794236
180601455
27523171
95023423
274970788
375844069
133006174
185370576
268439864
279154947
74773211
340676127
251706984
31428361
490903738
474286103
395318900
343618431
388547699
353100564
156359111
268318618
21906715
84489711
353021139
17629860
15012486
2467791
28785486
16129920
14511951
6519522
14499829
18058609
15134240
21898041
19658936
222953824
20713061
6173842
12513472
20108560
173999134
56845731
384953260
74773917
188647212
202495093
168552582
307641809
22179997
452459711
445107032
472320053
241747585
62988756
395445892
168881305
402994210
333698804
18253799
39695043
99811494
25107962
49793
465092373
243769565
26623854
302191766
430517388
341892684
157073645
464327780
454595874
20632796
1652541
111690277
34310801
50055701
15458694
14293310
227837742
13850422
139847909
241161753
759251
41587384
50539213
21246151
40357460
93365814
52181976
18005290
46671731
246481013
212262370
17447563
26545777
20444463
17544524
265785888
20739092
100367386
16550142
19259102
14700316
140204841
14074515
21793113
14515734
39706174
15693493
28870086
39288259
42519612
16440677
331941060
287413569
14521985
807095
125365331
100640744
44386921
14408705
43403778
71088774
15224867
38127255
428333
45203497
58598187
37741604
76966145
423599901
180560990
30972802
22035690
370706157
406706559
112237031
136425015
28183933
211000139
51263592
74626521
23832022
84092181
31552737
190683730
30959290
29786986
123749721
252761498
59889953
20479813
379778017
335369838
16472929
312355963
108716520
22745703
184826835
19589493
22186148
93898319
16640775
18458348
16285710
17842366
18208354
383558512
38709939
300844271
22562425
31256852
29723393
14622632
117778179
16618332
16421962
35041893
21741551
11350892
23827692
28706024
124513952
25180501
16305330
124050122
16658390
24040334
86464334
296814584
21884175
51241574
329877981
72989855
211366081
127373427
331772881
6017542
152794858
21586418
35243145
21422384
24179879
105700368
24606439
147600881
27458677
210921551
34630995
84353161
17008726
36098990
237870401
23911410
208711264
22832029
259379883
23827896
58528137
18704659
28245852
25521487
19671129
16157577
62760327
17454419
3004231
106777707
35750871
14179165
64857767
19691643
49450929
365644014
23504870
16622151
116362700
2367911
95515846
93935921
96401572
94360081
109713729
28638191
43138881
16331010
162101793
56705653
47964412
19362299
40519997
19426551
2557521
188043218
16228479
48289662
73181712
14757244
15647676
31018356
238257360
45239300
19303107
130194029
32627702
35816920
82959058
117471545
21388284
116559622
25456478
52207856
52791522
44675293
30151632
39605560
49583547
37954238
22685200
101295351
16668573
38082946
18831507
18369812
12408952
14803701
11857072
19248106
23680913
