2909526725
1132974996
3799745536
225818852
3352443497
2345303467
2941738732
2914271442
14677919
2214161129
3543256033
3229598493
1915989487
14920785
474919140
567167802
380020286
1134709362
4071483803
4122434176
2444963257
311775629
1869822432
803803046
3026716260
201991080
3819270202
783214
602884368
141664648
250831586
961665175
71869802
75343843
17074714
292359364
353029369
238763290
51742969
4032798375
20322929
33186365
3355124991
127608928
2960114525
2346057019
3323316682
27195114
2871367661
242769904
454925940
18745729
226889468
3195640534
1476502188
380730306
2390330996
1658947946
2601175671
55235018
117778179
40927173
240734425
813286
3004231
116362700
22940219
35762475
2557521
74580436
21254264
19426551
26257166
