2245640390
151544201
72258470
3085835595
2248872301
19515424
17220934
2916305152
18396070
204832963
14342564
369505837
19081001
15485441
50393960
23503181
37710752
44039298
18424289
7744592
81783051
12804422
20065936
14940354
3240906682
3030907252
783214
130649891
87532773
300392950
158079127
222953824
373471064
586198217
1526228120
2468320902
27677483
15317044
15317362
15340514
24733314
8223872
10668202
2844152837
16042794
42703075
621583
19661363
2425882104
14939981
17002185
14434070
1433356862
14647570
21324258
11666332
21447363
27260086
14230524
571202103
13783772
920104904
16186995
30915849
3233815033
701725963
18916432
15898172
586671909
30261067
128707650
14319981
195504210
1394399438
20571756
1636590253
8736882
170393291
15676492
2484334861
208473979
378197959
18665800
156796194
2249002010
14499309
331080462
353789193
19725644
12
2367911
33549858
16560657
2467791
14293310
91478624
67358777
25053299
14800270
15492359
17471979
15224867
30313925
5741722
813286
55355654
18510860
35773039
16343974
16973333
788524
612473
6107422
14345062
14437914
11856032
16016427
12133382
8839632
15012486
19740592
16815644
5392522
1367531
2359926157
160946337
16589206
2488541
95431448
1093090866
409486555
66369181
28135853
17454769
14159148
17469289
66369206
9624742
1652541
56413858
31540671
3135241
342887079
20562637
2735591
816653
14372486
19407053
60642052
2244340904
7144422
443215941
16469809
149180925
5695632
14511951
972651
21982720
19697415
13850422
15173859
27029537
16664681
4970411
6017542
15754281
26585095
20264228
23151437
90484508
1536791610
500704345
20609518
202003
16955991
1947301
11856892
115485051
757303975
1330457336
1339835893
75069067
13298072
158414847
41814169
14677919
18812572
15279429
1344951
19079396
11178902
717313
19658826
1182382878
23962323
17248121
259771124
817386
4620451
316389142
2890961
1282121312
14780915
107225267
1239671
209811713
38430500
275686563
95023423
11348282
34743251
44196397
1666038950
19619047
16336998
2589646069
15698507
17636894
19038849
22022795
9313022
418597196
255556403
142713268
278479456
15446126
24799500
26012202
22009731
67026664
18286505
607316347
62816265
14612014
7139082
359060752
158865339
15639642
39419180
33319485
111372861
32359921
4898091
87818409
5988062
34713362
51241574
428333
759251
807095
3108351
18949452
35136697
