487118986
624413
742143
759251
807095
788524
1367531
1917731
3108351
5988062
6017542
8159472
10977192
11014272
11348282
11695472
11856142
12480582
13508182
14055301
14159148
14437914
14499829
14511951
14569869
14647570
14662354
14677919
14800270
15110357
15332636
15458694
16664681
16672510
17137628
17471979
17842366
18938646
18949452
19230601
19402238
20536157
20582958
20596281
20646711
20687263
20690429
20765559
22256645
21875757
22692199
23758430
23962323
24176293
24919888
25053299
25098482
26792275
26809005
27726303
27860681
28140646
28785486
29573746
31285982
33933259
34713362
36327407
37046756
38146999
38742405
50528621
51241574
56440136
57947109
59486068
65597803
64698539
74286565
77888423
86390214
87818409
91478624
95023423
171314974
364761398
365918709
376791248
377026626
981057535
1058376110
1109282286
1140333373
1568130360
1595179861
3177475255
3241480459
