150078976
14677919
15164565
15912890
45617221
16012783
59031230
22429979
2196201139
27234909
1707321486
395589480
49698134
2759619458
66321118
500391228
594149589
14529929
43164264
166329578
232906886
487600344
53210455
395773875
3093127102
14993272
279238668
22714413
27907602
53090314
2939056285
22163983
85171573
44320256
22256558
15946976
2649366409
175521254
3229108134
158426909
15165493
2734713482
16051471
25073877
390490929
625022363
277845186
69193833
47438401
1132994426
92424709
264924050
2835672253
73244642
2264980638
276104863
843112550
2363434638
13462192
2718164052
1264788474
15784302
2881649430
29471556
27978179
206052014
199110089
2219407560
1383966032
357606935
2377815434
459269265
27754737
29442313
1017637447
2347049341
5392522
16955991
1646455254
54222784
45544324
149249831
2846117620
5695632
16895274
44935627
16331010
384507734
2829354835
15755669
56768257
255649487
316389142
142371311
26282046
822221402
1630896181
23818581
237845487
2287115144
65431632
1347164905
2278483046
2275863997
2229593671
17072206
459617681
2421067430
2359926157
11348282
42865272
91180720
14931637
1517283342
1332095168
2317837263
16027904
1566259171
2297621223
555928038
20015311
1086485478
612473
1582853809
1598644159
221452291
2195887807
204832963
41712825
37710752
1339835893
22167056
80617430
16906137
254036748
572225652
2307281012
2233154425
11866582
1689419970
110365072
6017542
500704345
262856460
146099195
27949916
1330457336
313601061
28991169
246621644
14075928
303981308
132915894
49583547
19725644
409456907
4207961
20479813
227837742
50835878
14962779
18622869
18587457
75052666
48802204
10810102
131351549
36743910
18948541
344955115
329197087
14515734
17017636
19697415
130617778
15224867
16129920
21506437
112508240
428333
