360097083
2921705452
296168209
23675481
1934304114
2984503832
1691404716
402549409
60959007
443459894
22518487
78357053
128990079
244617665
55322583
16635319
35819005
24230649
33687349
393809750
158516558
76682782
325279659
41652495
270462227
20643059
19127768
50060291
86235696
36693444
16351019
43927721
113778967
262311692
24055626
84104853
16688423
104250509
16688883
57456422
3181157815
62935600
77128292
270729511
142089059
1144068860
2327579196
70655646
3029061424
2320143590
894496980
38691332
252890019
19691332
355784391
614677884
51693726
3100280034
4102648372
1398738446
2340860796
3241211237
633125758
2272868977
202510181
153252061
1080012620
24054063
2842203803
216558300
16742871
346919442
3108351
16955991
15164565
35773039
14677919
32675868
95931102
69314352
2524120566
180568685
275634156
2436313541
234354364
164432849
2446546152
1214810773
6644602
142332216
348484301
213856259
194498302
2635340887
3304013614
3904299680
1032588252
427076850
534710430
2238386844
1922070296
475414695
3192854174
634685518
2934181047
46684147
265652034
21178947
236672312
2663385116
28142519
3089279291
310391028
72103881
889064270
79845726
33704117
315610597
926609017
277440309
468738417
62256452
380347466
3314903407
3852752833
343420501
17600294
298123951
3164803032
3182112356
30917871
3068994949
32938844
4129455374
2725500535
4128351012
3906207927
3293111668
3850954392
2419779698
347278362
32249715
66249982
37744442
17415095
94513741
28121057
3145742334
24285981
66491557
4040550193
44009156
3037931398
68717478
36460498
90137574
33199324
2429574938
3372867298
52095180
403718633
347569288
19739004
2713287362
19840435
91196026
16639916
2481431462
17136464
61298852
1357232034
3189205512
28916974
63546487
98472544
59335049
25106802
176490413
17450044
166686618
13683952
53184267
26057730
22727507
19632023
44379417
21411356
3328594416
3293074573
128972437
58658162
17624568
28318908
15926431
41502303
19081093
215380866
92371098
117883133
444840197
71591075
73195518
1240972663
3587752942
595290939
3303777622
94891302
24771768
50550768
44740790
17168226
36759266
89803974
231295225
16135410
118266303
136297776
51202999
125360647
18912914
120176579
185941388
2720291305
1895643764
23616550
2755361474
1289999396
2987920696
23470225
12616
280149252
25387735
66943273
243840035
78805110
75863742
1112588304
63631280
17821070
14807403
105205432
40339727
19267379
263739915
34054510
104324029
14807513
15635604
143812589
123878693
15471824
17965843
254218516
23144854
313600159
34707884
14982804
27564624
23559503
69358419
28617164
209257359
16631284
17396590
24662798
22598760
335043488
273969827
54605237
255294428
2253898454
2728617283
285134109
216208177
32751755
415075528
213184084
310073516
372574314
357243810
291833079
2556163201
2849713467
37093954
2814132798
67059661
50845458
86057616
20511344
58253207
3035873417
3129885035
3036753684
2786431536
3092927441
2282873281
577369988
20442395
14459669
78059532
16196031
29386276
2344249622
867857328
3079131311
82884121
3267419382
3271805606
48777071
23483073
183485832
575925069
273922155
992699574
2725967636
55599244
69034506
262332862
2919398071
2888890699
27464318
2810148210
90549534
158445401
155987003
15440449
41655821
15384023
859075874
3311131848
3627140892
394681503
296419866
770626915
3252598560
224539468
2695842920
1592393526
2863801423
17602896
18742360
316054772
394903435
3284546520
586032653
3313269983
17525171
17446621
200163448
206936115
29695131
295632119
23085096
110970149
17229809
15687399
96648191
18861666
934547232
980317405
2800473330
264189073
2742071124
713003123
1216688010
3320120486
2798009714
2228514475
3241369799
84739950
128351883
120905939
18318754
23979306
127613154
24229412
419132113
2572844671
34231800
2965055056
3241772494
3684860957
2176828892
333495253
23985796
9130882
16347028
67691067
21108916
41476705
23357735
23992315
33860739
138706979
2470199100
21907853
6132712
26937201
3093922402
23596075
386586538
100468942
129859101
102735443
39390089
2934187647
3141285808
3881683216
2903278588
3930440653
2476643046
3873344477
3982718783
3874673962
1584144517
629844555
1071994903
138584469
75890188
973697676
988522668
20439102
18023887
18807671
5225991
7614292
23815359
16517711
17057271
12804422
15057943
5392522
22986148
1440641
1860869911
2927977962
16138981
385304069
359276009
21617049
15823855
17534598
20551782
103484480
57388864
14286496
23425024
16597806
33045314
15918501
21583655
45083495
20805720
34173162
14234532
31219593
24254832
16000318
37300555
2576661460
18435068
1931811601
3011761309
35595347
2909466840
3749721975
134565856
564090281
17992258
78670429
19981142
26265033
20115499
138139989
16193116
41036529
47358610
7514802
19678610
13992132
19979590
28223477
17388955
76803211
689423
12369372
23371866
138742562
2814950915
1091332514
1403449562
2330218526
235908352
2835438541
2508735511
302354704
1477946564
2918081162
19736826
305653720
2719709524
377102421
274558478
44135948
41183669
59489308
16929282
40029596
18087335
35764757
87268638
22685868
34381878
151129196
263796123
314946161
48106830
158038756
20946434
87744615
122456883
3108197806
22699770
34748247
84096616
31928507
23771759
63504513
1289499836
85644875
17313446
23811090
22024083
42893938
41836999
41640047
856592575
6416352
255581630
174412060
8819062
297418090
3024309124
3421462275
1634248890
23768319
27887630
3933314721
3366764734
2767482542
109061861
807095
1239045277
25405965
1575468798
16935292
26015834
159196277
23995748
18766459
55334133
7115872
29774570
36743910
57151789
1709169104
18098111
59855822
76121003
2228838733
82444392
180506345
1242362215
15965292
3069901615
348668117
17348525
243501968
454313046
14801219
36174136
187589020
54598832
140137375
19777462
62545966
20439986
15594318
17972212
21028687
19402759
29259325
68862015
490521464
171170182
50388566
185268664
78466545
412696298
582875427
77577567
141611980
122421123
151489638
17882387
49760744
37669364
48743814
21676973
40456947
29821087
3741794778
146564381
3248264826
3341768837
31459213
126849745
1023347084
1401289074
1480654568
993345612
965235278
977351005
77221335
476093484
269788815
258682320
18309538
46497097
20295930
1358545663
229199335
22813923
1191726433
20595473
1002361219
192091599
345125672
296729956
187295998
812279102
15535580
303509210
490604163
1198445334
114562365
179628552
43171475
16015496
18060815
50227161
562565002
944421128
15108719
225470440
62097830
191875359
19625014
59172039
305175128
19896349
304984820
294271216
80043404
23276509
567555107
156668860
15822744
216965472
587585115
214603363
577731258
232396752
467624043
25645167
34819831
858304874
766788091
18565289
26765251
129877621
82196192
603706391
551577228
584124662
365513936
590380562
255612683
611501739
474026269
236127462
520755252
126623154
617407906
72852696
198200508
581979134
253613771
269571900
31208498
434630893
146561249
126127913
17093617
545623121
46667392
24041784
17120085
525576574
499976294
21922019
532305165
72851725
86783601
432101278
58746599
390113052
14765737
241782465
32535577
33351205
135606429
143891817
85666522
48376586
442143649
238510852
105260939
364923428
22813373
74936124
239862393
89348020
24106292
23636912
211560101
24949651
309834754
128860368
177503999
149225875
14292458
396645974
296845941
18768283
18055279
60996421
309862704
80060273
17880819
20956390
367532559
13775902
297317600
368745280
284164949
45895089
28681400
352134508
288317489
167889031
101647703
16568748
88621741
368405690
350581997
366649203
5536322
262447391
21597069
263359642
202685673
130261854
14993272
329443994
316463087
221890707
305710319
152541525
106489036
339762775
102442137
341888277
29116739
9214082
302102345
15021155
274325818
47246567
277291880
21373102
34404803
202938733
313348275
180044580
14988337
21016633
14881478
176980204
281362591
313762158
227475694
248436362
15297203
34614781
90695877
45304737
275252317
34093364
304510588
40070383
66469654
37403691
91503777
52835495
278461167
14135426
32972306
93583821
249911323
284306563
304131167
148188820
208338389
42385228
196312882
15813585
181016235
28623105
273088855
91256764
16057865
138156170
129857469
44561186
278470133
67511579
15018335
78347151
1121281
115748840
82115903
220210808
197511711
197018164
265613638
27226392
105273518
253623567
19068720
17293897
169625888
178033202
239812584
236170565
21964697
174629329
179606645
89012091
28915136
107563750
95214377
224495373
34342856
55278910
199765507
48274075
206309238
243051023
54317871
152012917
177324047
38534294
213708134
196880477
183728365
206849681
88566655
216532814
75424187
41021444
35114229
185559794
18940325
211575668
205525206
38185245
100827899
14125088
15232533
50762258
159716429
22407888
201990424
187854019
190403146
18278629
164740469
6092972
20210998
36132878
189914591
108686216
19336779
67447066
57704598
23233155
34449914
16895897
15870058
18393773
174221842
22774520
196455767
31081952
195824346
36445598
125131320
146718991
7416292
34646340
14859018
38871133
2206131
15446520
8071902
188948998
63523031
182079109
52171332
179029806
98302036
176898715
90938377
14611785
20602701
33104009
15747330
94367592
173872539
131607950
71367700
65424725
29816798
30254855
170912883
48614416
17169320
128252438
20124312
18338831
24044209
19367319
23832022
18665800
21771224
22184329
87075439
15492359
15908078
654203
17740885
162744926
84371497
63017902
162944753
97322276
52525867
116972225
22682484
21720967
14779563
124051985
9449502
82572845
14068794
81720527
156240801
77014687
137649275
50182820
156270639
78547563
89234812
27017143
58592573
128037723
45390583
122468436
39777013
17799362
149231888
19194707
73323918
41132045
62156653
40544820
100348616
145492520
66255039
90027576
96590144
40372963
18567593
141051663
78995028
124543435
10937622
71025696
75241351
71674297
124376755
109313816
69181368
75268591
58119361
16956020
35036166
68761270
67050839
135592797
28382572
24461721
17751648
18573674
125768423
89965274
88470709
91121348
28041478
60724756
119510958
120831773
66708374
23037650
15651801
50182057
75299092
103121067
53477785
120883602
2884771
101795862
87004893
30890882
105880956
14593685
73218938
57703073
30054059
113659495
16274702
30502457
104634807
82389692
99580179
110872759
68059885
18811439
79797834
41404738
23494713
69294528
110786107
100336457
15784302
28841668
103809430
15971817
21013131
102404246
54664307
52427661
78299158
92319043
98398263
14656424
62288895
101559351
94222075
20649339
18511475
19130676
98452981
8161232
14516920
41877722
10373322
76509086
96018860
51716154
5442012
21140709
71754130
17627741
24821555
28165335
89038939
72450590
73344750
25294828
71940328
15521544
14322226
87892659
17951466
74836649
55641902
26801597
16496682
21158274
84415968
59174686
36803492
55898805
47930404
78703648
81708117
82764384
60435822
41528476
17614372
25158006
22345595
79035912
77532939
18817433
42481147
17582617
77272548
34703004
76562296
27706377
72945880
28471542
24139372
16689760
24578348
23612851
739853
30454718
15650816
17243093
29087979
41775273
66173407
23681053
22061133
41969082
59504619
19078616
29894315
12264192
39787903
30289232
61122971
16130497
15773022
59607670
59352524
59507453
48111938
52596651
58483620
15656913
28644072
14939981
53193777
54954975
55377770
54621087
5402612
14293310
42140014
48517708
14765601
41684301
29301703
42515706
30348720
49624892
15714139
13557972
52145724
49843022
27683639
16888665
13321362
4445691
22883353
38683847
15287190
41474558
50530350
16287322
41801586
3074861
19898872
15976584
31154924
14089195
22708783
29903391
37261837
16387961
25633669
18622638
43305566
40917872
19045249
17086067
24484924
42315717
42180993
27318056
15846580
17301577
33926009
18820635
40803256
23548779
18452068
36420025
27753171
18520078
14246372
26375712
15470081
20558126
24713327
22541704
14035292
14349482
3554671
19818667
16204159
18398429
16886555
19992754
16088589
36739872
18365412
18894648
40422944
34343914
28054704
