2184943214
83888782
5402612
45373599
14293310
35773039
27649623
14677919
14075928
464187310
492566290
237147973
3377482181
21506437
14094741
403764053
48849046
39215566
215749421
59826995
12398782
28002645
584198802
42040091
59287889
18915240
270920024
50756605
47848627
191692374
28006093
259503677
29307276
22178780
423868716
34701524
86957131
20637572
16017475
56535222
129827399
118559375
204932339
25019638
20785838
26557459
23883319
28033953
246120229
77354708
79448164
23546948
21661825
2695011
29780904
16606280
14872954
1288852038
78192935
76102930
26257166
86002394
93736441
2180301955
26747046
16225240
21254264
21897334
40891771
2227275901
2335839410
743345972
16044997
14216661
12848262
12993222
15146558
19544055
19000033
282154125
16351521
43658360
55749605
2515059460
2227318080
28066436
119106683
21238524
47650483
54791458
19923144
194439261
43139414
16302242
284089166
17299063
52529345
19426551
890891
24277551
13213122
53120768
35385104
108318595
20899023
1209615451
1041353138
58919137
168570138
87277455
75711499
263195972
241544156
4034704943
98809456
278098811
58990464
122261841
573565184
20710218
260540115
1549213069
15739207
14765585
68449573
16023029
26863892
18278257
23992159
41646662
41591898
28870086
55307193
32135704
20402945
14886375
51263592
256099282
8736882
19735580
28370738
36139166
216423266
33857883
42560650
23501022
67961159
18479513
2961098091
6433472
759823346
73406718
269342626
41468683
20215947
284154238
25386777
49753604
96911771
21401706
182422417
807095
91478624
3108351
428333
5988062
2557521
241964676
2340558698
2303751216
40168339
50721809
19404587
1223101
101566422
40390377
234521957
52529896
23234807
48488561
103111232
858750770
21865953
19252079
54978190
4081481
41366372
21362008
55424198
193095044
23778898
23378774
62587361
50323173
32765534
256083436
18691328
185420422
90959399
259375460
88763317
19636948
