77911740
1018962877
1546041438
332967893
471504594
768241465
260357057
356850668
632003260
583506897
3224063257
3154709373
20715956
2968222695
11441772
114123732
15650660
11280502
186266427
525607249
29961157
37242364
203162803
91130609
1484599831
27015730
17193334
3390960802
487823178
1138576194
1525072152
778960765
2724291747
315511963
89960822
3983419514
3064028085
2793147553
1546515601
263157859
139525231
6704522
20942540
2269035758
3665977588
16973333
2313165488
320648989
3180799929
1681852440
87818409
178082190
35773039
3326162651
1870217562
14677919
51241574
1303482835
39528102
439068862
303862998
121502279
542476304
19826509
487118986
9207632
44985617
218779112
1020830994
361546735
355580586
859739300
1731795115
1533692264
49593854
74389617
3046977071
4162980941
18619705
252124716
821814254
16241148
12413032
325160813
16045268
24907913
4076451
23602600
1848796285
121502848
3229689441
46229563
465680140
391409547
233991190
280471949
2482038769
805212908
42670984
2751156483
3894322281
526624220
604416116
339572542
118689933
180835403
3297964731
289038946
5988062
807095
3394187758
64643056
50393960
17220934
14159148
1095670098
2202516342
1372130868
2265498091
242389080
1464321092
1361379469
2819243504
484541306
881932302
214595577
3044867618
131123183
155720024
3039272525
3023565111
82240152
126651046
167514346
128195806
2353640660
3185574211
347884856
67838582
3092957547
1705409142
742143
2097571
26792275
2317703892
14106476
68819846
961974776
2423747006
1330457336
88048785
576094228
612415096
138128898
17471979
255471924
390860839
1619820937
335455570
149177956
808064551
30313925
3149005377
2459609448
289998339
6433472
85433682
18745857
66496796
248714917
19377913
21238524
1223101
40918282
2969760609
197835683
43317911
16343974
52758588
71256932
260212995
409234893
21856182
2385806143
1725741948
389279594
543695251
878112536
551692559
86508168
123946173
223622176
334085451
307315773
556852367
197799066
879736794
903775874
1235065945
106186059
185917496
401428636
1323304021
247416384
272651520
2981291174
3065694414
397979047
2252439042
3343919667
3121400285
3344368923
558625504
168826172
475954041
347443535
1891806212
427475002
1434251
19927627
86613184
46696817
62513246
2233154425
49655660
21377930
2719154545
20030116
197510725
463224661
93676569
79529480
2533185035
861491130
384427838
205574988
2385826808
23604654
891736566
331050937
125428404
2527891339
17884018
36137953
3031072635
277258774
29241141
431693810
135601279
1433180581
34634320
120129298
109046256
13115682
3341385209
18922472
1936314601
40140191
41360113
1570845210
204800353
21775925
384954745
2361292836
55276890
1652862732
104337465
197059596
2305859726
188815812
479879742
22778830
72357545
20313474
3426209727
199456606
2288308578
130553833
378522669
543650980
204972314
486644899
633793223
633794939
2562752942
36985923
125416292
1458025189
227283030
458754389
2690983873
501974283
14765297
46780502
205622130
568831758
22692199
14369901
11761452
3002056342
15748047
87476582
14874559
20960892
11178902
86736614
1665823832
153810519
276758011
389448453
382991619
224132557
81055599
17849766
129051309
619145025
22028406
114294419
69671186
31080136
108023183
1267299866
3026603044
1703229210
39585367
114718372
11188982
2371458720
15147042
1582853809
788280852
68774523
41565803
104943598
142740272
297925007
848012486
16827148
