1492538024
38403110
102382667
79708561
950165300
94163409
33801019
2237583703
57024049
88147848
34889807
287573832
84310561
286036879
477875139
139022142
597301440
144944472
138387944
291557277
142722336
57879889
66306024
66334209
108936259
103603559
70903729
82949914
68399705
118024094
2183816041
122995784
14585010
51492686
97893963
436482631
50684862
45025729
45022448
204002663
171117515
87118217
84554399
109275593
230140702
110384744
114423418
139385992
138330579
99918503
195703895
15164565
35773039
14677919
6017542
1652541
51241574
14293310
2467791
3108351
1367531
28785486
14173315
15012486
759251
1978851349
2729506932
5402612
53555106
52339151
87170183
141664648
1646988690
113278275
742143
76294950
92945681
57998991
51376979
1195370804
115682368
355708717
15290441
408914781
2794731298
7517222
84575949
32959253
121044171
19895282
54829997
388111440
93589182
102957248
92724677
365918709
62904987
45452226
745026025
31348594
146006978
24705126
18681139
64698539
128155589
364761398
468479147
360029609
71201743
324303244
1867843520
68977380
240768575
791517902
37034483
240649814
113419517
101695592
108252113
368779416
42606652
2542889478
134758540
23758430
55520719
219617448
16542390
471741741
1105470817
18839785
135421739
14120922
41364508
155151279
250495841
132385468
494747331
101311381
428792888
145125358
