297169759
4174497919
2813202073
2727334490
3755047932
2173194019
4153579943
4159120023
2582861843
4185845060
3797777413
4185905352
4153545093
3243242446
4185840972
4185813072
1381561404
4187438000
3236167844
2367911
4159136661
84279963
228713457
27989078
3948731309
3218597346
435525090
48177728
4185948372
158314798
1198248025
3214412667
101928415
612617248
153694176
2729145631
23613479
23617610
32959253
2359140288
36704352
487118986
157140968
383774245
34507480
236699098
95023423
295650204
25521487
23083404
17757264
815832871
25365536
30973
181836968
14920785
260688830
441636351
20322929
727059528
19426551
442641158
2557521
23375688
813286
736206608
482866177
27966935
87416722
46376581
79293791
438694340
405667557
2769574566
103065157
137289189
108352527
903495284
33933259
277382418
2358945534
146832501
1581289837
615002267
56650317
48906364
5988062
80330381
497658491
452830010
21114659
92503159
213539531
300162606
1320350810
234092394
1536791610
268420958
127059347
88856792
131763362
94628304
577459091
94758424
125944392
127483019
9959702
2884771
298959564
1330457336
440662588
5402612
14260960
286042531
14677919
1208631468
14075928
28359405
759251
81048495
256556724
14293310
481156800
16589206
90474198
14224719
19394188
19929890
132385468
338906109
58207954
43579706
84352985
54610518
1877831
807095
115485051
113286385
589921934
339040963
3039430792
304596131
303535030
1404590618
450504440
32849980
97537762
145125358
2439990679
624896628
104141949
223080656
28985686
148517828
14159148
113936570
212162328
505196587
36967334
1052586019
434071161
130159846
69181624
502879314
2097571
742143
9397732
291960419
210792232
3301406293
136932734
1041453240
428333
122453931
