552522213
3272316974
3319748380
32959253
700651652
3409791553
23617610
16409683
79293791
55117855
18424289
282789898
45564482
4970411
31080039
4157901807
3236105420
3844356376
14677919
14173315
175883705
3700128328
567126882
28785486
759251
4105249102
719357168
3318867903
382267114
1643915977
2906906403
3244693011
2942176940
3037969022
4121144625
1134230426
3355345546
3239604244
872593412
3305613887
2183425636
7435712
3130938999
289224430
2718860665
2280485586
1536791610
1581289837
2194696542
15007149
1330457336
30704824
16228398
34395888
171682730
3066007731
16271952
20177423
178111058
136361303
326359913
59145948
14293310
16129920
3108351
428333
1367531
807095
1652541
17602896
18101713
16312576
25365536
90420314
2246341620
169686021
23544596
46296304
197598287
3303293865
3353566654
586198217
145107843
107146095
23083404
127639880
30364057
18393773
17919972
21111883
813286
454324273
1861342356
735487279
3024814000
920367368
3222175405
463777608
3944706493
4128315748
3525499528
38267947
32468665
23375688
239760107
311032328
31285982
205437050
31311757
56505125
38679388
20536157
783214
10228272
21254264
300392950
73983778
224368839
742143
513619720
301120393
3229198858
451017961
4029770057
2991242907
64643056
487118986
3015494117
596880945
856789651
376963735
2861311097
195514349
2153707242
1903382054
155659213
32453930
20015311
104969057
21447363
5402612
21744554
15439395
19562228
443215941
265902729
5988062
166739404
15820664
85626267
18055737
612473
22001973
44409004
14824849
86925202
427475002
