42610327
493487607
56991190
42244645
14585010
254783152
51492686
207579964
547922610
263800151
235900469
248883264
274715985
1889636426
187890010
456497995
124125666
273557471
157718652
78058750
15861355
16994529
599065130
196235064
487118986
97893963
570568821
50684862
45025729
45022448
204002663
171117515
87118217
293373892
109275593
321887255
34675715
92724677
233924133
121044171
3236167844
309824558
121046433
358814014
361315016
121828529
87777436
204881628
207507805
1178011
114423418
80374332
139385992
79320096
138330579
35982046
99918503
9409752
92945681
35936474
17692554
3108309745
1419270818
71201743
2554134169
3017241909
19923144
829361395
114795028
135421739
248627231
46257156
242567007
175298380
288662354
2403063588
408263884
1417829894
135180139
111849519
131228928
3042477100
45847467
102296197
323469361
26257166
378460963
177547780
168606635
3448716797
139876086
1581181554
179036286
187090217
1641263426
469622863
849372606
409068219
466882955
2420020489
865883858
292252685
1913738604
1898378096
3424737598
3604498220
2439098062
834911994
775887091
139118162
581123710
137418466
2589343812
1433730727
2517265256
16051471
2097571
9411482
26565946
275564493
3736119979
14511951
27260086
28785486
132493630
428333
813286
759251
210792232
34713362
69229721
9959702
104141949
21734241
130649891
6017542
14173315
14677919
87174678
57928790
30313925
99458922
15846407
742143
14934818
127483019
61155779
88856792
300162606
20710809
97537762
3016895833
81048495
5402612
450504440
54610518
45564482
783214
122453931
589921934
84352985
16312576
249022032
1440641
15234657
14293310
2557521
624896628
300392950
30278532
136361303
10671602
1434251
15693493
3108351
586198217
14159148
24742040
11348282
427475002
49061402
1367531
