19927627
14677919
1434251
390573917
329812409
185634677
1079123803
4056508415
1682729736
3171330324
344067163
398537661
48177728
27260086
25387183
36670025
21506437
144130505
25521487
44039298
336116660
30364057
115485051
18948541
23544596
15693493
6480682
14075928
19562228
15485441
3359851
7861312
8369072
21378183
48485771
56768257
175624200
19738805
117652722
24585498
64488804
63485337
5162861
10671602
24742040
17602896
1198406491
20108560
25589776
16312576
20196258
48410093
27457788
71876190
25365536
15846407
23151437
436266454
90420314
