14677919
30973
46056948
16631172
16687059
107234633
260324998
15651700
816653
1059801
19202700
12553672
21217761
7846
972651
20094535
41337901
16468227
21661279
1344951
16365983
19411556
21919541
19247966
17781506
14954548
15754685
7087112
18089163
32687077
377362946
19595628
125411333
137826707
143140746
70292831
111291091
27166036
30913973
38706526
19770241
26787673
3108351
67358777
91478624
20562637
278691695
19407053
16896485
2735591
197962366
2327710740
30205586
5988062
36080231
18517404
13084602
156122558
36458541
74286565
379951123
50391995
234536996
769101
171536201
173389744
196087275
192561450
18316786
45632136
179036600
197131916
47022452
132519817
197512917
409415070
8557482
304046048
393823189
21898774
279390084
168580330
217518225
136318991
20563908
15597593
49743672
163586898
267558211
19140549
26755005
252806681
22146985
11350892
17179368
17792620
2367911
342254434
12280802
54969692
35303495
126814555
18175387
14390180
76448221
14094741
18313840
6753242
239662618
462895492
462386441
377718470
213959160
464711725
21418899
208765275
420015754
271840280
462321221
125606192
16047894
20207200
302879064
103971325
462336826
95473613
466667939
450988951
466561095
14587125
466679915
466666446
466677304
90677388
104673756
136403245
216253049
29360113
204858104
811829
55367476
460840626
404588640
459122195
255463172
464044683
442599052
448662965
462150220
281480504
360724200
375519207
230630804
149029966
443849455
133899357
343827359
463673846
91832425
463653251
297897845
460294504
462219399
324375876
232531435
204595844
405124767
19627497
463080654
310904296
456368002
463786798
463855011
463849380
463831993
260173138
67883291
91288137
59605615
462822608
185803639
29577935
333134258
34052695
40778760
233072556
24282707
47783364
284248530
450408109
16704731
12952842
17849234
310623707
43155659
22158136
20600573
138774153
29209404
19778050
31097038
8452442
409723545
11672342
43329941
33645850
450512533
171470698
156212975
350255150
216835062
16787126
253582821
378865072
103079669
398780112
198854055
455694748
18748453
344152065
303930580
454870161
368696655
17547704
142693035
91827895
262521645
462884411
463554283
96254760
452934842
248761350
460284706
300380989
239218033
342073582
438106227
97020635
457425947
369164487
335596464
286207808
463602129
89706275
462337763
312410095
41340885
15381818
116146746
238128171
460917477
1539871
14452482
152924873
32558228
36368605
110411561
260624355
256112538
798445
49196301
214336885
45565524
372396456
45661748
145116300
463414583
463472069
15389565
433789749
294188983
17783001
17093617
93785297
54522575
340817548
18095550
460499719
438307991
97792064
316022045
79632582
57256629
15231931
459384669
458380071
375762150
133216640
33063
418678456
59684207
30081314
463176398
14653806
34410567
282030322
463395536
14718229
36778832
21343306
17479660
54241099
25336510
29939872
47469287
385230201
203486302
245129435
425494269
152522285
244585001
72559038
227083583
338577425
301749265
61340639
288303317
376165687
350846369
444390522
445767849
449071832
240872831
447166404
171749713
34335463
119696195
369140164
21242917
328611866
127661765
414932397
21017704
18964984
18900444
57341300
52592400
50235731
21717723
117598217
231095836
194636682
36845747
51588109
41144368
14813320
25794900
11649
30888244
83354927
107290981
92612330
18030304
15497847
15849621
90951477
31779300
22784950
37047982
21001791
18988212
22697541
306797286
20009439
54594044
113172236
19734547
16026750
43441778
19379484
52584973
40306834
14369521
12399882
17141335
14243094
425304688
15153399
204387230
19599325
114805458
202759325
456807011
242063677
35862641
6789362
7136122
15993677
39285336
123455057
59258504
19957034
193829068
23792863
19296617
199382915
14352016
111148657
66888279
9860432
53517714
19493257
46342839
137477812
66442344
316031693
134852423
305876090
96442080
25324216
18442839
450341882
16807407
242730588
17898134
365611968
462171955
278360906
204983788
386938281
408080024
149680632
402286374
142613963
407244310
29186233
9147502
15780241
52811321
51869529
22886151
25352377
25631205
54939041
59003632
80467177
36104750
16678254
176791077
85304932
70094945
89466796
27400857
37255649
60345758
421461902
21117570
21502432
18812180
13158932
306896252
29093872
382345684
91115867
40061400
17174715
19698165
291871273
172257039
187868281
906711
1046791
18145263
17490571
12480582
50393960
21232553
3004231
20139902
18517363
14357895
14754359
22967319
167175785
17023762
14322735
17054053
9210592
20626525
5894902
137061706
23450584
17628900
110658944
79022482
192433773
16739475
8204532
334293735
39758076
2467791
5402612
18644589
19505412
16492553
30206144
8653412
