1488773034
125181345
1113953629
35147946
2329369850
3111212146
46713001
192950353
14241294
200988405
56178310
33117945
28304415
22169460
246512435
17214926
19538317
405737579
42963435
1469824789
1640335940
3315481832
14677919
22527155
25521345
902004252
558779669
569238320
2899566130
1508095369
2746910760
181021916
39511166
232886266
214210625
18655567
308151547
1241911004
113430784
18419794
337891365
15032918
2353751480
2382614660
2201496073
2933262443
40139016
322794198
560098959
2875179589
15693493
2385233966
191587878
344128331
19725644
38016096
32747975
16955991
3170545168
14882900
1104703644
285768147
1075324693
1383429912
30767393
16618332
389245338
116551841
316389142
319300853
1183041
524396430
2798819890
400524509
246103
16063556
1891806212
36018732
16846327
21966695
17490477
19595090
337649347
18864954
319754494
251838440
36804838
286733273
493175789
119411882
204832963
193570988
458966079
43387340
2912702645
989846221
1348400665
576351493
1499710423
29054474
118689933
590501583
37350044
2561526968
633937677
218955631
21871729
388518084
116994659
484111308
473232166
54937697
2458618418
2531460158
2160074869
2367346824
2793116235
2373044533
3473602336
340756453
97135715
3942442815
209093039
17814702
233336165
15439395
430795072
198956434
369146460
155178817
52488565
1140172572
532972452
4519121
12623
221201083
150884941
11091392
278285879
493041802
21342582
17975029
16782875
168287230
39209888
6214082
2364600889
701267743
655093
891059010
711466237
631570988
126098392
33071569
2975520785
1620651050
410334710
963844124
561692646
17469142
448224017
413275921
1160433078
36646494
21921080
50847084
2436152630
49765666
961256286
100800724
16303106
174838936
3881331081
