871686942
159123210
8170292
3127049842
14677919
428333
5402612
2391053446
103065157
1542533869
2228659594
3317957657
3636955341
2172800666
10810102
383906888
970178106
3157003525
2962791503
15439395
3351671092
372086400
28849589
340234449
833504414
2341917318
3695647695
3362016513
3189769900
1316703019
2909534399
349582502
4110169179
38142380
96740532
27839828
2811438662
303896480
1928492846
136231089
2985557536
1944251742
2785680441
3381917289
18953259
1539233137
555370896
2453263154
3815935215
2240873798
179222056
43963184
191768822
61288749
38638327
3324501958
1546282968
26538152
15074642
541566047
416962434
87818409
529790234
960886388
378636679
323322980
242653461
140118545
194732581
2525487187
1876670971
1205521110
2809551267
2631228155
3012280096
21311934
14700117
2349999115
40855930
85818687
22473844
16558943
1125937411
19017675
358204197
19335378
317173156
19644592
3162521825
430124690
