2584577792
14985228
35728289
373617611
130910166
191958427
3114232932
315819967
310355138
524774366
21522338
40295615
83637011
19625490
25893353
256705557
97542679
61126132
67611162
33740705
185408277
224782513
20616625
28852952
17994509
15492359
14677919
9207632
17572133
36000408
242292351
66399514
75565775
17781673
17514354
19562228
25110374
3612331637
3245060225
334635978
104342030
321507436
19636959
41209663
15304804
40870472
19128964
30392967
37746503
111111358
58842767
21135496
40744725
14592008
17573212
43464948
43044110
32965560
66598340
17876466
345752730
1553207744
21982720
15588657
17486629
20609518
14813320
5520952
71523568
3297780642
15422354
79711579
1261199174
