372455591
2967119053
35773039
19697415
14677919
16303106
17796018
1775731
18129528
2450382428
16145224
23518723
25170188
20710809
14789144
147966474
189376144
14500608
141759609
17874869
27949726
36984909
75050644
15159691
238558079
413025920
56926797
33687029
26016556
1703320914
50200822
169608393
36511003
66365570
861755672
229245448
518600762
35105162
46117888
1666330800
10935492
50189947
234053431
2780538384
313919153
1414079947
24196097
2798982426
3116429937
84233039
407238819
2637871797
29271506
22372365
151892237
454265085
2808645771
40697478
294582077
608702553
635651116
17936021
1656207984
3006081273
3100881874
26867826
1061074675
53248099
20740735
165771391
28996605
15325270
317356940
5695632
14511951
15164565
996207487
63542530
251332947
8936082
2444346974
168123783
489082148
185397767
3355252335
70363243
254187582
184856761
19741530
18560119
868546644
16970278
18557681
224011023
16534246
27817680
342958059
87060818
1848908444
55272667
59853076
270420060
24121620
177177601
284590933
24195850
111776528
32619590
19364831
141564493
44109402
72343778
154527068
316389142
569229676
34260642
253743475
20409356
539292373
224763885
28383900
26002794
74458893
27741423
276754934
267191326
81919198
19725644
807095
189244394
43384404
60626429
39494659
226169355
2994055863
351975364
2959382651
3699965297
2352487064
16044997
77237795
15949042
16034244
22190567
237845487
89760824
376988369
20930194
21889069
25065495
16351521
184444620
64756008
158586586
26354403
271445418
23216371
123037520
309816948
158858484
37935496
16311530
36065127
21478044
2379490308
17881732
19000033
14260960
19377913
1101353036
289998339
14216661
107494897
193725962
21238524
19636948
12848262
6433472
1223101
8736882
68990311
53731865
107493918
96833507
28721476
1553619872
424708395
3075109359
626167976
1516144879
56529491
92285090
274938776
3060255047
1873653379
