69491812
205957912
31702589
2469646988
3243421815
2272670730
3886750582
67377408
2258343396
3252921346
21889608
27844479
16548023
61355746
199606998
1536791610
783214
543404817
1048960958
79293791
26565946
14222536
16303106
32469566
50374439
59949396
166739404
524122127
15492359
20015311
24741517
1042307696
58233603
428333
45266183
115485051
31080039
37972440
30364057
28706024
73443014
18863815
14677919
24019308
209994211
16190898
264498030
27466653
632402078
157981564
972651
17919972
19058681
19329393
23375688
20536157
216430965
14791162
27042513
2883841
4898091
14293310
380399508
527526077
44196397
23544596
742143
25589776
19538986
5402612
39538010
14934818
19604744
20177423
23976386
1344951
473803417
14824849
226541132
15962096
17471979
1582341876
155659213
14075928
954427716
18676177
14749606
10228272
3850324876
15693493
72064417
759251
19748674
16312576
27260086
63296944
816653
184910040
85452649
37303896
22369602
813286
429570086
78192935
268439864
500042487
8161232
20609518
579747564
36947388
209708391
14230524
43192807
300392950
136361303
19927627
326359913
29730065
30704824
30278532
24742040
5988062
109702885
15485441
19397785
6480682
10671602
90420314
807095
1434251
50393960
28164096
1652541
3108351
91478624
1367531
293850289
14159148
49061402
17461978
16228398
5162861
15846407
63485337
11348282
23083404
427475002
30313925
21447363
586198217
34507480
2227318080
285083026
59490500
961974776
