107254637
393709806
21611546
58023319
14944735
335588752
31140005
374433545
105843082
207171759
23689426
80082384
185410444
18953259
50133479
898967750
24086418
7081402
36732619
2657993718
16398386
3094675865
14497313
48410093
18018384
284727894
285667798
25521661
64496398
227838448
92292580
42999257
23648997
33936387
17060925
15504896
3216315939
29695131
111323990
10806302
100572937
2829692267
839306143
259305089
288653058
150654318
18843124
34579454
344359175
799815672
1033230666
3812998283
154175947
135931279
73571504
3434069379
2311500426
3407012763
3400172128
48016433
390709096
337358038
246841184
494293158
862322270
220019386
108711629
1281392587
392130661
83122226
187892450
338238833
20235709
419831418
702924715
810801174
274953968
21619044
63237253
299926319
2364943884
254153486
1343143729
715124802
24557214
268752568
89001530
290008201
198241203
43971053
145983346
350125541
19477583
142622057
470516968
324032170
54309740
257700841
618994735
162010078
24286846
1029721
543418555
237327244
125316461
1653277963
67611022
16228456
37447285
18344316
869510436
1154506526
2218258364
17806143
192933297
26051392
21697777
261395201
362098810
14451114
359872308
798933098
88411092
18901346
1236130855
32117870
87852971
20842599
409368406
192167745
61061751
37014221
114760126
174813020
270073144
214034909
296534712
394207281
58190890
268450537
23970602
91050342
20141906
240827788
193655983
87023960
89961549
21215728
107198898
21992832
182478020
300902124
36969785
44101636
222118628
21362103
19067558
95396152
19647979
170002596
46261089
54484102
119400822
42088842
113975874
112915037
105251590
35759968
23739093
8886422
7517222
19928184
8058282
23656081
31113657
