1227920058
807095
6017542
5402612
18948541
742143
188006067
202517702
26053643
43425975
3936762079
87818409
1652541
7614292
16136067
1381372352
733499564
22883726
3522399081
83185208
15723732
260848873
299842076
46598192
15864446
2300561118
247653244
51241574
34640565
2971554502
3434536031
200583835
96829836
3004231
520398033
483747479
3241186023
3396782902
78714922
3271082876
4041960417
43435902
16548119
4004959936
236307640
759251
169686021
2782789209
352947624
17469289
102773464
95023423
157140968
14920785
3241661423
3342720418
2373651798
3060750313
3294835497
3579740722
2930382641
813286
2588892166
4021114283
2900684685
1032574284
3318120452
425832822
396601079
3018160875
2557521
58684028
2368377445
3387168364
26257166
102323621
2431926235
19834403
443440762
1733362400
2613214742
3354628299
3439538087
21601026
332691544
250884927
2963162445
14677919
618804518
520676535
20962674
1593432625
55338739
3096552965
2985927256
2267368685
2952727311
3152895826
3207928077
2399361217
1545994664
2337130332
3434200607
18829082
426488154
3332557733
3413357884
2922434935
173834351
630711655
1665398179
3309476915
272201414
2401184117
1317011238
2490975397
32396021
2573913220
3371817165
2616222997
208841123
1874323454
181182437
4016491995
3336626097
77818394
94129050
2428785117
3299713660
2722735394
1096498604
2620846198
804075344
305859646
345801515
194671720
3043514033
90682997
2283337030
2894205771
1023740562
3673022955
2314958860
176968962
27195114
3427742327
2880928223
66379182
3673193177
2316969211
45564482
3518600837
2837914057
494860706
2595970550
57016932
2379366141
3205048178
2990872676
261130224
788744922
3194206063
417495602
309374395
1266117000
91377850
3195664486
4097109250
317192373
1094896538
3019821617
98586663
128002776
24736226
1234452546
3434612067
2839806446
631635330
1361349180
1012724688
238180654
95609825
2231177336
2780839404
541391090
54301792
294245418
3136016379
319224112
4015853543
870154782
4066787242
48547572
3970958238
2592498214
15485441
107282634
156563457
275638230
1593368858
241523368
1322276095
250738105
86512212
533561801
2571573397
2538019873
287371638
494911553
278186034
448854775
57947679
1139883696
300154586
1354193798
285701769
474880229
2179443268
370996627
2234708887
2315676383
3374410413
300509037
2750319792
41223154
3332658063
1688471347
2418979002
87710468
425838354
2836754162
415712477
1723506607
3151598279
2978587384
2543241084
4031229615
3147612482
66216330
96284853
2730673462
3165086402
78394091
2562694635
276381561
375360970
1160917645
3066183602
2836983338
303494910
3424058879
289760673
309922057
270573311
793111010
1704248707
184119414
1934666228
2836057758
3119364092
195137046
4018826219
3201408184
810424
175743717
3431955665
3397771271
3963134955
3898976416
2748798273
1662285205
4107600921
3370575987
3859048523
3356371535
4134421529
3290498734
2923300041
3152163995
2423478840
25489250
17386885
24447643
72235760
20155652
7376892
7076492
10810102
19818494
2394464599
20015311
19562228
76351820
18887526
15439395
47287431
98983609
160926944
44101412
17753033
173195708
109080285
40078375
70968175
219240315
2327625956
22917508
53082615
110365072
39533595
274587146
115440301
117438690
33475181
106692348
135501127
263093657
75010564
51065059
52044744
124204576
45549762
29681501
23579344
185708008
21109173
256452690
22858442
44580116
75020160
66643640
98866847
22126167
20587866
116211439
151532036
20141923
23927178
17185109
41113883
20439102
15687399
57051476
38440548
246283995
137645230
14871898
19412366
25311070
18807671
1440641
20622594
22009731
35749264
5225991
19390810
54203238
65182307
17064593
207477965
27844479
95229500
15632759
185314895
59624844
50627903
18392906
369405466
63196333
47459700
19923638
19148708
16913418
15279429
92263579
20225875
136361303
20506424
23760251
14399483
16193578
268349503
41118393
382527632
424383119
18448883
40015678
1568105364
82853372
107540002
143478208
34217589
384388286
80588808
219275799
18904582
80606026
348974190
208019751
14700117
138037459
6467332
14353202
47331384
17481977
36042554
14224719
122392884
85307509
20880206
156247074
226590250
27844464
46143892
22910295
34613288
14573900
280412626
472385266
27489253
187572312
15891449
121402638
44335177
35758259
558797310
19583545
18713314
1660468830
92717138
2458414939
443215941
6427882
3165817215
586136477
104969057
14824849
957132781
368905349
108247668
2167037009
18761643
26235265
1281603805
276825041
3246502677
19597166
64643056
15307151
69008563
23971329
26981013
90430970
111005623
45112524
171117515
204002663
268400722
436702610
118739566
745002644
3017241909
205278393
63525135
124189302
468326912
155927976
740336334
471287735
216264820
23440052
287834630
285332860
42519612
188039706
196235064
213969309
55459700
275575393
19230601
28534252
14857290
343627165
32453930
384951307
153403071
265902729
1903382054
155659213
25804151
29286670
21219666
380399508
558109036
262881419
457554412
22086481
59142708
95465386
27725199
209994211
77692824
74712538
170762012
69523166
21433995
20565284
264107729
338084918
85452649
209708391
16998020
18863815
1102449241
27260086
14230524
79293791
355307031
104249727
26565946
25365536
21447363
44409004
153694176
1178224087
20346956
3322890964
36704352
1022377002
327898375
35936474
14123683
17329538
1484787162
19980499
20545055
288333760
3395324297
344634424
3358163147
4119108377
1337785291
3305477746
3135006838
451691576
3971907192
203469199
487118986
259925559
43024351
19923144
40927173
34507480
18132032
21111883
166739404
1093090866
54387680
17919972
155544257
1432977446
200163448
15846407
783214
