61682003
115442332
4120084815
1213634972
2494978213
3871847733
993094381
3287764328
2471781446
33995343
384999359
4128852155
3236350369
35767916
1489703012
602317143
34192959
237845487
241747585
202495093
264498030
41229669
216444984
277546050
15169907
43283406
50515656
386244525
26628211
358855692
370851445
94120466
547271625
275137782
2696768983
42690595
245947377
3036130904
3055043780
413989173
2853508625
3001526330
52922241
295908973
244243684
1708892912
1149717776
351181415
208924826
137783392
160687730
2174203453
24291858
29611918
268318618
403632664
605824568
813784075
488130424
449988583
318778282
1181077105
338219129
234129489
295781948
294932561
279313964
2312931222
68768019
2426405138
2418209232
626923233
3272452711
156529169
157203911
2693673182
3290386600
3990463216
118523072
3240744713
1945890661
319167468
2325956750
1241401987
3131368144
70561366
3686385917
83424921
92104366
4028699054
3186624740
4029383653
1719435950
104895051
3218984983
180851635
3309548387
1003736526
3306472053
1282989650
3636983481
3494138601
3260599015
18738155
43889730
236580290
2463171847
531130655
3302472003
385409864
366316495
136061946
80916393
2695927531
4144479455
43404666
2309607516
3761542769
185754504
1440275318
3135493823
23135992
19478383
16248319
427799256
33920667
25581439
309978842
120153772
35127952
31957766
15532569
24274948
105231326
17137628
20596281
69231187
18213483
16153562
14700316
33933259
25390350
27860681
25098482
83466368
3555984075
611817117
2203776828
16147596
12884212
15041291
14504267
21428988
14694382
2756321
11323472
15101387
11929242
66036908
14924128
21391703
71027475
180873590
229166445
356926245
2944259649
2938946186
3772889716
2859373376
2153784242
4160335570
1668821198
3926121801
4120249401
2848940780
1327580209
2383721767
2857900265
47638898
2883674075
448628347
542068799
2304034704
17115766
2995222029
3196475249
151891014
2646362509
3319921950
2709971630
254590305
169165586
3214557274
3063668982
1954810116
476642851
465290310
399388492
2930624413
25332489
563553055
3296803880
3047383275
232183410
133984183
2877879882
87852625
1637089856
218697713
2860329047
1571342084
2400346423
3696397763
2701987350
4070258472
582674507
4095538115
3605588412
198177868
939999806
3815657300
3114405433
1883713088
4066301717
3221545312
234950624
2937163965
2488130340
605331246
813286
204881628
207507805
61903300
28175520
15245706
113890551
87777436
1191642175
19955482
1281369924
3996921929
4117731533
4118401702
3988865537
2561946151
3245060225
3421899793
3202709638
4112299332
61906621
3322458377
3438933979
2693574361
3579223455
3579431056
108192135
202486418
3146757104
67865387
280629993
37046756
173988421
80371182
40080940
49239873
16913418
155949831
18481641
30180137
18647765
153474021
72950235
44415931
58462957
13018112
40851965
26494583
74701069
549470860
369514419
937294358
1156866230
114796408
221382131
240606817
465723566
225190303
221392767
250911289
180124279
274040176
73359920
348379865
44084633
78021221
85772748
72568426
60054156
69615397
68399194
23482952
16824090
24190981
14222518
15934926
40965341
315496187
110007447
88322886
95673665
95714666
2439349441
601928165
24969337
429231940
278824679
278822771
126388327
130960328
11354672
52169920
64505519
36751350
106538753
26757599
71448442
23986837
140465563
54043630
140609205
28575707
57494392
29133549
246378883
119606058
108740292
64748609
80654397
34140316
16676396
200267797
35977487
41156599
520653311
169279319
133945128
121540651
34641036
110213431
35785401
54919560
15817213
38215897
859727149
54303617
364771553
121149313
149165093
32217275
37071089
546383985
394078253
604271820
294067018
252607825
1197913842
125628451
20013148
106397073
79939248
22954354
82084630
39321874
22811495
57983020
57981270
57986415
108328070
164305582
135030564
123679498
170116441
139615680
116519220
95482484
26729931
105082141
135602695
121385551
153295172
17229160
72047325
112694236
65668018
63779020
19923515
71938819
14436030
158028837
7996082
138436606
31133017
10012122
94422249
40924038
22952132
5162861
24742040
10671602
1249982359
906782533
1536791610
2359926157
15007149
11134252
325830217
76348185
9624742
1093090866
14159148
66369181
5392522
379408088
23375688
21447363
17919972
31080039
205302299
586198217
3303293865
23151437
32453930
23544596
15846407
43192807
49061402
21769127
26585023
3015271772
14353392
47459700
16271952
305217958
34395888
3066007731
59624844
185314895
178111058
276710110
48371866
114049072
17976918
4212560174
22283370
28265949
1562404537
20445389
18143445
25780487
402467579
39885001
22153863
41966381
216082206
14339832
104744189
702981799
99561903
428912151
197028270
90410398
436521322
1460977826
86178332
68891131
4011276357
14206711
16560284
51241574
83002087
15012486
2097571
5402612
12158462
742143
14173315
87818409
1652541
3657147557
3261869085
1300899146
3009896111
807095
1053241818
42702116
122500621
30272229
17705334
23603092
519196613
128472974
384728194
525853846
1491028153
2315947993
35702257
21217034
15513604
246505622
143647636
110458336
143477053
44409004
15497367
25028715
38531995
23353361
26860719
71122191
15393700
55657699
38676431
261294633
19397785
28210096
115485051
30364057
17842366
428333
41014110
56525091
111142249
25321854
7744592
73444381
25928253
30973
27014121
1769551
185403365
21258337
21898041
30313925
8984292
21710479
56883665
14677919
19076866
316191205
18712771
22061951
25092574
17086831
20955168
27685955
20678895
21278966
16310534
25443514
18784113
759251
1367531
3108351
2467791
14511951
15224867
22685200
15057943
1440641
91478624
11348282
42090132
128917539
29546945
42712551
110840720
31641658
32959253
34741439
17899109
26053643
50374439
33514869
189283341
8539242
19402069
130649891
77816756
6519522
18193115
11857072
350545564
643443
38222521
278072240
21053475
22650211
88957094
15220473
173998684
36947388
32441546
19621110
15587500
556179062
85603854
52993855
182161200
288452305
54682125
50393960
50751556
24929621
14515734
15791186
587329591
225240038
27146953
14295156
20167604
14750177
38696332
26903206
11856422
41602160
169212180
323996815
14062554
22565066
8283082
16664681
22708797
30704824
6017542
587796813
21783950
26642006
34053931
267921808
17074440
61593861
240734425
365225968
192319674
19426551
28736496
24736925
19658936
14499829
20064866
1588486417
35861227
145499533
485943627
1634196048
916744369
2289685297
181850923
28171935
21313855
626856633
3369557385
545318749
198587698
20012204
16331010
25589776
22179997
34160922
2675543550
1914563372
10921932
3471729802
46177695
74594552
21196745
35792884
21336038
400338981
184711206
56736161
28164096
20710809
14293310
2883841
180503626
16191487
2933995596
2174219034
1952388331
112906431
31520228
14517899
458134046
111038638
173627651
16306235
26831272
3189889796
2421027468
435095877
3091664697
532818331
71016845
14194036
62588834
38043735
18002023
325184278
334692748
1148667210
947842442
33099097
255200141
75236110
914392172
178017745
46735715
54561501
66455396
532488904
1095616069
700963819
1410494318
70961675
93059585
4170491
14268564
21094888
16457400
28785486
74205807
122131132
119404747
226529995
88762686
127406283
51326671
51200175
37701975
29222150
14445094
33790745
86958006
324505319
157764316
201493641
14638581
87769317
54115409
197473435
55250737
12815132
3223771
146087611
3222731
7668952
22253558
18248645
729281960
327776933
637183798
15518331
3154729211
3329149637
2563814487
413955323
3243019727
3346165816
253605527
19935055
3805187598
1561815968
151578581
3184266678
3240418900
117884807
2233388335
3327616900
3061865533
3294460284
457221943
3305854344
3590668042
3713998215
2646723496
4059677356
41737813
448788827
16915408
1554092304
449097464
3190598596
3084254145
135977853
832156290
1278912139
3055757794
1646444784
3346052121
2412611790
3665598853
922359546
19328956
217148599
2870515126
1382532901
1397641946
35189987
3600222856
2946623517
913859954
1881728618
137088092
3128825768
4015966692
131669749
289518728
2790030194
2475307580
69755180
2209022858
3442224077
2491944690
2954484152
1644874213
3407739887
29246547
15162193
28384755
65512738
617525693
157712830
16457972
21459600
82210943
252263949
14925956
22990521
17308994
301594535
35880417
9635662
19296585
21627660
19039286
16670584
16137054
74524430
14266642
19302093
19336500
14524152
46443549
17221819
2496141
20606978
19915096
44965643
2664431
26485794
140461929
54238023
248248262
16149262
14791918
34312227
14780856
7573792
550351704
284155407
17621994
29334444
14501065
39601084
55592183
178512955
42938813
26551204
40182630
21324258
18806753
28121598
863707609
892043808
43997482
14438417
285288150
18698775
34424762
15710348
273784343
16373492
16581734
180798800
13796572
205789121
16942611
18453792
213666152
273057824
30947351
41772452
145749433
74175429
67383778
38243942
314020945
14454482
546139160
546143428
19461700
17552642
16648790
106837463
783214
14463848
201143247
31520405
17171278
794359442
25587027
18131988
175757261
168859716
273183197
16537700
119456691
60962898
889202077
111910314
1000849345
97028131
29730065
21323268
1304720396
31199521
19014292
573956600
297473575
26787673
84163148
116909087
24485050
15442374
68787611
24667029
13014082
33563975
734493
7542702
430158505
63247343
17966374
1879831
16929349
21401466
15933910
19212009
19923638
19074134
32469566
14791162
19247844
14934818
20177423
136361303
27844479
19390810
21208444
98942778
204491797
65104337
41338503
50687788
17448575
19464428
398942686
22294967
1922861
63737212
20291907
30018058
19709040
20793816
17475575
89084561
17137891
1451811
489975586
625901969
41701014
2863057341
266567387
138885978
17836882
36710827
954401089
2409775525
112233059
125492611
364579676
210837720
3664424478
103086741
109479045
143083744
185531906
62768625
259953332
239252890
64494836
362069465
109517430
65365098
40977283
110735558
22068651
49211335
31220949
47954148
82279507
14519812
166865552
34079504
31227280
93786207
25365536
1337463686
48893889
21436663
36325007
271664212
37970729
68605967
26684624
129925587
94954486
47132215
259795757
78377317
53206589
156092773
29932637
23457682
33704953
