8724862
20182642
90892746
122445177
3139950974
1923373933
3192402548
15912582
2926595984
742143
87818409
34713362
2242180784
85995990
2467791
1330457336
2686770528
3108351
807095
19397785
1339835893
8161232
91478624
30313925
50393960
813286
2510215220
16419153
2312262702
39240673
39743812
18213483
20646711
69231187
14159148
20596281
33933259
27830610
39511166
36683668
75069067
17899109
119049214
14275261
336218991
430250670
351120282
2272111265
8453452
44196397
487118986
152719505
14677919
103849564
586624738
76558553
17537467
373416209
76858507
932196612
18725815
449588356
240649814
34245009
113655965
134758540
459849561
1269695654
95588504
517401347
1642473805
391210974
1630397047
295833852
588587397
559345507
283410655
622658764
1141637624
617016144
71504313
92773212
1478946613
108006063
1228278002
1358917686
355989081
7235292
2213932272
129057534
14251801
1516758181
124204931
165506153
2506662439
348988523
50944856
334485695
75816710
292251723
85657578
250495841
2602959463
1170885648
481808951
2754589759
74960233
16909094
297437558
157943864
444568008
405427035
408254056
231377539
61126132
86535708
253018085
16293020
56097920
773726504
1153045459
441817658
49375859
358136545
332188446
138822469
992983208
78941611
388272261
19895282
113278275
135421739
88856792
1867843520
34197952
145607857
1657730988
108391251
17865713
87942403
50973651
17482727
42226885
20609518
94022742
52339151
12716032
67243846
764334150
2574072036
331136088
120965579
25966181
15300300
15093629
231422245
90404595
1464785833
51695213
120348779
1032352716
304971850
923971573
53313935
161318053
6431582
14201574
59103510
1624707968
243584516
346316391
1073676020
23719690
169058509
2299677025
31135086
75246346
706378819
37168231
56685329
32843303
73043514
42350663
1244137812
33464913
17717614
3097503906
3171712086
330913410
362973399
2549477317
29398579
19760270
1910442534
310239584
50943008
59983585
371730289
252018855
277434037
137780376
1288175774
1100927498
141208596
582653236
61458407
40400019
68977380
75509967
2785480981
245687754
166665752
1368737382
373280952
1642669674
296612629
2597413135
751400048
231033118
207809313
295251095
287156977
219617448
130104041
279680904
1251083774
350128848
1324334436
1072993274
97217966
1856414335
77732185
118757160
56304605
24705126
19929890
177886974
2183816041
258283931
347035710
58243368
373410448
1346439824
2222673457
2541363451
298625735
1447949844
44588485
471741741
18373968
60937837
16947322
18839785
350307537
458992712
