44588485
4109241743
3814655002
15764644
222953824
17629860
59157393
86613184
24886025
17790667
62513246
17544803
54730258
19927627
1434251
14677919
427475002
61156375
102594253
2729506932
15639696
177547780
122928781
65659343
230140702
92726549
783214
122995784
185142711
50393960
135421739
53556894
162686426
66334209
57998991
366947884
2176493124
56913467
130948925
70903729
43598400
68399705
58240099
3004231
142722336
141971450
34507480
950165300
95023423
20416406
102382667
57928790
21701757
145125358
1367531
101311381
149590738
14780915
19923144
54829997
18839785
1330457336
56631494
42519612
6446742
150429478
1339835893
14939981
317034396
97865628
443215941
51376979
41767069
813286
126587653
15485441
103225216
108936259
19058681
16302242
26565946
87170183
9695312
85603854
136361303
243381107
116362700
2459371
2469605695
101695592
33801019
84554399
2214472333
79708561
60865434
17915334
44409004
56783491
88856792
158487331
183230911
3346825332
107318424
44196397
120586969
18483948
115341081
28201743
415859364
87174678
113419517
154280902
26053643
105119490
195703895
213278292
18948541
31348594
73992972
21982720
344779704
18159470
338084918
16190898
25110374
18681139
48177728
428333
19895282
15279429
155659213
7563792
382267114
321970500
5357812
560641368
23592970
132385468
16409683
94163409
3151809583
316577087
68497896
21111883
7713202
268414482
107146095
1059194370
325830217
27260086
6480682
26589987
21447363
11134252
23544596
11348282
98809456
76348185
14159148
265483421
300392950
25460615
176566242
23083404
46296304
17019152
30313925
66369181
31080039
1093090866
14230524
17919972
55117855
205302299
169686021
23375688
15007149
21254264
26257166
3303293865
9624742
17074714
130997057
3353566654
586198217
1337785291
197598287
