195288840
48372408
338625272
234432241
16576356
602541225
57607554
374055885
75099500
11911322
3003686902
2450266270
919283569
3833689462
102722347
188018043
1407103255
258938413
841153616
1571083518
524164903
3342690863
456607779
118093941
453807241
788524
2549518892
2332206391
16973333
14613124
2941524832
5695632
14401607
34655603
16887175
16343974
485778936
65647594
15438913
2717895209
2585239523
2791658052
2473037815
539098814
2575296733
560260719
111816507
110084340
3611980042
354747967
357487383
73892470
1367646643
2759365803
3151609827
167980308
574573727
110660431
84640862
169973348
1462559538
203999954
1637802253
313308960
140118545
9624742
66369181
7152572
222953824
17629860
133456403
2359926157
1728610075
2706751056
2755183484
796057206
1492734818
2812768561
3246115126
476910003
3891057794
633782079
498021243
146596674
3042874820
125334114
295748682
2571684630
1443550188
3410845407
89322689
488471348
2696906540
36682650
1193025872
91727441
563752345
87968068
86640232
15658101
984230941
631007825
3030510061
122923376
1055021191
1464243415
120157936
439463212
246278724
3429823846
119382683
18044394
1536651
184389933
1414519202
49954018
29416653
123920914
552494536
2911101610
377925281
245993039
614300443
25508589
3294231929
333033769
435006062
38622422
79734979
776156737
2299687555
955439466
3191437439
34214589
89760824
100218289
125610372
207500815
35726476
369006624
3373762791
40848062
299831200
2282325169
2267076421
352849388
4099805172
250570591
613220054
2569591839
855673520
20574329
36182000
453385454
78400475
2959911587
59167312
545166194
1643458734
1098186487
245874727
217498355
18874868
18534819
95606530
4023062896
1571376218
347141812
2563039242
2829853405
550839788
2239640845
485505777
73383656
2171037978
217126560
84404216
730495038
340197698
387290553
247912274
2620734923
229043036
22873
2482055689
3001667398
2994469282
107549739
15841369
45607154
131250818
1634745079
115754870
51241574
64643056
10330232
2835139150
536645104
619989343
1113935108
266178979
35773039
14293310
1549029596
587001586
492648852
2975169231
14677919
1732055160
370303401
1878569834
2382402487
3186964814
550150097
284683196
874952594
14397507
2323555374
120297748
21334326
2579884938
206787299
2882027985
180816153
197739740
77212217
20224969
4118771302
127987566
32480499
418829378
2576893394
701858228
2358791680
2912809576
44334356
116907977
300718317
15788889
1307264654
349246525
555118457
110827653
558154167
280961740
322227002
3017699397
162058810
155721492
1129593709
60104791
7189352
2789592298
341775267
154462399
108886104
534776087
71501923
101891295
57652561
255469675
343286996
490540852
915551024
197431604
586785492
612034777
385967084
378070152
265030410
5698002
874916178
437440151
79952828
86054785
2566535282
10652262
129199566
18969131
1177146668
365765843
10210192
257609533
317638608
1283547805
406377375
981352266
2826292747
19341180
43726103
234357289
1307044554
3017771944
41805521
601829231
1103159180
43086900
306336800
1061137099
519225899
1613344746
365617156
251258629
3832323928
2283705403
1690415646
949423506
2260259156
164713706
2184489764
21741353
617034123
1391673792
21875176
121019896
26223989
48332703
2328866285
2888080786
1976291443
51481519
135055432
394663818
14482175
561893193
3207382295
23791197
5881772
325446376
113335501
364198635
41154727
23301990
9679302
14597722
3234227242
365251227
390891223
2338686942
3075621717
847396122
19744729
369473630
575809173
199537024
152768132
809399268
2160121742
602059258
1446374768
1652541
1291274232
380925855
546941531
34713362
18762875
26995562
51082704
29707536
80695073
489408915
250274834
2785227495
403208657
196994616
233107425
296310750
1338697981
18903971
238080747
125203478
167712285
62239244
432399815
2900624352
483930658
2202155822
22162815
60927960
29408092
27342429
555932082
1342191438
202557005
87162538
1968854814
419723504
91104919
124172315
169426475
151577095
194538554
4170538709
35491714
758042472
279087069
363718439
327497119
81894289
2972987205
365505352
35287180
763758283
35777570
3436646644
258835467
405587804
394110651
20043573
235217558
19834403
957819468
14224719
462903376
67310519
524452728
305234206
400334965
218769867
50109813
19332095
152357863
2792665863
377865343
22563331
155499136
126588957
510343602
112682269
302500864
106813631
378693834
275009358
56340661
461149119
475855309
2888110805
480295882
1530750853
161415462
302722774
113519078
17871187
252800491
38842192
2493969102
57732899
558998380
245585038
42463854
46371407
259836795
626529539
83120914
22946293
2730020462
860285238
302564474
14218578
57060162
20399735
1633660112
17839254
402223330
47983504
33513785
301655015
482880878
6887652
3063840045
31159552
260365722
3458124028
1463176700
704779033
28332028
61164655
8835662
260275663
34224009
92537561
34223671
263572557
78242617
166214081
82585925
38170599
72584615
291596081
15468152
195685046
321291985
281238372
302049243
373380797
308679667
75835037
337625605
186476435
197544821
109812078
96589142
34737026
90213431
31177357
429710343
376252824
273989113
378480926
84346546
274544426
223647546
123836660
454055183
464658291
19618747
139711739
389971884
233862301
45820091
123242793
327184248
425643814
587296175
523335216
92278347
34222231
75406026
431148932
782370800
934058478
388805808
369422109
305116699
52397091
1011164503
435681893
501029533
288670629
498243963
1057032414
425188796
888530046
1304941086
1382989254
94594788
457644056
159497172
7172372
305655418
1054918663
1358001992
1713073752
2234579251
519418450
2365378849
1934082547
529397593
1870599732
36322517
2570665710
2615320082
72343264
507447049
1572558985
1627734804
2524799365
2443718293
899954136
84895558
944611322
872426652
516342405
449635096
1883196834
793641810
485852102
260970438
52751581
47915502
2873373722
3323506475
2151369139
1524650071
169949639
2812977836
3590044035
1222348645
436816838
297904652
329661494
1688000720
1037305004
854928402
2427588769
75361610
3384481683
2851497585
2221482198
712560589
407733171
556354749
4169684482
2793887093
15159430
2249421594
556842654
4068277397
2303491309
3302446858
3369174917
4045163177
3280174491
114037178
592616570
1048721742
3130703531
2785551645
17226612
1534732470
2186677062
498267865
913156280
2844827524
130563345
1627804758
1952304890
222940082
3044669003
369245377
3121073615
1712959910
5973812
2858104001
331687827
69520437
23459220
367047498
1137624588
123298601
104780439
3074741397
2791333938
3292469738
1606353390
3007576649
2184612721
347258781
66646461
30211201
2775090345
61099340
4039675469
839178876
2479463517
3022266923
432793978
1253174580
354827087
1331780137
2735053489
194988357
17814716
299688455
270453413
860148638
297939479
15015309
35877766
2837730179
2485068769
18148907
150610307
50287177
1934941458
361432615
369760052
2467791
33160996
232669813
377450220
2334947540
3295289505
3088562261
2596601173
156052545
476947480
237721041
78446456
2348292432
317042569
1264383930
3012057028
592224787
1107488156
1918127900
2412970675
1339668680
2610291230
1886476292
2350034815
431590957
3063180831
426418123
3309171795
202296447
195514753
54236582
1972280408
224611717
2308677205
1608746431
622127331
3372528082
327141260
1268602087
456921513
325553903
83838493
602747978
219159546
127993244
1037979830
459608325
314999700
565872592
327019217
53376399
65996770
136040309
110405932
234510338
2601514615
542791733
16122813
2840772179
114473870
809515627
1215215353
16817693
286123567
316426340
68674618
2803935829
484972911
434342318
125041033
491343921
1020272329
366510651
523512413
2984512121
3051023136
2575335584
1945343756
469744037
1007408353
2559315212
1886522210
1563191852
2503451907
1454251502
1216062188
2540123425
1443997460
2585447911
2182151027
1350390356
1478149386
1941002599
1370008838
1352613577
1309606866
2340716154
1951390255
3047992576
2381199576
373664822
116348815
3311596019
3302945505
2381071806
3092351741
2336208606
2407391690
3333001823
2536400553
3107339127
3327072423
1200749316
1649338844
22555984
804598734
2871272867
3150305918
3319065832
4162346892
3017641993
220668191
307746606
2953014611
871790539
2784591818
2540736835
390044742
3808596255
3335238441
3364336271
3351482321
569282698
2879008699
3424295032
3365064071
3351536169
3200145239
577451364
199170404
2291179465
3103523828
4138288773
607106375
438822521
610350527
528966934
111087017
448991865
635809246
718627364
134669129
267762814
734943722
633716603
233164557
817621010
827139198
858377888
890299362
891762444
103378232
859399428
939775207
911084162
989017910
429206524
450149149
327460949
627002270
254699182
49618358
237075897
356641509
51797285
1055648214
1084519800
396413768
1117790971
883941307
1158868940
106380579
470289079
1228571096
1247508175
951890426
805574402
1283776507
319195293
83256635
1381706000
1107635742
1342292395
27937434
29625226
1426632632
1433006281
889587954
1441929354
1448858946
551016080
1039075098
70205418
832853832
1572355908
835788451
254326068
95957420
287952868
517186485
1671574262
520719742
1521826164
1681700588
1582979323
409486245
719707219
1508220349
1927409605
1959977893
36465522
129206178
2160717104
2157222735
1110175674
225075386
2159019982
2172878376
2165588806
2176377506
145797233
2238152990
2193230114
2256829626
1637885748
2188949538
2290362601
2291463864
1631713279
1720951688
2320516152
1317453536
2329151868
1430706248
382802296
16122747
2350464390
2304358098
2218093816
2331086847
2361781698
504000230
1971543210
278275359
136023826
2388044648
2407664626
1071552175
1394749272
2401079845
2401907772
2407383852
2411256704
2408301350
2451043613
620281863
2403259806
372497780
2450686766
16476080
89475669
1569183236
2475793849
2488466408
1086762096
2501942700
1969574269
2365876201
2493588828
1198720087
2586451824
2646114384
2657746927
2666428188
1581002125
2704682330
317231122
111791974
2759184582
2963575486
103213065
2966700334
2530934077
78344827
2523818077
3036068147
3038173652
3038644525
3051187190
30204181
2518649246
3067228885
3084455595
3106082867
3066848743
3102104129
3092152779
3107965136
33944323
27757326
3132496690
3219813879
630606504
2565824286
481963998
3187087788
3316253722
3347317054
556044317
3061295882
2990752720
236210332
3344045056
3378832839
3309132357
1091014250
3103965152
3296084306
851352812
625662405
3140997029
2352746881
2882280851
18964313
2891154327
2460375228
613802417
28966957
457146284
2879672181
237337710
2942278270
2970663011
146987910
850148262
348020790
1300290494
2798753099
1422732726
797846424
2981279608
273072795
3018794419
78962877
2901782769
316595602
3122163473
251093872
2367332732
1962219984
235014326
3131232789
120172281
3028839053
1114370197
892543705
131273339
3144702905
3272659075
3253880181
229648170
235591376
3505085727
3502748837
83292526
2340517015
3658704029
630913728
3815548215
1957610347
320316791
3941377648
298898225
138134653
1244663557
1395955176
3232111399
1160943936
4126975455
2471202194
3082211037
2855822252
520921872
3508404563
3641333535
1435113216
3468371842
235339431
2716599926
3863340808
2866342606
3217115991
2831135960
2937161554
1288874893
195042616
774423799
996148392
351688254
2772238265
3065900255
3502339036
4097270554
282933813
2937078005
3213612019
2216175841
156476793
3949125615
2567487584
2834855176
3931740443
2820516746
108930647
2868239090
2945770065
3074662809
3092358353
2973293932
3138195928
3006022955
2861307238
3402392951
3153591976
3107866973
3081406378
3038440748
3973868489
4106229219
3020197641
2767477258
2700629532
3040786191
2987229616
1242078145
433492314
1330066884
553710361
4024504113
2857157862
3473312657
2365230340
286887757
3068159271
3019780391
2786118579
281949866
771687019
91969288
3073039822
143196426
3241678371
2629014170
18906599
2207360743
3325737816
505754113
3288422944
3949271183
2272506983
241823065
1676516330
2893755307
570888848
3245547940
216858931
794375071
4093901555
2570415999
89121631
2194736883
2396949643
2967623435
3384784721
343296454
718815116
189815209
18122537
1959357697
3198601308
3553187592
21436960
394112602
577155549
2340069624
395293321
3062875669
3135187154
109263459
93644596
2172632484
2790069319
1429904101
1030759795
784306729
82619944
44350557
2842576881
113155430
132543309
43098525
137726385
54835797
148346401
52417663
301356662
2288590538
3954413129
1402324844
545792128
2592841849
867702012
615012976
1978782427
92232561
166989968
34570257
2829140939
360807903
191455727
400189987
2788079502
522994958
1486413380
908518560
1304774934
4142069627
18451788
492901763
1271852322
3366209314
268420410
3431679137
2842497633
19063472
19066345
2097571
1723066160
110435346
2928758141
2510374603
181698945
26553170
258958647
920763996
1970555412
93478603
368822794
1536791610
178295130
2805523008
1900027512
123830541
2799966310
402773168
1970957431
60783724
1126255303
2661471803
2890599303
1081296998
2840700568
480769895
2719156697
160177580
2839599238
527399540
2775713548
3904466657
2861607093
247450875
2712137534
3410323811
3401061237
321297281
1731630366
581142995
1937620604
397703812
2583708617
823427772
2392462466
36028807
2353702909
463267950
2482344018
216030118
3092694351
625596356
3137468813
854550733
2982386075
885126650
3192287757
581074378
3165821697
128923984
3221179829
239103179
3177878243
70711593
3306493019
2436574573
1931060550
3302287714
3035129517
3074031050
2719441087
988316432
3322956783
40071118
532178115
126006578
3342970335
773100678
2207825803
1589098538
3578590701
2381151967
243570965
68112671
1960179864
1979199092
599522435
206298905
1336757018
363726351
1605661184
1524855032
54527692
2432355774
2290954015
102066249
618055914
54873596
1132085947
589136062
493919669
147488710
8536392
92839860
712211490
461311804
883142983
707416680
70471176
837123698
944400109
2175648001
112754792
28861332
2805896213
2841968733
2936740834
2770966577
2310687010
302693733
2218036583
2258962195
112386637
125619064
356902110
92548542
386053209
767114161
104227735
158736704
2202052592
480405159
569038338
400052815
463907386
296141430
257982260
425694692
241621126
92795265
1885126092
829899908
1024099315
412127334
111284953
111857829
505995835
1153857822
355006956
500713106
2201419874
267925239
107707992
1039409702
117085949
84545711
38409296
14755217
42900697
2315443916
2867219907
92955858
2821190379
3170825411
3393930579
2913291340
456524623
6139162
52752128
1501910604
2826285679
3900227549
121492226
1221651288
233532563
237293565
112663814
739034090
870098426
448756864
444543403
63454106
1536474366
2203166838
97624881
387059563
2289859304
83825672
91130731
2313457574
86318708
535438050
2615869656
2814932262
2695326794
2882417211
2906261056
123255523
15095062
2164975238
3020565611
26472681
2409125281
861659948
3074861866
3084637157
2858794925
186077944
2320838751
916499418
3187713873
3178893771
847170962
3014345872
1924360262
788817234
576262366
109320501
3197392942
3003242489
3121772537
103902404
1329298158
312530976
903496014
44144458
140381173
377897680
964093765
2794357463
3212130293
3170357295
3585338657
262082115
168619698
281556919
3475386136
3587601262
3303609107
3907272323
475595222
381087407
3412560101
476210538
2195739288
15105493
557794666
77664629
259404420
3989126781
3439293963
2327807249
1688966881
1638829759
1405964862
1143135776
1031288616
1531578012
943727762
1705205425
1859999360
704011677
1583900377
376669964
1498440787
1459504734
1403047238
1369452596
768319232
1586314134
1269418555
1223927934
757120728
1234540026
1229773428
472927103
408339633
409289157
533248256
191765333
266725714
939693415
600435333
541126949
516927218
706548536
619035731
968477178
1471689852
1595705670
1386713851
1420080234
1318109233
1433999742
1254177048
1347755947
1178261352
550843228
1468374518
1469344310
1901416338
2563910045
2367425395
1949766246
472157664
248420883
976675188
762169650
461016852
400362246
847575830
393420071
1417915340
472099360
1605777768
1416567662
1517484506
986869410
2738012823
1579724688
1539168842
16525183
105103721
25048816
23424509
127804852
32861321
2785148903
109343177
108407230
3957663695
1954259521
96805307
322860624
2894732597
3251361676
3250948648
22615697
18173885
23043211
3233619366
142841644
595417556
3438170757
21835667
3183945707
2231374259
3131026925
2848262769
3101414667
2764571205
3301492768
3292116730
2865411856
432399287
3350826562
2891848600
2834007274
3977670034
873233676
985378412
1322985522
2841835059
4074369869
2605676989
110648312
45684123
614300596
2292744488
3313240774
366748897
2248558086
3303755817
1346258184
3034305784
29912873
12921562
137645230
488266851
120731806
188411214
15761407
1018536883
60649687
101273710
382221532
220050224
210536049
213592099
40065146
23339387
377902950
488488216
927798204
2446933160
938080309
17404871
912084145
76932591
3087003729
15234407
281578040
33602654
34554134
29472803
15165502
17781165
15165493
2825289130
19802879
15473958
2799685363
34743251
1941869952
1330032290
11348282
2233154425
176730575
456553104
1099073413
61480279
1429974325
125339757
47349812
464996769
505945317
330613793
172665401
2445592215
200888281
19731386
73381845
415498269
156209231
84849147
226717053
110940156
122006894
8493812
49393889
101664219
198163666
124187186
121386852
292221948
246292052
108999975
539001309
217749896
500704345
49089233
1121738984
390623935
838045567
15996290
467270125
1132092300
1244402401
1354093526
117528048
2865491380
26119870
18467174
88892492
866842382
74973802
95379249
621874680
569983415
119774936
265659443
827068873
40056514
962573815
62468656
2289836899
17675072
1071059425
712333548
1670016253
201737230
2543359993
14658057
394031037
2837991496
2527888634
1366460454
450735902
574723195
1854165775
3272670829
2912894121
3065718064
3240511642
2807323467
2362504830
972491232
58757070
339597013
309150300
716671512
147235519
137263003
333953006
905935986
48479572
210129280
465993271
866338741
3608876063
2891991604
826637311
29956249
204726744
46401677
306069058
92232739
747678518
1435362097
105545392
560265542
33911077
71016845
402039328
822984456
34568945
46613255
82898516
15748390
228068192
216422736
91541961
14580756
54683536
164638744
544960922
263691091
15514315
518620986
545082107
166480110
22790843
127808932
450736107
518591768
518339915
412980703
29967163
104116462
204264497
64379705
281068213
358067149
555068054
291337121
94114176
857810366
89429890
19283235
42945196
122074063
27857798
423448045
276936133
602215002
436533332
276972445
72520597
47611921
710909960
92713062
376704678
468352275
1469365896
806334356
284997008
306212630
169112509
157316411
619132583
602240442
71212408
308362064
94094549
306220445
288810708
263709895
724546566
596397227
419700183
1920329016
14430936
263594144
44894447
66687817
315339776
920790278
1433693564
50028705
1361634872
1684356054
2166750926
51415594
957725682
117777220
435823876
79135853
41121600
60615239
132886390
2649991
1338624512
2274392432
348367396
784691330
40020715
166555204
626339308
249636040
16364734
1243890529
339007861
414120561
126335826
1303640323
936567134
122297203
848950321
901833126
316420160
321321858
1201039856
633962015
558756172
539871541
213366108
105197108
804636506
847470097
2160468349
57284715
1583457979
1734715694
1358860970
1889010013
262421906
73399149
1258252933
481506614
421025348
2226769632
2251938649
347845412
899443476
44915863
140398030
432352221
447847603
273946973
897790201
1331593932
16011644
575605771
172736246
125604015
456532961
2409200378
2386741128
881844380
931700017
975722496
478469590
23427067
2273150478
2284832220
181299257
2690224464
1947980534
220280882
364772699
98860704
857691266
554277465
237566213
58167215
806945395
1200228499
27373654
468605378
626390709
569206063
52758588
22272550
228656767
278536440
808907966
2422003562
2491227505
35521207
94131301
2564798328
2458141392
2420303552
381474216
998208980
425090604
312708436
1171360488
769690231
1035036474
104561644
482082122
202647483
245317869
48286479
308373404
993302012
391030721
112971248
132588518
3099286260
2848353268
1230868171
276654737
71256932
427475002
81109609
2841885215
1259698710
115711568
585974414
303849254
78908122
2772918919
3427697301
765388927
3007997264
376761086
966375480
64759929
3349661230
6887882
16389573
471016857
410948302
440954376
116063765
153329640
280656259
993878756
1591237452
621169905
2205307848
140776364
137253079
16144151
19287037
3146582413
148501390
135443828
182857317
380950382
102074868
3972973577
39512482
87818409
3318406450
3107854498
36932487
20230015
82290916
14140057
69060064
36383320
34867057
357412940
38395124
2893419963
2858621901
2343697988
409340400
398142549
515475001
32571004
109657636
27889439
58422190
49647759
569454620
912169207
156217310
2816730181
2597807755
171461446
1464553784
507386002
113664268
634346651
2978283819
622015374
2811386953
411345523
387335648
708825996
606904673
499155772
962105263
868117022
1153732760
518612226
1657508443
2467323504
1112782974
2491624352
882007880
537209801
867631394
573873288
234360541
1693829256
867702102
786815718
1039814618
579707306
900858008
96804045
87230161
56107736
1482144144
845729276
1140059006
711991134
1160328606
46479088
20609518
553429510
70497621
353113087
261700959
830762894
300190134
65399597
989840072
13058772
1967573821
397821088
450515662
342714817
2657680043
116158808
1699930478
589211273
377264073
366543176
396124645
108320230
1516205035
2160787430
108928379
407767617
39798884
26031424
234366242
130178313
206118081
373416209
309311510
72276456
18578222
205694497
364513528
17744075
216369786
62747302
155948847
49292117
16996244
272666019
33881934
137625490
89660031
58469224
293004378
313972138
49678509
83864876
291591297
320041978
346589814
438360874
399076934
113591765
609378645
96019137
204264153
215063112
73369280
135432853
44399259
464695627
16097522
457808051
222153850
35022597
20925584
15428397
143909021
744877650
783036109
111416652
211487219
150357985
16143105
301913924
1103482686
11694252
1119372126
14699022
718418466
2156854844
93484066
15363984
367926061
521152650
20193041
109983650
127477641
28011452
3190688158
372985463
401807775
107096758
3844268909
2866901461
626661569
549290328
1968406652
99600641
499009163
279178795
308151970
549536879
16122821
386064225
59439411
16128409
2290183160
78085410
1206108030
471163803
316956459
472412809
520449734
162023981
2265879631
1031093636
55176518
2160504607
1091670230
588972719
372333314
2894706052
3900530483
111277063
54273415
3542733557
437027060
3368868581
1910763174
118701034
43122860
20814874
186514697
42871498
311370808
366652756
31143957
14367806
25104363
22090282
78619534
408402707
166262150
16432380
441833652
742817124
301431358
25489768
87467640
853721370
544352394
294067474
198448253
383192181
134733384
463792327
1075492267
181575919
174184785
2889252802
72551254
87755670
630170210
95209647
15425377
257057825
69032746
44324383
282133449
256989015
25103967
469126890
82916410
104156771
16631437
875605992
17590461
292938504
1453563824
75519531
1405741465
633905934
1171759788
1477875343
128598976
88893451
277151393
2423848412
556741949
2881765713
2350221194
495499259
3001492857
2204685756
3326733263
3129689513
3367716731
624681856
3013497511
2967864021
52808449
409381881
251515659
851695454
32359921
706843114
44127582
634894096
69424452
17710206
419383513
38402979
71241141
57912620
145956794
109601736
249546412
305718058
51995481
71232198
432806159
124834574
137380448
218799653
391938592
301416352
15969561
49631288
35868025
217473382
223406334
346581452
22428439
455810468
260280517
18387196
234035533
478542962
116729780
24150634
159161738
242313020
377098148
70910117
480377384
24906326
159426410
398000696
263726637
766379792
951480480
414800278
819772525
19900973
38021678
372182708
1731593438
93830142
1259475739
1360546856
79145543
268227446
110409218
2564938826
384380303
38532589
12609292
233928962
1356359034
104862780
332705703
573718530
191274647
52010896
3012235893
125987785
412213891
607194817
47908820
89681473
123942210
90556897
547039454
376679830
14472715
2407406244
404000326
3597004397
15057943
39326006
474018919
1440641
95446480
83784709
82382089
17172319
24744541
55254676
8460572
16222469
22245559
75987289
20702279
22276825
365140508
29499020
49969223
19438626
105116603
23341062
90635543
17211968
280973617
112778868
374184532
48949826
335363786
365355001
87886754
149813090
57315555
367186655
390156878
96093611
74092783
28565356
18814998
256905843
27412519
388981507
47399805
19976004
34225599
213754264
262191637
367150399
86322463
17487476
380902292
359979086
304909941
257023378
102397481
369914677
90891428
239867102
185167847
116025332
29701712
87212906
100861266
13353862
314480253
214475055
23317826
8350912
209825928
185571761
95455794
57116930
3108351
353611306
16717501
114704955
32394550
21313364
24023754
17220934
63601156
311453892
185976655
399394615
413839619
34294667
85362553
260763598
31444568
30313925
133663801
34570323
110191018
34566426
377917660
234948120
282524379
78583942
72592296
109222494
72543789
254904687
49783304
29955464
338985020
280617172
272401679
110459051
360680603
17172412
306686182
279137479
26073581
90245111
23458148
362465689
18396319
38142665
256546408
39048311
29685252
92564226
284542499
47951057
35535694
413129652
177662118
117412541
68440549
194114947
487928002
490126636
96780715
92336043
26725581
462447411
90409722
15823722
499856023
114222231
74431912
169017279
358045303
527252713
180803866
427288938
551669623
823333470
370854282
66371207
429754596
141504728
148583252
519339693
867691452
523073160
483087012
982268762
80820758
382027019
596420812
50393960
212640149
454336881
783214
1180649808
870192067
36725605
125357981
1037075822
159422231
1283588581
1330457336
1364930179
88232157
1168426548
131211166
1356382759
18858998
1389020562
813286
93722614
1429821811
19531898
863671694
868803343
1339835893
433286517
376812938
37718165
257428058
306673171
1600434144
1533861080
617325912
1900013413
1538796156
260743284
584179091
2153651064
1245747354
1916605993
242694507
1602649694
111611747
2273187140
2325327416
2310376344
1660037526
2389235778
516341995
2459760080
1472569872
1976143068
2751751940
1092582644
1598644159
1582853809
2805830567
463153841
964928286
20095109
2915621793
455806353
122133343
81868380
160864441
560535690
1134643441
112500857
3236010701
16589206
2272707305
36624467
31291389
14511951
807095
759251
102948151
380648579
1994321
15892162
115394143
95667467
58913261
2376263204
70385068
352289815
258345629
3238826973
103821088
3327776975
39044243
302508620
