4089458235
1112604732
34990326
16935292
2471671760
125798508
2855417341
189376144
915992329
26635704
553444394
409486555
10810102
2317351705
101497844
3024749352
1723475635
16958346
28657802
53303554
14050550
1000262514
149180925
1892683062
1093090866
29442313
970207298
121919952
54365543
24581397
234009528
311987336
20431922
21746578
122721792
40297195
117662694
17471979
423139166
62418341
14208611
61483986
236657680
2522939096
67819221
87818409
846289645
273748289
4970411
2565588118
69271950
20428059
18907865
37882204
37862643
554608118
52422934
37886032
281143904
116484400
85395460
137401758
2570962548
1580655822
14119916
22412950
24578634
15164565
15309384
244652832
14062180
14677919
182054833
25953115
98992079
119405380
5392522
1033279693
19397785
18676177
25073877
216776631
325830217
757303975
1339835893
24626969
186284229
80943051
57048329
15332302
19195914
48442572
15564022
113509194
35680393
397402245
14075928
22811937
130636009
278778939
24024778
348998306
73060860
332611996
383493565
258483856
63302020
74755679
1141090254
460693003
43761917
23859156
92372285
502281810
93319524
31928507
2155649270
113439399
1326005282
2835276183
442237496
1536791610
586892658
1163902652
37046756
577403888
62591681
75206471
44215023
6427882
241382835
47285504
6480682
89503894
20196258
1023096199
59949396
27457788
36065771
9676212
50374439
14363353
1774391
17219108
16211434
36184220
173992307
34231800
3314101508
170404126
3293083333
174377718
227837742
17207019
104630046
726650671
1452329924
34654972
1330457336
78175663
41895801
35738491
8161232
37727867
59351288
9245812
271398203
46241448
2327617441
54092452
2444123462
930223086
2998763314
50633437
43997617
23314335
172726892
15930000
22640541
21365185
31469906
22640681
21731168
197177555
21731244
38453336
37291805
27696993
38883394
109253093
15380717
17242874
2869531
19323267
134831793
19697415
30364057
55117855
31080039
104969057
133093395
166739404
66561957
24807616
27042513
28644174
133880286
436292177
23544596
44039298
256573865
20015311
17844280
25521487
336116660
500042487
18948541
16303106
18091706
7614292
1440641
518251805
19177501
80048596
194643654
14361155
39511166
18213483
20596281
14700316
14499829
17137628
370808273
20646711
69231187
16153562
14159148
33933259
27830610
47560659
16510537
13274322
201831678
34781488
103257973
290156167
1289613978
2205479810
612582994
14824849
44393707
2445787393
136450598
1434261540
2677634329
2718020959
2472514963
126822808
635731019
1726039502
1181077236
49943475
116325497
17796018
316389142
33569515
293850289
3831759088
313583175
3259480890
16548119
19546942
17057271
183063452
529147678
3085907763
85436197
193116688
81163402
27083523
17444573
46479217
18128265
26527812
19549159
18944397
37439577
155662760
23199697
22406410
18291469
204447380
17308891
626565433
74393692
23818581
537645111
115465858
65733755
46006331
15066760
17219499
54991635
195911896
15846527
20778387
57371662
148496087
51643837
73206956
126146818
103130238
14353392
21915666
30855079
322285980
202282251
221185711
20661539
18228075
27091468
20710809
21769127
22843068
30278532
16145224
23518723
25170188
1775731
18129528
8936082
26329195
138072063
35664799
9917652
14511951
2905079001
48331935
3032285381
15723732
20962674
3091262322
43869192
75194075
45564482
810424
813286
51241574
2097571
742143
15485441
15846407
759251
807095
623387616
2565818371
286851996
3989105716
1489789478
21064919
2419675032
981004170
