1024632271
3947225355
149797759
1849715941
18510860
84944278
305717442
27288119
25577585
44005522
15164565
14677919
35773039
16955991
1947301
1674277502
33805522
22974854
161279587
913447502
170254080
18048681
411851706
602964666
4090025233
2900797919
342994346
78139021
58008595
39522911
342836049
131574396
69373037
87324565
78684416
42629431
482425141
271452947
310497473
2515983236
498729590
60057276
16133935
1690036087
96179251
18297088
58065771
1900634252
52157924
22037917
65610649
354095556
216240852
62557485
1314095701
213575483
417419122
432402655
218653062
971008026
77710766
111123176
3021229253
398042440
1573338715
46222364
2885742869
32529120
14754376
17229791
28407958
69650953
21918323
44987020
102889489
489356810
1432440614
45395540
548389002
12329712
73000246
18931556
1702180002
81836972
3303698638
126619415
76652726
2462189112
75279848
517443610
121429386
36364025
2433190615
65522230
389387771
36425709
266548452
2617639712
369089674
56149337
2507226907
290508536
429125361
258342333
253794865
48661246
2589114121
465637959
59583034
325779774
17416180
131833250
964453230
786307776
424666381
1638477150
258412413
368882756
1450981758
2207955895
2859140361
37889895
551788421
1560547495
2979603394
18938394
162821215
