21369740
29054474
204832963
11348282
124003770
17843498
11178902
22001973
15898172
45564482
14677919
1468211887
635398519
565839997
2394377723
3710829857
3025751842
3348970563
2460740314
2170067285
493536545
1675947506
1830534140
2982131283
468048263
742143
5402612
759251
26053643
30313925
813286
15485441
20015311
26952274
2788333753
14922957
183300976
61592079
18055737
2565702971
1373341938
2536188978
185752620
2893511188
39689218
1000262514
2685908053
2462877431
59145948
17544803
14293310
427475002
62513246
2233154425
5392522
1434251
807095
17919972
