14437914
2836421
487857720
1545664826
2892310103
45564482
5392522
15896072
36149833
14677919
291992070
67585729
34713362
16563214
14689197
14221917
14495726
2175218661
133116647
19446030
15755669
15189714
2987521330
84430599
15852821
5402612
67199014
14293310
14173315
946170193
612473
547049036
21121491
28785486
838167474
16739280
2467791
15012486
113499560
2097571
465850116
15754281
87818409
111038546
3959037797
2911191940
14511951
742143
1652541
17093617
807095
108638625
128232717
20807831
80628196
759251
34710922
31171345
178443597
37300555
69372703
19308138
14569203
21663232
19151125
94882402
17391221
52165737
395632058
18587947
465711208
304428022
552963950
112555735
17846613
40097187
14467408
30289309
15914058
111334327
44902232
69402732
606344369
130272950
73254932
42699231
80101540
57426620
26623392
455871645
2838135626
18832202
903048229
17248350
2469451005
16930709
813286
34160825
91686009
2438177979
136788101
507730450
26653581
63062473
24368319
1008501
430087476
100993609
71114107
1636590253
206213631
277108476
500704345
451586190
17220934
91478624
30704824
1330457336
2330659568
3108351
15846407
25073877
92367751
30313925
16228398
22298148
18391051
12044602
21323268
1536791610
19397785
36042554
44196397
19407053
5988062
190430063
2194696542
15007149
1581289837
624413
32453930
50393960
321970500
3126566042
361612025
16581604
17461978
559618664
