2416352309
3519565212
541426564
2422647538
2463147506
866553979
3050700345
2556389409
2923181761
3259755553
3070907537
2166381670
1724883800
2887023521
3387576561
3016019598
991032710
15039436
551416657
1341076670
37877645
453434168
2278332463
8071902
17503591
1724096814
19713521
18253340
1373122520
15274836
117395446
1216428348
20477352
1369956937
17863018
1659333062
16126957
102401151
2250645076
19478383
2434043868
2873522944
248814697
23135992
592527652
1156344793
349390574
23088176
592309049
1392236496
65577676
160319128
1671957470
65589378
2254713240
2957461426
38804737
1104064116
3151529019
16248319
3054785761
1707791742
33495086
3886750582
365815687
69681766
407098503
2412273907
15790423
19030283
73663290
146538240
265025750
8856442
729157082
180505807
355165692
39653091
23261363
27989078
69755180
3163606051
1426169094
2458787894
2594546979
2944610275
904987866
2761194821
838795892
3006867099
3282250872
214762415
3377587905
3160697576
2696926601
2718395319
2730775773
2593391150
2960966625
2199716441
1363161374
3195649574
881522053
3242685620
1440848251
3188366738
3229397802
3043052627
2406548175
2964564641
12405142
429570086
405063945
3378089883
3376208145
2847620340
21747108
2463086089
2966461415
406204768
872374136
101617959
1914897606
2546461663
2684317931
2565458506
2432391235
147898370
3183107974
2252166622
382799055
3376469169
2168768262
2814897829
3267502585
147508104
3376458075
3376537007
84279963
1906034648
370732287
3012612248
263547060
3278957149
3278329298
894537902
1650758617
2746764130
560362416
3041007965
3112256560
81862387
1556393042
3020754171
3371275083
3259720358
3370540695
2289030672
2806697452
2228973120
3000513723
3260404248
2845185418
3346110845
3052770639
355557629
3225732619
216252758
637019812
160286689
360205151
3350194017
2222190896
321970500
3348059818
3272870898
2271376510
1034795719
2846051094
237724241
181561712
2396797500
1654212379
22886881
787728006
1705991035
2916042757
3262779192
389238190
105160416
2796922989
2575509936
85452649
2349175082
180949358
738786882
315701105
2944624148
3236141140
1474814276
914286672
2665333985
2165495818
704629678
1035713940
154915030
2553188606
3195611184
286561274
2954566001
72064417
488176442
233183631
1345702333
3050269009
493249666
3240911864
1399836973
2822567616
3056770953
1631128196
50545320
618336955
3009074469
157467084
2942943201
2416127235
997614374
2576419781
2405943198
2952134536
439125710
158314798
105119490
209708391
264107729
403245020
403246803
403255314
308297673
382402366
1396698397
310072711
405728790
81825702
14222536
27466653
216430965
37972440
125806240
344316738
278328390
405357311
2629502950
363961928
163730859
1088207396
313087874
1906234147
330705266
3007358355
836385805
1893180181
3242499251
3223724828
3386036019
2692164326
3126791618
706372737
2569258314
3233149417
1456983673
476267668
3187324018
2501274093
2278107319
2785970242
3312360508
2979181859
325622542
2784698397
1170425017
2752975859
2221875566
539173188
299946589
731222600
50397341
61003804
1621740530
1865940403
381701727
3133997563
3403336792
1551037831
3100778494
3115485196
3009957821
2608432800
244998165
1862144588
1912663609
217328841
2563610794
372553734
291413149
383648496
3298797836
3408618803
1651643017
2620902314
17036263
2364791490
3409486035
1092154032
3411748030
3413592183
455869857
1056568562
2561006603
3038813277
2742093311
3420474645
3304512698
3349932682
3312392719
57107167
143061632
3425754052
2519657697
3413416708
3313340192
1117444213
3409643373
3283833739
2324411034
400160952
1193930456
2952496799
2875606518
2959591492
281402123
3130034849
3337515736
3431319869
2453221856
2769459867
2582864357
3239624243
3003857893
370140810
3419737715
718775317
1566964872
3437177805
2596674550
1268059507
253117915
2151379498
3299958165
1655858190
2966876908
46832898
1079108184
2789367258
2845058820
3253833510
2321504727
853375903
2979349780
2444358656
3328847905
943970425
2760930874
2548232384
3208745680
3352699813
2367911
1120530534
2981518888
3459174203
16807528
165605970
2756471203
1650273846
1543693110
2447805114
1913485238
373257170
1309870957
2938218027
54387680
3082627907
1125142760
2709856782
1647732144
2260639932
27725199
1003984674
2936471902
2667288733
3121991608
917000995
100130031
621312758
316354172
306011458
970883407
2529584946
3177152238
1926976099
2621052396
492220708
2979380387
2284039989
3503516475
3449799077
2935780720
173038363
42187494
3278652655
3069263329
3522380592
3305037315
1925303726
1073353465
2988949076
1912839878
1078756662
3550814053
1403863400
393488321
165338409
2341294092
562229360
3069800622
2431115646
3449771661
463231483
2806105627
273690405
2961060863
1938288613
293450513
471529372
3010082921
2276563854
2941219467
708989209
45038044
3705492137
1548720332
2663488644
864871926
486920984
2337453116
2939706317
35999840
3285090548
2545352391
3285100896
3763582936
3092269471
3027362818
2906942565
2969180482
2963104731
2491539474
424632005
1895940438
3038113823
3284747624
3317458633
1660725674
3301363642
3768608054
18548136
2536068840
3367466173
3347092978
2902094530
2378738688
1192786334
33014441
2653545929
3331544307
1150945620
2772353381
3612012080
3678928932
1372891346
16591132
2196135472
2477311418
69523166
724408933
3009864905
67377408
3971496555
2265819537
381427816
1066086217
3910390225
412490724
24613756
223622738
3309476115
15820664
802161920
572515349
1180379484
3567039207
399217926
821496211
3060560125
149278738
2685678253
2298603997
3435649755
2859525875
412494408
1467240504
4044714794
3489518605
3377429075
3384825729
2780456884
270482789
519684429
2732450050
2453118563
386162520
3369065650
422280971
495698749
599426617
3234900882
3232606337
323394467
1195069856
387742134
326862137
205957912
4074436943
167361989
76966092
43534925
304973680
2926722765
3398654482
1142901463
3093711781
1319394326
2766647026
17947981
2929845859
69491812
4151344234
974316300
384047557
246593013
243400715
387918372
1637091595
2632172419
145746622
1576702490
2790984986
3024359848
1194191761
70096167
167707702
609575288
91985735
1049177972
711458076
146588886
348664405
1680987314
513323572
1149725834
517021184
227373432
2319732937
1048057634
202230373
271730235
1393218404
235654697
285019665
2148783207
2994113339
335557393
2187565167
1202090827
196782695
1663288106
848200675
2560515480
471711687
588938505
701977495
468037956
13334762
610507355
2324218585
1269955578
866984575
1052832836
1232246647
459751153
2955738052
9134162
2757843755
372475592
603867788
3219101189
360434586
520527145
584425523
2928278314
3141307991
944596651
250293558
719272891
3184681521
254323087
54630573
300625409
2699307331
3168140132
147344222
1132416078
200252074
3221203366
180858762
2315158643
2850484095
57383415
1283855593
341340941
1661255810
74799672
3245045578
1477184336
3289463800
3183558042
339050307
1672913527
298097442
3229616430
45609049
1409045551
2910665044
1724517560
353506976
3239100338
3100454303
619251652
2688629533
138524230
28514444
32229148
2828994660
2905822124
3358125167
3343121127
2883572626
3241701338
257950724
997561094
3464838261
3394508097
74700914
2968787620
103533753
2544840390
1528729224
3634475655
1309272241
2360010721
3781252455
3536160257
2434286011
1573367832
3283223047
3585643932
3300120146
3075990333
82494250
2372052104
3189565525
3053933541
2291913804
243442402
595825990
2760628338
39315755
1342580486
848424368
31328425
44022839
21069452
2516590279
246480390
41707730
117341545
285428167
385156589
2282797938
22651428
950547608
66699013
2902199515
22736223
160396614
369238299
330562657
180489407
81147434
2300629838
989429790
88250003
37338814
28201619
1328756916
50089673
1236507698
24645404
43815496
132774626
116994659
29637896
17674486
29061673
35816856
2751831212
894552380
2442167767
76621593
20015311
602118386
18565988
24540568
398277473
29653923
2956695799
28874408
18741221
23741531
382978384
23273872
17944853
18028996
15498757
176669205
19604744
348682754
715569331
1589828544
39596022
33105291
15471060
1706564233
296434329
19748674
20188930
30172483
412579291
14163722
16076032
485377857
47285504
1359573744
3054361793
19725644
37710752
11348282
89165617
3819980179
2916305152
52551600
133880286
27042513
45709328
50374439
39538010
104086983
18236230
20346956
74518740
46769281
21278412
19028953
23613479
101928415
1077914569
17915334
24966423
117778179
23617610
19923144
35936474
16303106
116362700
157140968
95023423
10228272
236699098
85603854
6017542
26508064
19362299
44409004
1652541
100220864
16409683
742143
32959253
115485051
34507480
79293791
19426551
26565946
25521487
428333
2557521
27195114
813286
26257166
15485441
285332860
176486829
471287735
262881419
166767883
19742143
18953259
20155652
84125491
15253147
17336417
18887526
19562228
2446799695
713993413
265902729
17753033
46345843
108568373
215952307
44874400
17020962
580089228
8974532
22646514
188039706
2377180886
436182619
87410476
17820947
49585215
36909693
16686144
22624932
18051149
17004618
41814169
175524737
59145948
2373496476
56810843
17006157
138040925
57336315
113447429
14122768
89700550
15084853
21356261
21008866
69838723
57343275
59157393
86613184
83876527
24886025
17790667
62513246
17544803
54730258
19927627
1434251
14677919
427475002
3359851
7861312
8369072
21378183
48485771
56768257
19738805
175624200
64488804
24585498
117652722
63485337
5162861
10671602
24742040
15220473
17088779
16730355
86330674
17308994
36782022
49061402
29730065
43192807
50620668
73206956
148496087
26527812
14353392
25170188
27091468
21324258
27083523
293850289
28164096
30278532
15131310
20710809
30973
16581604
19407053
21323268
20402945
621523
25073877
624413
8161232
16228398
91478624
113047940
1536791610
1339835893
7713202
1330457336
73181712
36042554
15764644
9624742
222953824
14159148
17629860
939091
30313925
14293310
2467791
372575989
34713362
21982720
69181624
18812301
22685200
33514869
20182089
759251
807095
1367531
7744592
15224867
51241574
16129920
17602896
1198406491
20108560
16312576
25589776
20196258
27457788
71876190
48410093
25365536
23151437
436266454
15846407
90420314
183734502
19546942
72598780
59624844
76256268
141052723
15279429
178111058
262359713
53153263
47459700
109702885
136361303
16193578
326359913
21447363
14230524
17919972
27260086
23375688
268414482
21111883
17074714
169686021
17019152
176566242
20322929
14920785
2246341620
379408088
25460615
46296304
55117855
197598287
3303293865
3353566654
205302299
26585095
31080039
28785486
23544596
6480682
586198217
131948686
484815388
783763632
2181233851
145107843
130997057
98809456
1059194370
107146095
265483421
1337785291
26589987
21254264
23083404
300392950
111557626
16669736
385340015
18761643
185826799
90430970
34316513
295705264
208490036
150246405
81816303
100480169
45842047
369583954
91334232
240663429
8973062
127903007
3329792805
210208506
22128494
132123068
1245699895
280430548
