1183630597
2856886467
27574912
324433974
236998331
30084312
2178916284
1949857346
93350299
2812580149
18398776
1365290540
1470826232
161128380
56235758
2376767246
2432832212
2577451093
1733621
191555835
5548212
42743795
24479107
62846953
2283195799
2227420380
35236870
520087929
22815781
272469786
3293085910
3232618806
3307464976
5514192
15836013
701184211
37810061
411328666
3439328103
2321555568
1485348654
74526087
3592708992
1720438226
2845863449
103711636
3906812364
36728196
491474751
121441121
205314510
49180868
190443558
17636008
177466445
559198420
1249648118
476149277
1179838992
1336734846
366235655
426681776
21677417
57954439
482157001
18536733
33370627
1263254268
515719518
1064163241
216732502
200202915
21845046
43952827
20751583
619038614
1359456366
234960180
606442285
600075716
362266656
255626725
498208950
841116024
1379697841
1363228160
63206534
110562924
796192038
173967229
514821702
636137832
1306406077
770842087
18650003
1706169709
190028784
7213182
411081231
753014234
42718891
1769779274
55123613
239543951
591241251
43675748
17027495
17917766
118546154
1884592548
246799765
1961259570
136624064
600440378
1710562304
359209748
27918441
1505197272
112470096
50624531
21727531
21826893
1138687164
198973535
505070328
182145367
2346707842
1329516092
44824928
2214501786
1668564462
2387057329
25811667
625674537
859125830
2583281796
2477910962
183682248
2655177878
2403194549
2828988409
181463827
1004421782
2901600798
263530697
222015987
3016122265
3024706537
2935299418
38640423
25887466
559008735
122686031
205354507
432156965
22411342
52102265
454197736
383775531
48723840
2340298095
281227025
1548425238
14959640
3605737576
35728314
30988479
48050414
235059362
1154164886
2496563521
2524722595
1481873432
150082224
598331179
110900953
138358705
255738609
631506588
116994659
4207961
15143478
37710752
130617778
19725644
19697415
24216951
14511951
2467791
15164565
17469289
51241574
35773039
9763482
16664681
14677919
193818082
2922128834
27195114
813286
2557521
468609877
4171952339
4172156638
18265512
4213482734
4172168561
58195322
197181300
26767220
828697477
1490553607
1972296032
1528062858
2855805361
43087041
3851796672
121162952
4151681122
2533454620
3298484651
3141282020
96846955
58598187
53153263
19397785
881390468
162237835
34858156
453022114
3042240958
40179203
367897056
992594191
435351024
807095
20177423
15846407
14934818
136361303
45564482
