48636179
262856460
18637420
47285504
14075928
36412963
14677919
49794620
1069755114
250729397
16023409
77144908
472817646
273449983
33706237
2209742392
49068640
2228972899
2333017830
2946093448
1150091592
3403518634
789261847
4089381981
4045549725
34508635
3425902673
3130997423
26903206
34923877
23967554
36683668
14755492
936437790
194140922
1418745782
33551732
103550181
15757826
24638920
2379551533
1526458003
213689248
32431468
22679783
16079505
24290265
14571534
14868699
14206711
15470403
31353077
364947550
226890990
394081557
16834046
14055301
39511166
17467699
15947602
14165865
16348549
18603721
596893898
124596859
25680112
3515332036
4100389763
183635872
39405688
1094791
5695632
275238283
18320938
19608297
92503159
15373635
216776631
1542533869
26642006
15393162
811377
14934818
65733755
3015271772
16145224
16012783
133880286
19397785
23544596
15279429
24807616
35094637
17919972
16153562
51241574
166739404
35773039
16303106
18213483
14511951
14293310
742143
5402612
14499829
19816859
14361155
1652541
14700316
33933259
428333
19593182
69231187
14337705
11178902
5692542
45745184
61575108
14159148
1434251
19927627
62513246
16581734
30278532
136361303
807095
3108351
15224867
336116660
16312576
26053643
26257166
2557521
