24568682
144610626
210208506
23832022
459224619
23332278
306388659
406190573
262881419
110827653
109660695
22676703
22668242
314061118
53153263
24263801
27778893
107557562
65726914
114685387
549265871
318944561
15089404
1328591623
339590442
416489257
20908109
31239408
88056035
1006419132
39093486
876545466
26565946
346553032
263907111
28208983
20565284
216299334
46345843
208490036
49585215
69838723
23976386
337708117
40101400
85603854
34464376
2097571
18228898
176486829
35094637
19248106
17359373
29611918
26166324
27476141
22412376
29720347
16190898
166630377
18974089
557190189
543088386
479809444
135095308
1623228732
294164128
79603094
264372723
44889752
8992282
573442111
2880899494
1550004192
77469778
991297872
1560263654
587647612
109485601
200023841
2177478981
22749626
185840964
1409751625
2343633517
543807153
25581439
18539631
991346120
25249798
111557626
64232494
61253155
2509688894
1258863038
376180305
223506319
24942147
166948019
115092420
2289922932
31098828
376819013
157981564
1362031416
1219379624
430868988
632664736
2609935477
1266625543
1205146927
214821759
2860361210
20608872
48101171
67345388
116469425
1960909274
342911755
120117254
60575311
191156134
2291379386
126038991
719920424
323092158
3129222388
172422642
110403621
4198670833
3302876099
2898814171
15084853
33878738
2182517456
54986495
24636272
344831740
57336315
22609609
1245699895
221314477
349000197
29840295
16409683
24929621
24523660
32939851
456168902
711453277
1652541
61875147
2238930481
634912383
324541056
491708429
2473772101
3361447775
791379685
17899893
36186626
290081566
85672201
951542719
169919661
2896294073
1418915582
166505377
2837994363
3410984315
388364864
1215306098
728577415
459394965
1948946276
16347234
26782958
628395232
15131310
18676177
75999003
2306868572
3633216508
77182955
99560321
2343744523
2490165774
2525860722
3319075486
2308308679
3482152875
185988636
249825159
3239405105
390691115
561409250
102052772
21078125
26483321
19778540
275576856
44586534
44397797
81877564
411351922
582893544
221122127
561123667
809352378
277547143
429178268
1325436132
106107065
277187427
1665439760
91390383
1630182978
1017338078
19226054
241981087
41203203
44575899
1897610551
34899307
119765742
1936997696
627856557
475700382
85452649
1359216308
75321172
794227896
87909450
3018911247
2154936404
385959052
224566325
89163201
367961945
91101630
290185974
239537027
35441669
25718192
191562580
112263460
1053286862
46367003
914063900
2904888700
2174036485
80575378
2202822122
68950105
58749423
39495147
16591132
61570758
25053299
8161232
204149182
451586190
600853433
269965688
19818494
20508222
243835805
36169080
115093438
48100887
272006637
148912363
139823781
481222116
16493191
243905905
16016427
16998020
2182652293
8862532
185314895
385374505
17919972
92372285
47363263
278072240
136361303
15279429
173988421
34395888
1879831
225190303
714334891
40080940
118780654
18157057
25110374
42384760
246481013
241426680
19777890
21638823
54950735
384953260
133880286
49712658
262880352
339493436
1154493776
1418986801
1658636101
169291609
182420852
15635604
282789898
43383705
355763322
148872468
1606171123
324540008
39510852
14677919
263928436
2242628017
2900855145
270850017
487434979
467643387
102206678
103944734
130478055
19329967
435187999
90221278
20596819
252194697
245789728
175420754
25087685
176417690
63488455
15566901
28220400
46715620
16667262
24954077
161801527
50393960
363039001
404746808
276243544
27968120
2493177667
191505726
595399535
385326089
482011055
579774580
1064018246
592784394
20671030
15073020
201219371
221726539
217400402
114310898
125274486
303432144
271955224
69688269
201703380
34918425
104434392
580089228
163024932
776631542
98352697
2172727046
86317576
596763175
20171967
2167206032
2221162136
211889321
295597385
245749467
31777865
517977523
110382767
123670783
24365295
305109119
155863183
296160770
3350861938
25594629
3576688157
113447429
891868861
3341830085
94299297
435939179
21997925
599922862
136398319
23512243
773328588
2709980980
2858612801
52221873
339341760
16669736
20987043
17340546
473008366
1364930179
1243943036
242702809
161242354
21516481
77986665
2272885878
299935473
305597828
937691545
280918661
230145215
21092214
27870686
176842884
106156986
21117425
2336780455
743585142
2385146736
148000327
19903360
41564966
21246108
24153071
46357879
784306231
67358777
167562319
93630621
1155522630
295662185
1260250944
2735993925
2419427275
24725357
521600744
1093090866
1339835893
1330457336
757303975
807095
208019751
18760904
91478624
14800270
2461757018
182009795
22507625
1446092898
247564142
2565588118
351659666
258868000
21682823
70456706
183580812
334877941
183396656
1310401350
2301418782
125668125
27707080
1249080590
22301989
462894489
3082205788
8973142
3108351
235322186
253167239
23756134
331877987
121485325
540141618
325624279
69557928
825810540
219416458
21008866
127566669
81868984
461922813
1364224364
289096030
182305812
1085700324
1435480466
459376368
608252095
315973404
459486955
246480702
3347603043
446577246
2965102684
292552243
90414301
215952307
257428678
184910040
278682576
2172415788
2377180886
80549724
1673243774
29955570
52051517
255619642
48269483
19029306
624155610
356479108
277954673
813286
409486555
38242211
36344687
20609518
31080039
1388611081
15224867
96004178
30313925
45564482
17471979
72728637
111338251
1536791610
3303293865
29546945
20788087
15485441
27042513
38531995
36806802
182161200
19472585
50374439
130894721
26551204
27368199
67164062
6375322
21522338
14592008
373617611
386268556
248093522
14717311
146099195
27159498
1308579266
424540318
282735852
19362341
65992743
49114382
65167734
96846955
2169106993
338084918
5520952
101943300
338875694
342138494
388932692
169633790
252236582
4898091
621523
23864985
621543
624413
20402945
5402612
22752559
169641104
2218206333
2280660548
2253395227
2250073381
2229910518
2194063860
1907892894
1725393493
1369689900
1342815534
716143168
439359045
383305835
258017256
44849596
33315509
770277013
471799077
243310535
98715369
43906112
221546419
1112826451
199312392
2351806716
499017288
953481254
837108068
46752030
322907525
563214040
482327239
2447107050
17820947
535793170
842231101
306088099
2775620337
318700533
2831634288
19506790
34074950
2872151116
2601920299
5988062
531164572
24177470
149197899
2862307739
1583192472
15588657
2836507889
2976566620
303969692
486581241
16737418
373413041
110705611
312059091
211868703
41162340
2298285011
73371587
827008764
69317341
3049646270
229906736
2867622388
3190740177
598837563
257373940
1224378504
952525351
2371052226
388335688
1443840744
85064925
443111649
2302871467
2219915904
2188948556
1227993919
1267519958
34097876
26892157
27989078
24531730
22179997
169686021
250517865
23613479
101928415
157140968
8973062
23617610
236699098
19397785
32959253
16455593
1715559943
22705310
25365536
342395303
307451000
1356686378
1908015806
461115478
150246405
