1339835893
500298846
564935665
550509789
441470218
1594776750
487051020
274274329
374599541
65995262
508989700
51276988
224330636
269520251
307000298
712525032
104561488
14293310
14434063
201730985
63303877
14677919
35773039
433863448
319065857
261806458
359082059
26070005
14420767
1198988510
255818033
14602259
31257960
17531205
5695632
238782335
181561712
24286351
560516282
14075928
2175186561
391696802
158414847
440300135
470698938
357312988
19637934
813286
31050283
52185650
807095
2273842027
913723794
461636954
402433800
1689370417
95781960
41766149
2461406847
1423248512
2388121790
51198086
83850551
219158749
22984080
390016349
371861911
600627842
149590738
59949396
23544596
207812905
37099282
31312972
19879313
44039298
16900536
90420314
18948541
15846407
21734298
55117855
6480682
2883841
15485441
15693493
26053643
