164322669
37093539
19197110
17929027
1381211
529802901
77292827
17608613
238763290
16827333
476210584
602884368
64571585
20567939
379408088
2246341620
176566242
17019152
17074714
783214
85772748
7092102
171682730
72568426
18334825
14934818
17446621
23976386
28208983
73359920
18395177
44084633
154280902
5402612
221392767
19148708
19212009
21404068
29123186
14575107
46186400
250911289
1093090866
35094637
3986183653
205302299
27844479
19923638
3305336052
69615397
91390383
20659839
3231191845
17525171
225190303
2819132048
575492930
551177934
19697415
49573859
19329393
73273614
15693493
141052723
21401466
26053643
1924364738
262359713
5520952
14677919
80655102
24407244
16193578
66561957
100220864
24807616
19397785
16679529
25326324
55573873
14791162
20015311
53184837
28562317
65992743
77810669
30364057
80700514
288254260
19562228
18228898
3377047337
5695632
2214472333
110721158
214791922
24929621
40981798
1394399438
21111883
27725199
14780915
280582344
20978103
19058681
20565284
31080039
184910040
259379883
14511951
22982328
443215941
53153263
14629092
136361303
23497233
29337702
24741517
23482952
15430614
14293310
16409683
17174309
338084918
18220175
22983319
27778893
134234000
16264006
90021519
40076725
89050838
17915334
16190898
3004231
321970500
28412286
32469566
18948541
2367911
19030602
268414482
15398806
23375688
188841274
12055942
15398780
28464786
90420314
46939084
14675685
25365536
18918698
20322929
26257166
21021326
428333
807095
25521487
759251
116362700
37988004
174016637
525009876
19923144
23083404
10228272
15358759
32706726
21019241
17919972
79293791
23238471
21431199
31240434
17394793
236699098
115485051
28464656
16396368
35936474
16369343
157140968
9234352
74296039
20929096
15485441
95023423
27195114
30973
29825057
32959253
813286
23151437
17295828
15593696
490968947
853411141
138526099
26565946
2557521
14920785
430870065
15846407
26303146
38456605
25121521
19426551
18359909
23617610
21447363
16303106
27260086
34507480
250373093
14230524
31346330
169686021
21142831
