296623811
752738516
179173812
39863994
191674162
2570971422
4235731045
160664621
487736815
472967330
482658470
2632716033
151660778
140629290
124779370
16303106
26053643
14824849
115485051
184848248
136352357
386323008
616681177
297615887
15687962
18173624
16786977
143264678
3305588801
494592549
52439980
2458256605
42455153
33434326
31672638
986235307
239131063
3132203931
241174677
228184292
328049243
298320111
218167872
16409285
475757358
25460615
65184105
3135249658
148807607
3042939784
49829381
231222291
148061103
219992998
386572471
618519975
296078039
148814025
54343277
145239732
131418981
149749066
153060646
469101555
545450214
24496251
343694145
172793546
342328462
35364351
3241064373
183133891
62465798
354664273
22083910
287435891
205011496
505915529
189850197
21111883
25365536
2495199115
16664681
112523709
117251043
351921957
139092348
313913938
3124259825
217429015
146997636
391037985
75974281
17220934
96951800
398092540
33787936
1347842791
187775086
16312576
90558638
279317704
355002467
310895533
191805761
33884545
175350053
194235019
140549102
118704347
616554112
90672713
50065150
2804138580
5988062
14677919
14511951
2916305152
85851159
28474662
35112839
1948294874
228079384
115109457
314864509
109009420
2666839646
2473430923
28687635
102278356
241382835
74169715
501973262
50374439
262543492
228794007
104969057
431239307
2474719489
92717138
436292177
581999965
115503367
20632528
50515656
862516914
65289126
2820666877
819391675
1715051
2893511188
310463188
22321602
31228241
2877076907
570504871
3004422158
555708399
393800219
16093999
37979530
74817489
124335068
329746058
98508398
278433367
247139125
294149214
789856765
117185027
215187970
574168493
230919253
915882626
1087088778
165523006
154871456
125839738
23677018
2320994408
4161410362
54414081
166022063
1578961946
164335332
2369030473
94333182
483192121
3165817215
18371803
87808186
117632107
6070762
192728611
24271681
117618450
24342206
65691824
1158436928
2482762004
187252290
14747355
1498956865
429249388
22490294
63172203
77009449
398221268
109040582
24210580
599838310
188356649
3008446419
181801168
3716728214
15131310
34396691
17008726
18676177
190592520
20710809
20661539
27083523
27091468
27042513
47285504
47786101
15666380
38682272
3063032281
580097412
1617578467
27457788
33578424
2715115656
381688396
14724725
35376813
37785849
8105922
3092373641
114582574
141286250
18466094
101884357
146803524
500317946
35733038
35778170
180990597
24900072
51890039
131557285
33989170
49498512
235629808
147379436
184201668
15590302
147767872
40562672
205889098
525264466
30447805
204137620
30973
90021519
2282671736
159311024
160941691
1536791610
75641903
304679484
20106852
349300271
1093090866
135675218
749420666
462620364
30313925
1339835893
181743520
175824869
183408601
280095492
2329247971
171468523
146989389
1413012800
182923335
25992212
1308559987
533573263
3108351
28785486
5402612
2097571
1951367990
27195114
6017542
51241574
813286
14293310
16581734
2557521
2467791
18784113
742143
23043294
29730065
17086831
3353566654
5392522
1652541
17308994
586198217
10252962
17544803
49061402
972651
265483421
23151437
428333
43192807
148496087
16374678
2233154425
2276864491
15485441
90420314
14159148
300392950
15846407
807095
17919972
1367531
3905019926
62513246
