321003525
128960879
716489377
126002546
191699093
258650704
4241808433
582877091
1123613466
2990536985
131322596
762160711
84596845
847804872
219340180
2205086208
1372384158
87207648
171496023
439228123
1706102437
3044642865
4164119657
374838043
1925019110
1735215234
129363371
3039898198
1965078566
825795698
2510782074
702855853
15818452
90819571
239046450
21147803
2517887252
2424402342
2790109302
64938735
1128775268
49185844
685513
34607715
1061435054
1972853712
84327770
24126385
836085667
389599732
1177531868
1707359816
1237117664
1671166506
18676162
134261933
1712817055
23117553
1546041438
12366502
4166300500
16045268
12413032
2574948108
2800466720
389005082
155987003
3302154406
110532647
31509026
143869671
36125666
1716872004
320752620
534475006
67371195
35773039
14677919
155696177
2213163198
2347528580
1573846466
2687989010
815386591
3091472429
18768225
1038467466
1491778334
342288385
33944979
123130172
989326178
3018421665
422858020
624008781
57354813
820031497
769858933
17544803
508189561
263473314
2569732159
111181935
2379797798
19166136
2484100481
327528299
2189013668
1009297980
2209593450
3428909530
2615690438
2236709066
309338535
169272907
2563777934
1141113320
1973545453
14155907
2517988075
1112562235
373542836
15918195
300890894
3094901471
256769167
1026628004
47633965
445009545
1158097772
3183906825
1270593426
261506455
3070519093
3507296842
1480866006
2451321102
2322248178
47708151
2700858530
631254453
3665010077
55935923
32714445
