1665531
14369901
21118985
22789766
185397767
19616718
164691705
20437286
231176302
210326082
315617667
80880113
15147042
17446621
22179997
25589776
35415477
822380221
54808525
2883841
16312576
16331010
20444225
1383920448
194447068
2679229453
26028938
17332980
56470183
16425599
17394793
491171103
16028382
14296548
2424208849
15828025
29945848
16463397
2972963567
14689197
99960420
3888351
34580330
129673790
361501426
18965790
209150455
23948496
25088746
20578408
627627518
17387823
14897840
42958829
6577642
857445764
203123011
15679641
19402238
2566535282
39453212
16715398
23405846
18993395
39240673
6509832
18071358
14885549
14437914
8839632
816653
108568373
1630896181
1020058453
4970411
87416722
7587032
788524
612473
1652541
1754641
621523
28140646
15110357
278691695
67358777
20562637
19407053
87818409
34713362
25053299
18949452
91478624
4898091
16012783
5988062
14062180
12133382
14511951
5392522
45564482
5741722
14677919
15458694
102707504
35773039
6107422
9300262
1917731
15164565
16664681
60642052
16973333
807095
16343974
18424289
5402612
22217610
16149262
17396566
19039286
55592183
270535212
270533441
25365536
236699098
30313925
157140968
23613479
32959253
23617610
10228272
19665244
813286
1367531
3108351
2097571
742143
2467791
14293310
428333
2836421
15754281
51241574
759251
28785486
14173315
19000033
254218142
15012486
268414482
17659340
21111883
23375688
34507480
17684375
116502194
13896552
17919972
21447363
15225275
46186400
28384755
14992492
18455965
43158428
16193578
75093019
26574283
