18576239
4150041614
3990511212
3165473044
2532923636
3810311959
3153142692
382583510
16543331
20197693
274031406
10257492
16157933
112275643
14678419
3487091
25117975
14336082
40892068
613497601
388456067
19822242
18996426
18082946
19407261
124908488
46136236
298685583
16331259
8965932
19611233
20785093
55401333
30950136
13411472
13527672
14738000
147845476
16376711
15673837
16721886
14522828
15205798
17904776
12299242
60971018
278778939
1020058453
755953153
352668196
32625314
23504870
16232843
1715051
80700514
149590738
562381032
44039298
500042487
355743494
355741893
23827692
14677919
5695632
115485051
21506437
14075928
12513472
16825289
71023061
89304457
237634998
34425121
4166437714
27910336
30191678
46430342
34352904
34352990
29761786
48982378
42644393
17556990
18951494
5631612
18342955
5402612
278691695
2861771
14956372
8942262
624413
19407053
5988062
91478624
28164096
14293310
428333
5392522
807095
55117855
30364057
18948541
15693493
19397785
26053643
2883841
15846407
15485441
