784195920
23072819
204576467
132754381
27050090
605601195
2352624614
17591170
321765996
1549079918
88974843
298039119
2525578032
36292086
318649497
558334886
22272550
94497610
855402486
7235452
15844806
52682906
136674219
17521340
725445786
25723378
52758588
383075978
140067631
20174852
319901243
19877969
18964696
320318775
39263296
8447862
25021285
23062720
15309288
358119616
23217361
19816859
169648482
68198959
15633626
254328909
24636191
24886025
516794151
62554155
14360757
571453875
235140283
46696817
631348945
402944504
17628446
340272403
317871841
112796663
329745107
332927893
15636291
2576661460
406829217
15647535
18435068
420987009
15576733
2523317676
434768070
15462599
2522775577
405729703
15342235
2701492915
285041343
14536559
2701213939
456897775
15567729
1544068398
250309546
17116809
1525689241
408446901
24810051
2361516942
407003104
631669280
33722469
1449744306
756663138
15744643
244998644
182220456
55267464
182421263
225553867
45571759
22981545
328695608
590226096
33345091
225010383
604772054
193978434
1133129990
1724062170
1329771756
139510761
1335002192
2512494217
126592212
53689588
88515943
2934078309
193085856
2827109622
3302124063
2914169049
360189869
2374360939
17227586
40631720
28318583
33150122
47213732
23371894
43046805
60774632
9235982
17793087
22445982
128359217
44835347
23177562
20657901
20963690
29098641
25619410
14353392
39432938
101681122
28346846
25791770
91041719
20721921
177434930
58724919
105971448
135323671
154843423
184966814
43072503
23295864
24617148
20203870
86417148
242209139
130417544
27584658
35055854
19048014
172311092
262091725
128453383
159331713
239160456
106961801
224112100
265147488
229719801
22531456
31392491
19178668
19964948
36563591
44565126
33443003
202516830
138674100
96717383
172587927
123433969
65269312
21989895
259017177
188315074
191311340
27598368
21603863
277831378
66561572
262395415
15102742
221185711
48122953
289999628
338850961
275307356
70058635
86639615
241056297
25920031
218730857
271398203
64136974
22706551
21164668
34868161
271274531
94480879
52307300
41257864
20749230
23862247
266823774
46586007
56348715
22563261
396104194
401217343
58700443
30099900
293815692
58954914
25774178
204598490
401762501
325904800
223102153
164945621
18894497
280340578
256862972
371671164
71216942
21077990
142650835
451586190
10676422
452546319
389861789
380037609
242701887
23879043
127765218
166434335
408934727
259548515
272361058
278392569
480855609
197277494
22598498
489841930
283911199
239618585
276776939
24091998
278385170
399146897
145122783
271495538
54092452
186317106
489239297
158899570
38294370
151707924
374503286
293840911
170909799
40789522
296942939
284997730
142077994
39239664
22724717
17299935
216328772
499489062
236209458
74104394
221216610
88403986
21360768
112148080
151232219
64705123
383107023
292056859
20649595
395871414
261171622
586252878
56634749
315747481
33458339
472692707
45306167
85786442
424084878
75924564
219495001
23552838
23882681
29153778
22315925
16857864
157864834
514972267
41744307
22075226
243865694
26113994
200017282
708850009
379055771
626252969
713631337
31312297
363167190
205720784
16675569
52953427
618983357
412588010
58758906
308219382
723784860
558304504
604457394
635154693
42837353
814105453
184594278
162621823
14682820
580906142
26032912
793674498
42791906
31564721
19012857
424621323
284374978
963393236
16899081
296302415
23762734
271690376
549673665
248135550
19437693
23671856
106707452
36865454
90599473
270131213
523418080
20195171
25028375
256781040
110365072
313821193
20122795
17982774
36018499
50426249
741655598
38534663
15846407
940790881
406172199
308786332
26369411
27192425
1159031412
611351796
224506844
56363343
19740638
90300296
394633378
21730466
38120083
21623058
235937796
86226606
1146926539
70890341
17202938
324060522
21639723
180505807
139017046
458980640
1243059427
555676349
341988337
258159765
83723739
390426060
1346865805
15991479
41476301
554270683
22441699
109080285
58977685
279902196
531080831
1581648126
1594404067
72975083
21089219
165002938
1532576414
176723682
14709759
1067298426
236776085
1469544163
174432486
46267311
364589800
102499268
242233881
461072904
157219376
1323615830
600674474
15926491
158089836
232549583
1697904456
262582806
730117734
26395108
248151334
27598307
470648588
14407286
251896431
219868736
613368810
214693065
172634213
109158691
1263008011
147157648
277982527
1639517480
1305601981
23713815
257246857
236643260
68902976
200476779
192490270
1404291198
36247512
27368796
50799351
59376313
498548252
599031408
343755621
599776455
34764944
329736890
51271144
775716048
27818782
26275825
398686638
20762879
182248670
21157304
21308937
1775731
509694403
24113614
27405787
2187829093
191319488
128452996
87596693
567188287
15485441
255333548
23400128
456532731
424655869
261635530
383328627
18753424
1327946882
29711294
335073847
203873539
271244415
69506097
480186132
24089163
97312571
235354349
454565466
139123715
47603508
83530742
23046015
14677919
5402612
807095
5988062
20710809
256730340
41037123
22889241
258244968
514857981
1165016202
86754361
2220638376
120400537
1634371501
14740227
34027127
1092076627
2200632505
23699163
35953470
481020183
27736904
35669767
403798816
25250293
722121128
108356082
335311716
280802926
2314462548
2302980043
1886379834
372583254
1366936189
32305202
92424604
27558555
24786344
294661384
1012607617
1005379633
22479334
385056910
204832963
363966280
437908600
1631783088
2385999008
200481872
1616958204
213444489
22701243
419288311
16218084
1216929210
102245703
65578780
24011104
23740831
44906516
45817229
99646859
27740084
31539179
115284769
49842301
465290201
25176405
45111092
52327900
21814628
885776887
1307144622
59312966
67739515
205242337
28877313
161583774
142240192
19745224
292708120
399284442
63092057
2532064567
2337748680
628520399
397153813
217242800
126146818
23403321
537461829
1231630856
47807522
45107589
2564434908
991704536
203423818
86708351
614233800
42332061
199437984
1144621188
59929969
38358194
19622981
144106556
2586509917
594132079
2159928696
260073781
221190182
87838245
124406596
17867050
44231450
2445787393
21641710
421578601
2694712597
56047334
177238719
930632995
2610756588
183558803
2548010408
527913696
580410768
124629713
24596495
1091218758
704403523
22176185
2313204931
14564906
86229215
254098644
2481398437
171117515
531850448
20644420
48219726
537906521
561596765
97279258
339627834
65057522
620497862
61980063
21687138
2238741900
1322413327
89356610
772930999
567019386
775965828
1630182278
2634582564
461350729
2713320272
1248270572
27890198
188236063
1132398932
3184495170
50278323
1360874191
105956239
3181191522
375998922
475788471
208528305
86174548
582843642
190208074
172494410
1630071109
82097756
160168950
1916609125
164654170
2961614731
28460263
2845136828
3885993494
104040223
36292202
41261504
313850113
55459700
23543947
509730228
36025553
2209240238
1504655118
1601826451
336031996
23608062
614011450
2446679383
239123640
607967382
23324810
296796399
2590306712
1888683534
17423868
1589078010
385499793
318907657
567354757
2247475854
597553804
465035261
196480215
985332163
594465806
283980026
2177524974
451077942
608606414
463990000
40065210
