2811334807
3762132208
135438947
3256985550
3345886792
242387058
16365636
17416571
3895446737
257207536
276950081
27069754
87655331
356720288
232483125
15220473
20646711
5988062
68679960
28162299
25287206
1020696116
29413497
757444447
52675613
16945766
14677919
94517013
252957641
19332967
45621423
79320096
438358191
14589119
22213638
821045162
33933259
50671851
109003218
29191062
109195979
22851407
56421139
233868627
71626760
14369314
20402945
24155245
37890617
20536157
23085995
945220710
20457806
74286565
91478624
807095
436266454
30278532
3436349019
30973
15846407
3309704081
