4203869121
1684213639
3889712687
1214949282
2481572461
3317164399
2817175880
4158337881
3838411096
2494147258
2708960333
2759620555
455224572
3999466401
3115640595
1187621635
335352409
4140968566
3113486248
225816120
2595491869
2620191903
3402722889
4046950402
4091915003
2980348722
3165289600
2733156546
479961450
2999549767
3070001098
190538577
3180800146
2583889045
3402710817
3152631598
4122015148
4104934517
4134361455
4106095361
4149931171
2728456763
276028273
2739564347
3235645772
2378391252
1230842288
1644264312
1865383488
1734786326
3412126138
1137648108
3708478452
4002239655
1530377737
4012019837
3903844889
543304676
2184671995
1828899259
307827460
3273654523
204781106
2944159209
4132698693
4086807321
4111700482
4112624121
1923805616
375768182
3381643281
621518227
4124077456
4051869868
4085763658
253948701
243321481
1064926736
3964208386
3177014948
3300737365
1574912846
1851005089
3961212136
1929999782
1028870485
388415906
4069676333
3497846836
3837091462
2498071385
4121387577
4082545756
4059121055
4135496559
290333690
542023351
356529445
2740201450
3456977655
3376263737
3961456392
2970110209
2452512693
4198073811
171331132
3142952055
2487291342
582748413
23136101
46699784
54292707
53632197
751743
214810748
241543509
3405592623
2691194524
4019148239
6135542
1701674510
1015361946
1685194326
18370513
515459781
198199892
2432703738
482004564
374723645
2159582624
323269451
2953890565
446301389
250471381
225458426
405738784
15090102
350541770
419283456
521120384
14941669
2220273378
79733059
616938096
278645918
2399339752
1577663222
1937080944
193425623
411611203
521629126
1364204748
222953824
36412963
14224719
131574396
1014849392
50822650
296865836
198151406
51431207
24512707
20733972
15207668
73238146
50055701
15745368
86523463
11134252
733751245
14344823
19739126
5561412
15754281
18891923
5357812
18916432
7713202
50325797
1367531
9855382
15012486
15458694
15922214
2836421
7402662
9300262
1917731
11856892
338574743
793438561
15675138
2659641558
400240425
302765341
164753226
507980654
2645761188
1019419231
2496603545
153052905
3088414183
404063624
3989917721
508751871
2742564486
2210182999
4108208895
575661707
4128607599
3377076297
3252499031
373257377
1323866856
3999300556
4001309487
3384909761
25048816
2930367117
15459053
240164049
3246593024
204701254
521067201
1956865056
840304351
273116920
2413102786
2521495816
487509973
3997447995
271884899
1692240811
3791073741
262174134
2588021877
71303154
3898076069
3972289761
4149680960
3246267878
1329013008
3892690575
4135719946
4135048397
33194801
383718202
590191382
2874280828
771712122
3218859180
442209176
1626521426
4114552205
1577203531
2189249567
13017862
3469751352
2767987852
128490459
397555499
544372344
243233624
373299032
38164846
3244911331
3163721202
3159181214
289887039
329927842
2685977652
1089626094
164963639
396074354
365498780
39360648
3226046867
3544043057
389431330
140070953
381641887
4143764902
4122546215
3270447926
3188708145
4082718215
3949604177
3579880995
34613288
3916321347
2356487276
4003988243
285332860
4101666496
14573900
4012356497
3871650437
2814104494
4007885122
4082385365
1244087798
4096305321
3270295652
3408798190
4096656915
357812328
3847564715
3248775432
3613218977
3496550071
3523818635
1146195870
3402289185
1060794362
3228616469
4143664755
22910295
3990145635
3780873317
526065625
300331151
3304490783
4100119577
507489702
4136290241
387298055
2939270832
160698626
332559708
4122480675
4025917097
4082326354
3997982302
3322253750
2961168046
773069256
276246087
140750163
336025782
265982289
4113460935
4106689341
226561613
409192544
454873450
3345303286
2909082185
233335916
558282056
278008658
4084603805
4132980052
896364296
4137673109
174817128
4136671402
609007971
4062263973
8159472
4149474266
4140380956
1466179470
2663996766
230845588
4114144943
298139450
124450567
19583545
4104599727
180268000
4135365291
165699676
4105500671
163082968
3971814989
250292090
309232229
3898313127
4142160850
1085435814
2447093881
4236741019
37394338
25826968
6317802
15071830
140873354
45318884
37031600
39500925
25551683
19997840
21105323
24925341
1603385773
109526993
86946790
19647284
202545993
72533015
44326393
36050142
361756405
144713425
34580330
59399240
20583090
474055087
15687507
16803602
20132853
17680050
277435177
157997359
3298303741
726714439
251219812
194555594
601852634
1601735293
743800592
103554348
133434802
587665915
1854262416
408115336
564842119
2887077099
126628908
2260666053
131282783
162044153
404123976
14085096
5838002
21125405
24069453
62123765
236787450
465973
236786367
15348883
77821953
16139649
160952087
49460512
564673621
180414031
130557513
32485730
15016500
208039932
138020428
185306056
75896448
14157134
196214793
52755452
81134232
174663886
20481072
118644946
15143541
195792174
20937941
306212854
130134724
18096679
25984418
18759415
33852508
89425968
124471147
159992511
8170292
45542770
47583917
19644592
65045121
507842904
48028191
16672510
136288132
117366399
15778426
27692596
20858177
26985345
271413771
1003948262
199251548
136004952
26640292
61183568
19811190
17062358
128216887
14569869
21866939
15438913
102707504
87416722
34655603
7587032
6107422
16955991
16887175
35773039
16012783
14138785
15164565
16973333
2831143675
2439191442
2473180807
16343974
2169118310
2901023683
2832701139
1227920058
2575071385
2577450042
2678252551
18949452
28140646
2382117350
2689656024
2097571
2695663285
3163078872
2382601975
11348282
2732511027
24807616
14075928
3223057886
2790389496
2352072745
2461821548
14800270
2583693476
2421650588
34713362
443215941
87818409
1093090866
2457230528
2735360983
436292177
23544596
15279429
2520950898
13018112
55117855
788524
5988062
30513101
30313925
14824849
612473
265902729
22872643
15693493
5392522
338084918
31080039
4898091
1330457336
14677919
91478624
2279186568
4970411
6017542
23818581
17174309
5402612
30704824
3236167844
13992132
28412286
40076725
25589776
255388236
45266183
21219827
16679529
3148016355
30364057
2186420526
36098990
3304826805
3244095157
586032653
27711339
20177423
64090343
141052723
28208983
16312576
176566242
2476839597
2324138280
27678749
19329393
27725199
3007445723
16331010
2643119049
321970500
17525171
972651
92367751
2862878956
50393960
136361303
65992743
2312820583
2893909492
45495790
17899109
185314895
27778893
17446621
21090027
28705196
29840295
171682730
16190898
19397785
3352739354
2959170769
3234739382
17093617
14511951
27844479
19058681
16193578
2693506800
230469768
2243422816
2813202073
110827653
26483183
484955858
455252700
34660688
43560480
2423946558
2651493004
3133320593
1428495883
62179538
118281857
97232000
250517865
14372104
135922341
87603244
159565545
414896293
377440741
97272678
34892616
762127070
317186629
171873129
415354959
129951259
958386932
50156929
1081283568
357246360
497039304
1954310323
312113052
72837441
340229001
3040285122
308226281
1117904575
273516924
238105639
541571826
20002279
927797282
206400340
2230034019
361321186
51331937
310281555
324341748
384275754
2883841
201417617
95388800
266153033
3270517686
281596351
129587883
2545553379
491079446
283469190
36541086
310799365
356976521
342853543
2948600500
385570334
264922696
284278599
348203501
317164936
210643118
50083860
969863256
196393492
99246793
406408059
1894209786
23261363
120532895
240459417
185665849
2933724311
353827863
161846925
2964735479
367910819
343817584
1454659176
577593563
762525510
243474622
452384040
340706638
814530384
266317510
315731365
189470083
790214797
800599981
188042206
562790264
417395419
3031951073
395350995
46169962
529379692
165507456
125017845
387682343
581103263
927697699
578766240
138503785
394274769
150404530
370248387
387790972
101572891
769191415
457774602
165162610
84424885
351854300
543227229
427859785
704397528
221490219
135530877
35147909
111556701
358732295
58965071
1354041900
344276445
1733103390
465760238
274002139
23068386
510607314
44517561
1546070676
2482114617
53853197
3115934424
2310698848
30782495
1652541
14939981
19784831
19120191
2512819436
42384760
29952857
3057510694
17461978
2799077088
2959161878
20416406
2667829692
2467791
2800328647
14293310
2157868358
28785486
14173315
3012601665
2597346236
2923727883
18395177
16812787
51241574
2592739816
3085968474
24966423
50811932
2328294158
3133492623
20567939
13049362
37836873
487118986
117778179
2729111175
21278412
34430522
19028953
133880286
2968035233
16490974
1059194370
22179997
2768599968
2216088536
18220175
3002059750
3092098459
39364684
742143
42519612
2180651071
2352171875
3108351
17915334
2431396087
3022409105
3386551083
35982046
24967668
2910065027
2367911
116362700
807095
35936474
19923144
169686021
14230524
115485051
23617610
23375688
157140968
95023423
153694176
101928415
2264506644
20322929
759251
2293276483
4048732336
16303106
32959253
27989078
3907006040
20565284
2336714149
27260086
14920785
3303293865
1339835893
30973
236699098
49573859
9695312
1536791610
2840753663
268439864
10228272
85452649
31927467
23613479
355307031
2731976573
18625669
85603854
36704352
263463587
23497233
2597903932
35094637
19248106
268414482
25365536
219255067
34507480
2357574121
186006201
272498598
1994321
500194345
255030147
783214
71783170
2557521
296441287
316053407
553785251
23573083
26257166
159068666
19426551
2248019734
14872237
78681704
18936161
498840131
2813008788
78010944
314547227
164196433
41360559
79942437
20837438
247390322
15485441
96669212
296663621
398593054
189591533
22240612
27195114
175883705
55043362
1972216999
215612093
24744541
278235826
1095942194
15846407
2458281210
813286
428333
279438019
21447363
128992767
63078217
155659213
253990287
162248086
240605430
96951800
434307060
250214270
106174574
44335525
373230928
462004145
375694849
103821088
701100734
470307418
275558381
243711009
356442237
26565946
49251491
90420314
109556877
96083073
80886145
296137313
159512330
136002930
23083404
148711787
1244602586
79293791
23151437
17919972
53059376
351011822
1551909120
46744791
46636018
72749562
245956466
214185838
351528904
144614309
242245578
328730488
25521487
122969292
368157378
476847191
560601906
241102755
258882176
131418979
260664856
14556875
538285556
1429050468
951473412
520547057
15188997
78626346
90556897
2228891959
748291920
280678149
8129122
549180727
71516564
52032722
25049177
5536782
601277216
186386857
627673190
558572709
411469404
142264595
709567183
284805437
434219293
293559894
300392950
947425424
253508662
116393932
558797310
153436029
