2285121972
3437813854
3973311999
178383380
33044967
889567304
97914405
3934227853
354507431
4128470015
2475344155
185056419
3559641312
3437474403
3166811373
215952307
417170871
4102361716
230930518
121140184
33344949
334854881
29520055
412521232
4059706697
1299769218
2581703640
1043867815
1601890435
563070537
134402783
1908430729
631854143
222743468
231481949
50596222
108042694
204261629
351847954
33892790
264084786
182846716
2478611433
2607189474
174784947
565920839
1382463164
173393476
256678228
48775829
368851849
39199068
33868501
290510813
2888128593
34810008
47963234
32947008
237814914
2913657426
37655154
148386845
807095
24885558
87818409
14677919
15317676
15687399
38142380
17185109
19818494
19111767
19982092
17336417
18807671
18887526
44874400
17057271
12804422
19066345
487118986
15057943
64643056
17020962
17753033
5225991
20632700
3020078002
3096410291
25311070
355994177
24086418
46390648
15253147
5988062
108390812
44101412
2839995611
41329637
338237494
31892440
18953259
806133
431362068
20508222
47319664
22906929
