18065007
102271706
25021769
128287100
44416854
322064651
1409375923
376927648
3079986094
39883197
364504152
16480333
9270232
166653948
3368837118
320929425
22630865
16709280
67775207
86573512
142425196
1166185746
271515493
149282848
29146615
42744197
1483019887
2276162545
618614790
67797167
392506019
17078418
231575186
3881972903
51254604
103958496
328086607
71256932
22190395
2797141321
2252646836
37950548
1216640342
24535241
20542096
948010844
2974880056
3246276152
235716804
191202217
2920839789
38024654
24652449
2823751577
28498303
56434771
2906477957
298577597
518639886
300296699
2555593074
848506808
322160023
228124675
612523319
163549557
53200911
2298450597
3419909775
820677032
22969735
54730258
142517998
1337235428
800860664
27236616
74784558
2277937255
774540236
24210993
30465899
295817696
183971894
92858051
15112314
8736882
16187240
25068722
3242674146
1855620416
15949042
24105753
2480679625
