275558381
1156532173
24744541
369293372
47924235
632957550
133663801
163082968
553429510
168464799
220557145
449587872
73301369
42245182
229017317
385291247
254152016
34867057
561217364
122969292
474886468
619293948
281376243
10228272
407054921
5536782
68440549
275546719
60327493
2649991
239085423
1244602586
50393960
67278158
242245578
14806765
448732241
257774041
199939785
300190134
437547229
48669146
14673171
136002930
66959303
430105157
322021841
336116660
210805399
15962096
1378208815
463153841
463293053
311932430
46377406
14824849
88749392
431804552
51203387
1344951
19256842
16097522
243711009
38406660
219255067
258620242
237219995
822984456
283134990
186101324
498840131
34568945
422673499
629162533
78624193
1072915220
1344167623
356902110
465723566
116677505
91770158
98388319
551707148
2197308494
14677919
175883705
262350069
322606204
62290422
51707796
26214858
78010944
8350912
359491014
277407660
164963639
255030147
251600033
169686021
23573083
2726298956
112689928
1243360801
37945489
21286325
326698989
23976386
66083959
179530581
15892162
349084443
783214
38164846
127194797
16409683
115121190
79293791
50861694
424177487
283249565
20837438
1536791610
1093090866
470307418
1339835893
338985020
30313925
32861321
813286
23424509
25048816
71516564
25049177
