37300555
1510237904
3019717484
16580053
61875147
14511951
19546277
14677919
16184358
2735591
2342442247
2788467026
126434587
8161232
25053299
91478624
278691695
14116807
19407053
18539631
413470917
3505553173
4016332273
973940072
21447363
1289565858
114339518
17919972
3583076536
3133670414
16513416
337428944
42384760
813286
26257166
1581732792
35936474
23083404
16145224
109702885
30313925
18948541
4046837119
28164096
49061402
16453846
5392522
5988062
1367531
36042554
15485441
14230524
17461978
17086831
501975268
17544803
10671602
16228398
293850289
66369181
3108351
30704824
1652541
15846407
300392950
1633918075
90420314
31080039
326359913
807095
6480682
