17471979
11348282
248795646
17369110
5694822
18036441
5695032
39585367
122353251
2917106101
816178
38381308
325830217
1093090866
50602744
1330457336
487118986
1536791610
512700138
9695312
1339835893
136361303
30313925
16409683
44409004
10228272
27260086
268414482
79293791
21447363
813286
17919972
112764971
14872237
77963344
87416722
28785486
14700316
14159148
33933259
7587032
1877831
1344951
2097571
6017542
14173315
16973333
35773039
15754281
14677919
2884771
5988062
14293310
34713362
742143
3108351
51241574
807095
2467791
759251
428333
5402612
95695959
16543775
71016845
87666970
209708391
344634424
1139001474
