2787830592
3131375848
22139417
430311761
46186400
3443045597
22650398
27048645
25430081
65738862
116887842
2532879066
18220767
18912121
43121121
26344187
15225275
22025046
19621110
250162752
15909372
20531929
132193573
86330984
19786723
87453236
58528137
58466292
401755277
1308926868
14791162
32469566
136361303
19074134
14934818
20177423
38292798
30704824
91390383
571083342
89260471
1888149452
1290082680
430744802
70246837
17564591
21829541
49153854
397284869
17093617
331908924
15234657
17565514
242727646
112915037
831470472
1265726480
22642788
33530012
426041590
149590738
59949396
26642006
20196258
41259253
37344334
56405314
24776235
180463340
1598455092
257548783
15635604
282789898
228794007
33041426
53297035
31414477
18243006
85647782
10880202
139633845
87818409
1947301
5402612
16955991
742143
15164565
2097571
35773039
1877831
14677919
16686144
17002185
16929600
15829144
59913032
20182642
24714450
8724862
50075587
18682917
158865339
353701419
280716675
2735591
19606528
14800270
7717612
17813899
17490389
74478182
24886025
14360757
13784642
14123751
22001973
80331801
32166535
20793816
1149386466
357683633
322803070
24807616
436292177
17733320
7517222
141664648
15279429
16312576
251313143
500042487
6427882
133880286
27042513
329746058
124335068
1443840744
139905865
189123980
2857129626
2840633596
24256901
1177009471
3905236044
27015084
65085265
3407642997
19408329
334484516
25460615
328049243
116594541
298320111
228184292
303048990
4075817187
265457382
261355013
79293791
100220864
69610339
27911944
31641658
163755960
468896332
499073990
240471132
1291269834
498724802
96848782
169612620
263970953
17134268
42958829
8839632
86141342
22799750
275186860
21232507
284991184
14804281
381688396
394216985
18027109
21783950
15764136
15905103
67653379
45894866
5145791
1901240599
74588583
44988185
21308157
112047805
20707966
2330590446
29515247
18646108
223970563
56413858
1623700098
18698775
6431392
14888217
15445154
66036908
14924128
13073622
18452614
15082762
30940314
26257166
19426551
2557521
155997273
20188834
40178375
284181046
33694840
457554412
166739404
184910040
18055737
17790667
33705556
28472888
28205196
305580442
16334085
14326090
22873424
15426758
9737032
14539324
6486602
3819701
819800
17816420
30261067
10668202
34442404
382267114
297169759
14117843
34356968
2826687324
2272885878
399081914
2419427275
388335688
2819835586
161801527
39304002
17899109
116529568
14708747
19262500
14095706
17351940
86180513
23794763
14880616
27934842
14791918
26053643
47786101
121626258
19336500
109702885
153474021
73200694
27687672
1884413017
2350477573
2276814487
1673612756
304438831
1633799557
21345455
404422077
106498703
16451932
14216123
16732770
15281391
19546277
40533912
205789121
67358777
278691695
1754641
19407053
28140646
20562637
15110357
34713362
20402945
16184358
2837841
145314369
19740592
11856932
20166674
16457400
33515703
56223278
21023681
12701412
33921557
7309052
336116660
2875485611
2317351705
316389142
158414847
16303106
19697415
231820519
24202701
72644483
766563360
581992748
434130489
20963273
14287474
16513394
43165749
37351496
191750596
18691824
21024997
40297195
117662694
17471979
11348282
16895274
17842366
27086783
145227381
1178011
80374332
79320096
14705408
790136510
71023061
26553086
68471807
25092574
277546050
131877198
23996721
267921808
277165873
607289206
7744592
26585095
16537989
97739866
631478663
21442298
2241207284
52613032
14506253
19877186
86972419
1457910330
235157481
2590370142
1584051084
600435408
11856482
36184220
24016767
14363353
40021959
24755316
15235978
17632881
898768975
3063032281
580097412
720713762
44649352
23317539
1063461
14503922
46702410
47486496
10039962
25383000
14342661
21054311
8283082
48100887
15169907
2367911
23085995
24779135
17889970
19247844
23482952
25093616
55146602
71294756
71026122
8771022
30973
16031536
19110632
36065771
17219108
16211434
204447380
17308891
18291469
15846527
57371662
17219499
21915666
103130238
126146818
15519430
18129528
17796018
17242874
18791048
110365072
1775731
30278532
25170188
23518723
18676177
15131310
27083523
20661539
27091468
20710809
14724725
65184105
148807607
1183041
14454482
14524152
29246547
29334444
29247574
26565946
338084918
19028615
39601084
28121598
74524430
30364057
443215941
88749392
26053401
79333196
124533452
18642932
310637500
17390342
21982720
154546146
19401690
17409240
15647676
14159148
9624742
66369181
27114180
148878245
27027979
14692385
9130702
33600887
36681590
88810318
1561222057
1928468941
45276269
130507969
114869469
77645932
21728059
259403751
514209636
55117855
7212562
22536055
7532872
18665800
16573941
29796093
85606078
78075849
9763482
11856032
14345062
15918708
15922214
1917731
9300262
16012783
2836421
6577642
74161330
59889953
14372486
16896485
816653
1344951
36843988
15492359
18462157
26250338
18462653
65104337
204491797
41338503
15162193
17137891
89084561
50687788
380129470
19611483
10126672
8775672
54885400
386507775
130544274
25104363
25103967
23964536
17222647
18203776
19335195
1548797502
702465422
972651
759251
34019718
258191230
21313855
9709662
15906001
552796139
325230230
190381585
60924286
22167996
10194682
70001932
267939430
8457092
24636272
16664681
28785486
15012486
2884771
14173315
14293310
15754281
2467791
14511951
51241574
21586418
450941680
476293027
118110103
218991715
17074440
22650211
84194879
6446742
310463188
273097675
54694053
14862023
7591572
6480682
500704345
30313925
5392522
50393960
25073877
16581604
17461978
586198217
428333
427475002
436266454
3108351
17919972
624413
23375688
25365536
807095
1367531
15485441
5988062
1434251
21447363
90420314
91478624
62513246
32453930
1652541
15846407
19927627
14230524
23151437
205302299
17544803
23544596
31080039
46696817
