2972627973
3278211546
2890027097
84696056
159113258
2460799331
1133381750
487393551
26982602
4030632737
3231293347
2997241798
2905558265
776743429
394400312
1018912831
425256856
27564639
437077379
67737989
554124018
834527556
2331056031
1676062574
319071191
952779697
1604758886
1096494662
507821199
1975848228
1217156288
3015994970
2450011843
1018661802
3303085310
600276165
2760713021
2388728368
1149970302
244050895
496602250
708226685
490729868
324208699
1631731226
229334080
548545394
407395666
563461023
250067600
2222294368
236109620
347656546
41476086
241197142
614471062
2286689811
810424
2389992838
1650934154
2782824642
1880938555
716946326
423670838
1000745894
3214361144
3559322962
204605511
364607775
466012592
103009843
243031429
575048361
2561913865
550601108
2316197263
596640007
2259269010
721090178
2718758061
422296229
272985241
1729543992
482476896
2373598929
94256738
3023589797
32729193
2231044991
3402894652
2557518571
1360702838
266076333
70006177
2343210952
526927065
2738477352
2506135658
342527325
1218978804
529713415
548251404
1669466970
732460262
439235036
566387359
617865757
301152344
736113823
212704502
862504369
2255614582
66379182
2175903843
2289434632
97690357
1564233318
26565946
257509205
15057943
15723732
1444467175
172887151
12852912
1497088363
23151437
359099321
2557521
28301551
498806945
250884927
920065950
1606712287
32117870
79293791
510149813
70725301
433804134
516771605
79890469
2423821551
105251590
15485441
2596954734
20962674
21447363
286132232
1656294775
46122264
185384617
322744081
55338739
135032268
73571504
110895343
17733320
229333456
394688922
428333
333552268
612687638
34507480
325956539
74066062
1195370804
107135340
27744721
9917652
43425975
2363197414
27195114
33390855
102794356
16581604
26257166
19426551
25365536
332011731
15290441
427060199
2779802381
16145875
1668562801
89014429
45564482
171207943
218606509
2633727499
2544140388
2761512513
89556802
3586063332
330510986
711096728
19834403
46293675
1309574695
813286
14677919
3602133093
32967852
1247742018
2746279329
27409223
1357803824
1681838544
262310943
26568085
239095089
221573745
23089228
4234696938
17919972
355708717
526903387
537439637
94129050
1222639789
25521487
377675568
557990237
2209271134
41304837
880131974
79332579
64926647
368703433
79863704
28265228
48623391
59659495
185449401
250831586
168767461
141664648
7517222
26588937
117618450
24342206
119135103
48176112
79758113
205441601
269552973
3749353094
18371803
19409270
43139414
16302242
18552281
248900032
20265254
17461978
214537859
20416406
423868716
283090686
16812787
171165627
34430522
53853197
25319414
35936474
22178780
35982046
74518740
50811932
19923144
1059194370
42384760
23083404
121551369
236699098
