1693128210
1139105220
1327517515
4264386139
786476276
1245020305
2583889045
1712675030
2465007830
2265022895
2560185685
855643962
3197753564
2533631120
1944963380
903491155
4211704933
373572405
1097852275
2287914164
2389415575
4180187548
3086608929
2336204743
2506247172
1626575371
2420814144
2849799159
2791328169
335544569
2741758937
2273753468
1961557879
3299577260
526615511
777327494
3422066937
2850539648
2283384432
821985895
1608896784
2905476879
2465436362
3444623357
602967876
2198778316
2506513935
1492330771
2193279541
2750825299
262164989
3948634577
715900612
2271995693
3389874434
4189487175
427194311
2174754002
403739215
1564330932
2755866396
1312169630
3063932823
2424669342
543463556
3226409554
741646410
4182722656
2902407087
4203562109
583621185
344618518
2367458515
2766768008
717634265
312107027
870103291
1140462938
521634248
4152116834
3893379553
138905241
3324728239
4197051446
331416355
3306945744
118376646
2499264534
2254919056
2651131370
3208929491
2250820334
4165978397
32029132
743607920
312887209
3203140707
464225156
830629062
3252913435
3849535273
4151837112
912330198
2864500953
3740760375
146256159
335145768
2321626037
867018625
1898276077
3678582913
3303765808
3588277825
110180978
503892367
3165908666
2397375439
455983593
4146842547
1515039084
3188712698
2997268231
3304521644
242927570
1480762328
1869117043
1023138451
1371885427
1340135869
1439297390
915828438
4192401195
373364272
1043941362
2325985484
1575812034
526557632
1586573468
541582662
2324472858
977238002
3166058557
716447480
1041990236
3718870696
1274857477
483314943
2970603625
1913092333
2666947550
515118770
1099552153
4171649614
1347328406
2205751055
1117413308
2284965623
3229102208
2959657968
1262230502
3065396779
532644465
1211893200
1657964780
3177745550
3281125939
15662448
2894088031
3112437559
378720075
4080418932
2903388698
2669488296
928132651
946355714
622962945
2646589214
2542931954
2683072849
4172431247
1430539482
3850408633
430996743
2862290045
3924112033
248427536
3425680527
3186444314
3446128523
2667366780
2906529139
2148802619
890615874
2247118619
3982165469
2165701204
42950013
2893347043
2532808974
2370193662
3957952875
4080385939
3272593117
591746664
2428230308
1160216371
732106994
340784856
19624068
2420349627
2709093932
206349512
2514282897
2663979446
1966921812
2886226879
3299767724
183555067
3118397192
2275663780
3417161593
3905417485
4149269730
486489302
111736320
1604763871
937092577
1554474914
559093381
1322999004
2722696032
2503921753
439091772
1004603882
2927876592
2563287132
545479918
3449973197
4163346435
637088806
3009646706
1485146197
1316347068
1823451961
3553915512
578180378
495728874
3000084972
2716821858
1299427472
3491038637
3287079950
396934001
1023022826
3307359033
428428821
589018304
1863582180
902276588
339232567
3193606342
3436202603
560328014
2733594553
342225323
1188366228
454324273
1916780310
3253942170
1607588480
531388646
478655943
1426751730
2883019304
252252134
3114089063
3442112776
861706753
4237182792
430614839
2444346516
2650461102
2842637942
3350669476
3623797525
2238606087
2974380226
151333463
4077524773
2700323250
776608988
3561317066
3250997017
1623323936
3343692423
2895658105
3060158130
1048144502
3442044135
3438765215
3442260197
1689427400
3261552888
4135256592
1736989729
131239417
3553354635
4077113906
1338757765
3079072752
77725938
3432377212
4012011020
4186143014
2577188749
3382164261
1976487462
3364320940
1669332806
615501427
1697308783
4079916972
1688040732
2423097876
1586449945
2733497026
2942111381
3753523883
2823996045
289076318
2171955508
2218683513
1399648836
732112140
1892704914
1175915683
2150473845
4187939835
2783363123
3999699374
2915979073
569684062
2530605620
2321848384
2184616111
910928972
2572570290
2958119136
2881211856
2313945602
476996955
1628816378
2548946454
2326979007
706239539
504726959
1720054406
2836886862
2775888367
65873835
735007914
1371664933
765219061
1011755424
2323516601
3784994775
4180434507
452163720
705182443
1628835708
3425216242
441061771
2219633926
3018400447
509076690
2519454931
3287470712
509355987
1979169104
2960142535
3915511993
4194450147
1184130638
4081278263
898611194
2200605087
4000669360
3656535075
184070357
3904773792
341646736
912514268
3513655881
576047999
4074541038
2921184785
2548278294
2897973274
3886517416
3677464757
4248522734
2867076697
4094988192
3047690078
4105880357
3799613772
4085922483
2738889623
4245257114
4248762854
2166689704
4195942461
63347360
592507221
1610389915
4180286301
2252407808
2184785450
2251088430
4188451000
3494389516
3529349420
3505130486
2166348872
1043917795
3033249041
2355854910
68886130
3691676475
1092964500
99198532
65194422
2224204471
4197395542
767812154
4250046074
173655675
2802873189
4250526253
3102179887
4152604759
3282834026
3482136020
2651200506
4027852821
3513245712
4099353281
4123014572
4193534242
4155274274
2980456449
3670244480
1646534522
394637051
4152706965
602495568
2822394474
4145572101
3946622680
3403523399
391210792
3811008012
2779709163
2942377305
2990389202
252777601
602113302
1573258321
204633823
4176605712
2443289215
4251946394
3255993203
1840413150
321500273
2444328980
4138098854
4174864331
3017951769
935541036
1405298474
3998879057
3223228196
2653664209
4142923497
3035339506
3189834055
4108123455
4118870473
3494043797
2205589911
3060579568
755051136
547708534
3235553431
2557314174
352182651
3283386162
495175996
1213685414
3330699053
3375043753
1066233876
2501725188
3363428925
2528794554
715316843
405891398
850203001
959230483
2832944155
2488889126
2994394419
980392262
1264435880
1339698558
3021360042
1252412941
2655170518
3197510012
1316520900
1329081703
166304886
3020981881
1284905522
2431384060
2481764320
3315574524
2822702455
507243351
724335168
2995952144
4169315193
2926013983
26411861
3939898575
2427873998
1656186277
818881309
1355117382
3815197276
456299868
1306845434
4031449885
4222941859
2974640088
4164569891
541478843
1372183892
1367736919
2945017316
1969140308
2921727000
2578948184
2751086994
2801350895
3242830242
3305109530
3403673170
3535936754
926889019
535352634
302163705
3819162914
1311170712
3503921005
2610986130
2280139483
1084611294
3017935348
2929048987
3345951700
2730457879
2899878045
4142141294
4252074073
2912808825
3776509637
3100229887
4115564837
4249174874
243918696
4198825354
3700896795
3302107974
4054411311
4193966363
1563963282
4230508092
4198794874
3717800413
2301021614
3826525812
4188017415
1932449449
4198755298
917367979
4188959829
3189329918
4174962316
4252470692
3708116354
1496701219
37457377
154280902
48177728
23019705
4001200279
2425835684
4049899814
2866208958
47837530
2497152615
3775628720
2245789901
4198979620
4251550632
3227365071
4252542733
4198828989
4195002418
259093577
3754214963
1076511990
4198790061
4252312698
4252379652
4194872776
605885093
2377949731
300613437
4252472300
4251125352
4252398252
4249877774
4198920197
4251949580
4252420572
4198913735
3091531426
4137523583
3228498224
1655742211
626171535
4252480514
3216180734
4252506920
4198921277
4252474040
86376398
4198983502
4252501274
4252559833
2760646553
4198872675
4251510612
4252483274
4252416020
4198897529
4252477520
4198815381
1615664437
4043084296
714366727
3693763874
4198931489
1975962498
4252550113
449968351
4198887741
4198982662
555705393
4198961476
4198874415
4252554139
4252495693
2695347759
4198992028
4198870755
4252554319
4245722600
4252485080
2838497354
529184406
4252387278
4251506892
4252438754
1092092346
4096344794
328883511
2273031262
21226905
782299640
3183235898
3309011151
1315271329
2653297063
3286921298
424557287
561130658
578486556
252226672
3235833680
1211419723
3188146706
341879722
2895490081
2380916528
3237093066
2862027366
1854743964
1207667768
1132344139
4198378583
897289910
4252403414
4252362072
4198934482
3867021923
2361607832
4198875497
4252438933
4252437734
4198933576
4198829259
3310413069
2361595021
421197489
91559849
4252432634
4252478593
17478156
1338090576
715075670
2887375708
4252460420
4198927660
1050926804
3003920235
1241467968
2581722481
3840906073
433094176
4190015247
1656717511
3716461401
4189476315
390533392
1328184840
2205636111
4054371646
594153280
797560986
103795384
73410637
2912071693
4248769585
3872712706
4063588757
4168992016
4180172799
3985979897
3063883099
4206813253
4185395625
4027601183
4187532622
233765538
2990605678
581505690
2932418075
3314583992
3373316718
2523916313
110532423
1092760171
4176036193
1247867430
3208445739
4130319022
3224853353
2835578538
4040729974
4060732103
3076681784
171331132
3318533342
438548644
2988349003
4174051696
4019530336
3218010328
4112604914
3724288524
4152305830
2168791870
4197518055
3321030488
3958807757
3062703098
288223522
245778292
1415338730
4136747848
122111948
540732836
3311223200
1659414763
4179339514
3304113324
2415765410
3407172724
361181996
444853690
2190593537
958547767
2740623991
3161141444
2264196417
734128945
2899380512
4191797295
363829890
1397789587
2458609431
2699333150
454863952
3027854228
4222442533
1077969390
1368769584
2505545227
4175877144
4194198095
2789642567
984786386
2617920385
1923581875
3118537382
3714240258
3185006354
490180100
217089956
865813710
766266386
4143305783
2981812041
4151279129
255877002
4082983103
2738787702
4185481938
103634428
4152562032
2977343333
4175390060
3958668495
3238905880
2908771176
3001606611
2569504400
3308116297
1530570488
4140886383
2285703600
2975495955
744599694
2740360963
42044454
1482821628
2163561448
3924775192
18843752
1618858110
4187966943
2244376390
247820502
337911177
4111856298
4198553593
2554095228
16809431
4173876808
4181021139
784860588
231110302
332493456
4042893045
4222862173
3253378158
988325280
1008219662
59401975
437584762
416630382
3186059216
131838452
2415412897
64125978
98565862
1574006048
80178989
512434300
1349259025
4198073811
930611610
4197134667
4033362977
3277036956
4198551214
2586422557
2736977389
2884915390
2174398939
3756848603
2556835440
747464575
4175260953
149081887
1078047404
1851508388
2223541208
2273100163
2225535056
2323668002
2384987076
70413165
53016173
4178215481
4178530276
4228641206
4183770383
4184548601
2888175556
2582020522
891252588
3606081525
213297787
70414233
70411625
72249167
94113536
1682817462
179154043
3313818996
2954716274
130138373
3281522389
3702552558
129034721
3267848324
3175447016
1269513786
2592699380
2749001305
2827610485
2568021127
178489916
3237903908
46716222
135116639
404727465
3406068869
7704652
595579733
118605267
2485856708
4220389752
2853989232
4202383512
3251315816
1574209682
356907934
141408794
3288852252
2506070377
3246831198
139327912
241007569
220282130
275807989
1664934326
1602035696
942454994
187986575
437370637
251687786
4063221734
3305705766
2949266569
2334947957
244892319
1907868578
407496688
2958615302
740774510
1498989205
1356279498
2281116373
2440801965
2974126024
2235245606
2487291342
937267596
1944722516
1902556364
358266555
3357694218
1634275225
1131564300
2729974466
612146907
909762440
931609543
1556420827
1058671734
476201881
2325335309
1954706725
724585705
3197414535
3351844100
3171371084
3018026119
3948561429
3421873041
2638866608
999092659
4098823295
2569387788
930295339
2420835859
2906405077
1241335327
983631962
1218598926
719725845
1678548306
360313335
711968535
923768612
2483316368
3273520448
310813128
3285641923
789071534
1862584598
2924776404
556146630
4028492834
1558318662
3219965173
907523252
1269629497
3014502422
2148749613
1641793597
1972858573
2889496364
1973616139
1725984061
3259271371
2581974912
1575519014
3406497252
429547229
1072197596
2291403761
1490698218
754149666
2816007016
2537339276
937809733
3357841273
1034375522
846311479
1413772778
3337462760
2587164169
339465480
3357726679
589798141
116361194
3293615101
295552872
298134888
2798582930
4016817552
3695148497
4140879558
3064594965
3290072825
1269200970
2897044445
556546668
1008014978
95557522
2740733204
468839817
2574499313
964580185
4249585813
240005520
3280267544
382489492
1645984165
4101362482
3753714927
1133110230
1336076827
101082116
3241253956
618431365
4180126769
418705390
799296751
4158685187
3565614504
537599313
2981883988
3480417893
231105836
4194715390
2462837602
206222806
4123235477
188817581
2334743514
2183008021
3371105603
2428432183
4157988448
2808506890
814681004
3938609414
3903438623
583145731
3410110871
4194978869
3059895046
3877074079
3708262162
3434876487
91867592
4178777152
3282869282
4112378115
370512330
2565891530
4247247978
2310771523
630607837
585138132
4127216953
4173135094
4250450893
3992700729
4162405339
2548853334
2942493929
1045596006
3915434251
221107198
263273122
573462370
1659142934
391425706
3292263000
2266124471
4135192373
587826394
2378859931
3315593133
2641486064
3033423941
3012247683
3229318428
50486057
3224584068
495456415
4144213223
4074115814
2891536827
2906551821
3341159839
3986256798
4068807203
4108392670
3273828901
2483759281
3735830713
4113634156
3013103394
4107638721
4118742432
3835989268
3603134480
4153749799
4023858324
4106112261
3882585852
728924137
3362551131
633088652
3386372367
3368051327
2417644458
4154504092
4194150494
4126491253
171147166
3482108961
4215353120
280005459
3281295146
4180610453
3258453550
3309157816
2921268661
3353932265
4190383673
4170958340
1594523342
4181740955
4192381755
4017545374
3141009764
3158638604
4178446107
2370979316
1500258500
463777608
13017862
1467457609
412034210
1654028209
562159372
2901231999
3317698168
3319015996
40246348
374585121
2416860835
3314956991
25514839
3279804192
1967939774
1198278313
3306517692
3724525453
3724457353
3666846852
4238287814
155923910
277805390
2976446597
16134540
247943631
78729443
20884891
626681652
1584319711
576687320
19176141
483352158
4103118999
883992384
528766080
2914532481
16405557
2764468210
599602890
2549252677
4237822634
3939131596
2973799330
3233936864
1393099704
3319592118
89719787
537158174
3102000233
2928639025
2697810728
595035801
2645498582
2378174774
546178145
48488561
103111232
12700662
23378774
17345647
176909855
3151154492
3186208459
2332001893
3072807328
3718234637
823838364
3013019936
2461685822
21451687
12398782
450941680
3244892931
36716200
1462317296
2438849011
2336416399
96900332
2227779030
3100899360
3618133872
4178453845
107427456
3304296724
2723171460
2872718833
2857967952
4197985993
3293136890
1340828448
3283753496
3153163783
3487151958
3804061153
3219797046
1614137322
563025067
35772283
3278299562
3141424332
3141436362
3164503903
3240418900
1051883340
283543540
3306434174
3422441279
3299325386
2966601502
218545915
2401897111
568804399
2418979002
2700452249
3998655982
2878247021
3093101423
3689578576
244321682
488383984
3586805835
498047564
2414530716
3085324032
582755154
410409666
1001644225
4118189015
582757842
591945260
2576384279
525312787
237634998
227626917
551149727
96013710
139399835
257799442
73593143
347899465
321445166
66339576
629097517
312230865
843112550
43042353
149760844
131102007
284441324
525821517
487736815
3624198917
476234589
2828887829
2795058654
2899704195
528583034
458830469
2925807244
3002371601
78515008
143966088
1605083755
46183134
256920680
210917642
2569865365
3293095195
2776994717
2504453647
993542400
1689037987
582674507
19312820
3053684231
213573243
3146742019
3403518634
310072711
939922981
840897602
3191220634
607558430
4188179117
18382184
4236741019
3397361907
582667556
103094591
1861429188
3327630738
582763140
3901384515
4158382473
2205618662
2570441526
581301629
270435439
3282108953
1049787456
4133967492
599537217
1394399438
44223240
2714079919
816112256
545991780
363189270
310424310
35831704
24167314
142012799
227653209
26134198
19598173
1458509042
858058549
266026554
199045341
223936855
316389142
66561957
158414847
500042487
115485051
14824849
4519121
494414941
14677919
21750353
35385104
65957957
2480149002
15954704
1026332905
28409658
137891614
40299828
21369740
2845596897
634714422
1258398914
29054474
1155442034
420862189
1431139597
130109576
3383351459
3043454098
4089433259
3243738873
811963387
164037051
4113286047
3277985240
3425946024
631865146
3311210419
3989336172
1434252091
3313787144
4211066533
3437618182
3147072564
2998954334
2466447313
903474589
2164879831
1049895710
3972497482
4140211393
2708092411
4104006155
2811917352
4185552957
4134086418
4113203836
818993779
78503033
3395857151
2868581819
1107398995
2919197934
251921262
575832845
3222264240
3022136783
943616467
2848089200
14592723
20272531
3935179703
4173687554
24236494
565942609
137869792
14224719
32959253
185306056
127503320
83893825
73147906
465973
25984418
71980259
110437588
78433570
15348883
407936022
1678790881
4021271793
3655385712
3094617768
4092241403
486398150
62123765
56169454
162044153
1050012637
61417158
4159010898
117366399
130835710
216122857
140955302
16139649
2262623615
32140200
930108906
754060447
4113148461
1387246314
544397215
435738889
38251431
20536157
1079538980
1381926373
130765307
28567809
15774967
304185486
2916305152
2248872301
2796968620
3909195373
308297673
4020447313
2646883478
487118986
245932669
139539038
73171449
45494617
46335511
3316933414
4110094397
3120467488
1285842918
19426551
2360170550
3646964956
3346228093
4113022403
432742967
4218553214
2442979614
3782014873
218391275
164072140
22156181
358305500
42382824
95023423
10228272
16243550
79293791
19028953
28706024
33757562
101781641
26565946
112555960
813286
27195114
2557521
51241574
18791763
20713061
302229663
3115020804
34074667
2840669666
3005083838
130819780
3375447784
424565915
2742330374
3497938332
30018043
451593666
24772934
34308344
41543737
102513034
237945749
369724984
44206708
3316437908
2798555951
2482113744
34091664
268640730
18455097
1334664510
439600259
1355481840
2306239020
4113238983
459492295
20562319
2407050252
3317098922
805305661
75833284
3096981662
2468638002
3472754302
2728492621
4195870333
6519522
790080344
61903300
274132854
119198305
3052136188
4000883357
90528798
413308631
26594547
9624042
56683233
62958691
5920532
35982046
267425142
342165503
7212562
317370751
2368229355
6449282
280680567
361872236
1071470094
3055145179
21612302
17199609
3381174801
3794041762
3269226534
16191334
423049148
153501207
625600899
216776631
21940835
19608297
451776375
41830932
223520475
86145717
42389136
37710752
84875272
117278137
74466455
37188510
788739415
42829378
2599873517
917386026
126084292
7095
1161181224
226307164
567328413
1449951800
14075928
20431187
128014394
1291068896
153681672
16394320
258631338
25029820
96821645
38536306
185232200
317522823
23301990
158426909
1618558825
75264585
22162854
14620190
67138331
22680183
2774368591
592423934
2379978180
3232938156
14791044
507378053
521738121
380202693
482604178
1327662816
31229519
204841016
1415901908
447612406
482168873
23276520
236941149
3226105859
158476551
78400475
17986973
128287570
134234000
34914032
18395177
24626969
288452870
3486471916
77923818
66182591
590237707
58970896
180733017
9212052
2504935885
2836016851
282759452
1468571624
443449421
59399268
57564576
184694476
574726427
1034085673
84147948
2757672041
2955335937
28415475
129937699
387187240
28683184
2354070320
822996877
2603128800
51505553
2748429860
18450106
11375732
31444922
11018442
41073224
72814599
1994321
22934558
35787985
179249277
2341239980
16143767
2903197043
165842158
2219365999
2408370644
34425121
2947518616
3702317843
5680622
43963249
14377605
18294521
18592146
15207668
257922032
31066397
375266631
602326074
37367041
315833613
88776580
282789898
1059112584
340968277
54889348
25929138
282231007
22292772
27242126
352023420
166938112
295399972
407397848
229406995
830479633
27724361
89304457
17728340
3359851
7861312
8369072
21378183
48485771
56768257
19738805
175624200
64488804
24585498
117652722
17220934
451586190
321970500
44196397
23818581
32453930
12044602
1581289837
2194696542
92367751
19834403
1330457336
906782533
1249982359
1536791610
2359926157
15007149
11134252
325830217
76348185
7713202
9624742
1093090866
59157393
86613184
239819612
2233154425
46696817
62513246
19407053
21323268
1636590253
16581604
25073877
15220473
16581734
17088779
86330674
17308994
21769127
26329195
26585023
36980342
65733755
3015271772
24581397
19519252
26527812
148496087
14353392
34395888
89563994
171682730
14934818
3066007731
305217958
16271952
59624844
185314895
178111058
47459700
14849562
18622869
59145948
110445334
2517988075
14293310
16129920
15224867
972651
428333
17602896
1198406491
18101713
16312576
50374439
26053643
2883841
15279429
25365536
379408088
2246341620
14920785
20322929
176566242
17019152
17074714
169686021
21111883
268414482
23375688
27260086
25460615
46296304
197598287
3303293865
3353566654
205302299
31080039
23544596
586198217
131948686
783763632
2181233851
3330060909
130997057
145107843
98809456
21870081
1059194370
107146095
265483421
1337785291
26589987
26257166
23083404
300392950
20978103
55117855
148781366
16900536
21506437
336116660
44039298
30364057
25521487
23151437
316653653
18948541
5988062
10671602
807095
3108351
50393960
20177423
16145224
43192807
1434251
293850289
436266454
14230524
17086831
1367531
136361303
36042554
15846407
109702885
17461978
17544803
28164096
500704345
30278532
5162861
16228398
624413
30704824
49061402
91478624
17919972
6480682
63485337
29730065
14159148
15485441
326359913
19927627
19397785
1652541
427475002
66369181
5392522
30313925
90420314
21447363
15693493
11348282
24742040
