487118986
3996058573
3389341432
3807109274
3147072564
2798677327
3866793012
3843414738
3583386617
437251603
2340314404
47055387
56985219
133093395
23617610
193767799
1317076194
17471979
352145373
30417501
25341996
2557521
195703895
42606652
240649814
77732185
6017542
14780915
14511951
127245578
23151437
115485051
32959253
236699098
19923144
14677919
78259714
16303106
813286
57998991
25521487
113278275
5520952
268414482
26257166
428333
99642673
2743917936
3291841
107318424
78941611
92726549
17919972
19929890
157140968
36327407
23375688
92724677
19426551
44196397
17525171
24216951
50374439
19981142
27260086
38403110
27042513
34507480
759251
14293310
26565946
56336341
77888423
562381032
9207632
39240673
15693493
2900426395
2729506932
128155589
25365536
17602896
15962096
30973
68399705
15279429
27195114
355741893
116362700
169686021
20322929
79293791
141633175
95023423
130104041
14920785
23560015
56304605
36947388
2883841
65659343
44635677
121044171
15291335
21904217
443041852
425144976
1344951
20255162
31348594
97865628
15222083
178218286
70876229
37034483
11026952
204372958
33549200
219617448
137944740
286064020
67418441
338304891
135421739
471741741
113419517
347257032
387770442
1492538024
106485105
70664813
987383070
18681139
207113156
2183816041
122959195
88856792
130127407
317370751
134758540
152251488
3145272501
19895282
14922225
50811932
18393773
16786977
57928790
44900754
79915337
18927441
238475044
18839785
2966774301
394129778
33801019
220388847
15898172
210505078
35936474
10228272
405427035
79797834
106620826
277434037
449563624
28138900
972651
63296944
115853882
235859663
160161602
117407834
87170183
234034661
29758446
216447259
44588485
15234657
51376979
101695592
53855453
14497313
132385468
125481462
183230911
205636824
94163409
400636503
54829997
20536157
1059194370
68977380
56631494
216002972
145125358
55117855
449846050
23544596
146414919
248900032
100123158
71201743
101311381
76294950
15649433
3956053634
293850289
23083404
427475002
10671602
43192807
14159148
19927627
136361303
1434251
21447363
5988062
807095
30278532
586198217
109702885
16228398
17461978
5162861
30704824
90420314
24742040
63485337
11348282
6480682
1652541
15485441
300392950
50393960
3108351
29730065
28164096
19397785
49061402
14230524
15846407
30313925
326359913
91478624
1367531
