8824902
140699869
1228329511
472309814
914588454
318821694
2835962353
365445243
113613920
18583722
586136477
299112358
52034135
170762012
321970500
2153380262
3099613624
1018627848
373416209
2835886194
20702052
1339835893
17399269
83352390
56883665
316191205
1440641
15057943
12804422
52551600
3459051
17017636
106837463
278072240
16032925
466070942
173998684
15220473
20012204
28785486
24929621
14515734
783214
17220934
8161232
62290422
6017542
35859588
61593861
240734425
131204770
33933259
35861227
1588486417
403632664
605824568
28171935
19397785
28221296
27457788
1017670428
85852409
15846407
50374439
855494485
433409100
123920914
730213884
19777398
71876190
15485441
20479813
14824849
284602545
274649460
512700138
3320525368
1908036865
26073581
100218289
2240970133
522530914
372273460
732819391
502141708
19235153
462120607
465390684
102672182
78567974
1032615842
2866684139
30427244
1146441836
3311264446
101573147
2865677793
749461495
47335824
163458148
306179787
229151210
17061263
25676606
220271946
1926364740
367709007
181318754
2980860051
493095594
14511951
992717407
58453980
1204076264
1208394690
149060372
757291945
419622371
828717014
107505580
318310715
181493890
406869976
1218935432
599114492
2977934441
1652541
51241574
272452986
24744541
85636061
2724371118
7996082
835460059
72248630
12460882
1322420269
592160447
472830024
26792275
69231187
38632492
399746774
309978842
314059678
406880559
599171454
316373078
15007149
17865618
338985020
36624443
254973933
606325697
1904010924
882235051
407543535
587805027
2331718804
182087936
37621971
1377373874
2278995820
1720220132
3044664286
406469071
36079217
2612652422
171423748
119087564
601756862
78260767
25708119
2309703116
119673997
177901874
3916935801
617878579
312704816
376175585
43102498
1007094024
216392997
1324180814
1203563269
472751675
276974294
452186784
452180531
92089113
452127175
33189473
457387356
993603822
47670152
1537494991
124459603
248655727
299003303
331617619
1134704288
440815818
47585054
210951712
19225574
17469289
9300262
30489163
63775360
14677919
2884771
4970411
65493023
182130508
309160156
7309052
380648579
409486555
313120760
145225789
478720395
16581604
2467791
362373938
32357365
50393960
125376632
245498630
4898091
409500620
50197145
168417198
11178902
419918470
522078771
14060262
49954018
1434251
1052106763
1050774624
1108979136
1091721366
1330457336
1022188141
757303975
101743223
197763661
384192964
19834403
181492487
460163041
486653654
2160655464
1340309136
78440687
65416867
2990826676
48354461
129834917
561906342
556978533
15254807
416476798
1536791610
531854421
4082319617
248795646
23364501
3869950583
307423967
380473676
100610543
14942383
3108351
138048156
76979225
350770729
533138850
746085728
15754281
1367531
14173315
2097571
755681156
5402612
15012486
2486444881
1689075116
428333
14159148
759251
9624742
169387991
30313925
1605703291
369479166
317769975
2797570122
407606658
2516807525
14914257
813286
156316785
497797578
619244597
217417098
14293310
48062712
278077347
19706851
73971750
420942860
453030125
264329056
439258556
1546033164
1858515078
229010719
157947389
887055386
327455219
418178379
2422324164
3303672682
1387260044
420351046
543774554
133790890
274093178
2615476861
215728045
320603385
150725695
52424550
479645115
1059874310
395218906
271476597
3021489605
455667847
704846269
239784688
73362774
468281697
90641656
52023775
392686268
631983944
267681205
119417590
707245554
375272121
356787601
362344705
51024865
344050959
467573735
2292424142
2320870325
18576537
2801540412
1582853809
566090202
460330693
2444432082
436074649
70387312
18903104
19489239
2605288248
187562165
69867426
340747614
334602996
390661901
69865203
452324687
439600476
425930225
20609518
5893702
25508589
634690513
467821810
494975467
41667342
500704345
495035409
492977249
452444300
353020943
787096200
134485712
807095
1971091712
61160450
113047940
25073877
2900690699
20430345
529406554
703601330
323345059
147543162
567285403
1324893229
17488916
460264679
13514762
18935802
1655636611
399004979
485586578
526448857
602903174
1024976264
990052896
215699843
228010525
425933041
130537001
413916151
413217587
495277374
270839361
472412809
520449734
217749896
549108783
534127361
29416653
2885592256
2855333686
500711588
515229378
373423842
1526228120
612833413
134415120
3334255245
451943
177533004
18762875
28810801
123899370
59401731
1855124970
2868776242
3001762132
173116059
33508220
1071332641
17919972
101532373
122728088
1012828728
7111232
45363552
85772748
744995478
108369004
1281472218
443649415
126614785
221902171
1344313189
427475002
851046342
94666311
71114686
436266454
96948912
962228174
488824839
