1827797689
65647594
47486411
1634854514
204832963
18424473
1473973788
1225477956
96015063
1100994925
818105484
223202535
438131155
114165346
14677919
18424289
2164583325
852662653
86030892
181198159
88271762
2438498226
297884368
2257547484
2945599269
2303142614
2870463431
382267114
50393960
46376581
1932851846
18549724
434829567
119360445
1371618385
1616876894
196538612
32444448
813506431
24382468
11348282
17874544
20536157
56505125
10228272
21111883
783214
8795772
97914276
460163041
15007149
27966935
103065157
16789970
1404590618
2247018338
1330457336
2164626723
1536791610
14685244
1472695399
2194856745
790728
6135642
14674260
14685821
47813521
251633354
410718052
466919194
1691574356
1422592417
1891390034
1710665743
817403221
1413974431
813286
759251
807095
79293791
21447363
