35327883
3347815379
467842861
4165820116
27768807
15809249
20545055
36117822
75438373
338899773
3189103423
2256600456
3175197601
1634609654
92426557
3363319533
4134175643
2447051680
4202921533
4094723654
4230286998
3806731582
4135395137
4230448044
4124602513
3380613825
542762742
4184240057
4184489398
4183798168
4172396474
990503731
3158307937
4184392715
1694204640
4185374968
3061567905
505677604
2776897964
1378813747
4233659359
2301987044
4185933497
4185814101
4234639640
281397180
67694194
2150506910
86613184
1536791610
83876527
364814031
216776631
216299334
24886025
37710752
17790667
158414847
2916305152
22000517
51809554
91316071
15819466
54730258
403488296
59949396
378809160
27528339
44196397
125346858
39975533
22059388
117087700
14677919
19927627
381429945
32988140
52833129
19725644
241382835
62513246
24291371
17409452
1434251
59157393
17544803
427475002
316389142
