237189703
70089759
3069117562
3029658610
3334598925
3239170399
1519914505
1023480469
3226156893
3173701394
1406423130
4175749035
2708314011
3209296763
2753476403
2712261455
2867737419
1684019724
4155038476
153002925
500479712
331295844
3051600827
280352484
65056510
280190151
2902762431
3022924756
3364300276
2838626308
1401597102
3117628648
3305554259
3388269369
17233335
133057085
1360743823
3595623076
2773128621
40034432
3223510479
2788951065
2887328285
3420617271
170415494
3198044839
432538233
1271922228
18337264
3000977950
3313058379
376775162
5402612
183165874
2223863284
1923423870
3390389753
2870384368
2616472594
3140705714
3750747495
3935299642
2844737925
2930399512
2971727517
3906657195
1083051536
3634224736
4010989336
257961609
2985525077
3108536842
313198109
322558481
25985333
1670024880
3377205869
3360794758
2734795036
863995994
3008771068
4178864459
2930679694
2902482189
2915996115
83633635
3402191129
2798196994
1563966984
315827597
85324644
2609170439
585372692
715635883
2684157467
3155828181
550828883
703524773
2849720985
2451594783
3815820377
2519489237
1903632728
2746641797
3179672627
1545305263
2777838939
1026977664
2504203529
3707634435
3319683945
3396061385
2525267876
2891571165
2282281539
3059905757
1579095169
1701730880
531274717
2590103103
764308230
115141256
292522291
3098287811
3995978433
3159090566
2361492058
70394965
107724446
1886111983
1156454660
479420100
2988850467
14159148
621523
586198217
19927627
6480682
26585095
51241574
807095
15224867
17629860
16581604
20402945
7744592
16129920
17544803
25073877
62513246
759251
23544596
24886025
1434251
31080039
427475002
21323268
624413
8161232
16228398
17790667
36042554
222953824
28785486
3353566654
14677919
30313925
939091
54730258
9624742
14293310
91478624
205302299
3303293865
73181712
15764644
1367531
