1339835893
2935267569
869879804
2365923816
36947388
374358370
5402612
3696691877
14619266
2219361960
2362851030
812122381
499135514
321241535
128995216
1008835574
741765583
1925390424
282456521
1367531
43192807
23151437
326359913
14677919
136361303
17629860
49061402
14159148
436266454
26589987
10671602
5162861
1434251
29730065
17919972
16193578
20710809
586198217
90420314
300392950
624413
21447363
28785486
15846407
19562228
30973
91478624
807095
16228398
109702885
21254264
759251
8161232
30278532
6480682
30313925
27260086
427475002
24742040
15485441
36782022
63485337
23544596
23083404
939091
14230524
15131310
19927627
