52344859
1227926424
127847300
61280798
2841906231
203466296
80544337
2959263881
2208889872
2291252828
2438241900
121130230
258723645
71437199
246395231
114694393
275580902
132892128
140024706
2490342961
3202779390
175349114
313183832
52496551
1667848166
86281599
100186027
498840131
40451773
255030147
4164535335
1199302464
26543142
238475531
1434251
21447363
25073877
24742040
20402945
15485441
205302299
16730355
31080039
586198217
17308994
175883705
6480682
15693493
117652722
262299947
90420314
10671602
23375688
25365536
62513246
759251
893950687
63485337
234904269
21111883
26585095
14677919
268414482
36782022
1994321
203879413
957560196
427475002
1536791610
17544803
1055490565
64488804
24744541
49061402
