2393229387
3008645931
3428237230
2731512047
2819558909
65639895
4025579829
891783582
1198230289
3047239557
2824733308
3523290556
43995687
3628636155
3948075622
3031069319
3297201719
2679894797
4099966822
3826522295
2778219118
3407425972
2971088075
3004277128
3793276588
590963613
4017058935
3958265303
2807127227
2726543943
2297750661
2374292679
1975986691
3358680015
3049482787
3851696715
3826551215
4186136715
3428118802
3580129577
4024617629
2951110419
3174153033
3419634778
3780195581
4142730497
1505135839
3007237523
3158349939
3248121167
4171648468
3459836675
3151344701
511938670
2160928204
3248326889
1378104032
3843678861
3537613155
2665608837
714226706
3753435553
3401820689
75329727
789858096
480094493
2798646508
2169286836
3755622561
2741395611
24725654
4159697104
2602779392
147601312
2950195215
3612023175
4091852854
4018687233
3037382220
4193043432
2857454273
1498928798
3484119857
2764885643
3318017753
2980176753
2798599052
308735744
3290673725
3289873626
3452043382
3148475001
3410526208
3239307004
480605885
3295672152
4018950423
359569197
3304320262
1226068843
1619492370
4234795279
284827176
2238239690
4108467553
2507047524
295882228
3066921726
2618901067
526840659
524825070
324038364
3355447813
98165743
16058579
2555682992
551218075
2795839768
4179267862
3418871893
1598127901
1026082958
525328687
553780009
3001391778
1625285929
3404735379
2741356015
1359895220
2322735170
3350187597
1494951650
1423724114
2756050887
2527868380
505223970
4163650217
1068538237
3937834467
2546638196
4059295947
617140376
2507392422
2905077364
2920658088
2502464865
365438399
3021840941
3504346097
1860296473
2806632772
2969932210
550955907
2904237713
2268622676
3365713888
591077705
4018274259
2955443563
2593123663
3019820235
2921496789
2585962497
2758213797
3822964036
3399076623
1491681115
2511203009
2450540214
1120355936
287812689
347367721
2821225469
2314145054
1661782946
742430616
3434267272
2344181275
554275685
1110073026
1111927026
2447414216
3301582280
3315004256
881539410
3292164067
283543772
2498747001
2291618252
536465971
3076343072
2427963480
1877696449
2720692350
2964770609
1664332687
1593782606
243574579
449978730
2373864122
2227581589
595081520
2909667819
2439174067
1206064124
2304495389
1958908680
2763825425
2618398156
2828028545
3124202190
319890537
271634724
1722217784
4165952434
1149222439
1146563347
1514244728
3304848555
3261986225
3048164100
1465338007
1173698575
772366962
1725188688
3186506768
747781123
4228792093
1462781778
1914879012
2293881185
2811543146
454952010
167515350
1241723857
1290634908
237089985
713999510
2920112801
1729792502
3699440183
354792954
1936192171
4203687132
1439778691
869012316
139604140
1428535735
1239306427
1028389285
191940332
612328143
3043588734
1090860108
3298283123
800106018
2891733616
1076167117
2591461
3014854319
2559286586
4224949153
3985620015
18161312
1048913634
3779607496
1313463948
609465835
3536276127
4186818592
2663514383
2370847490
3296663773
40167856
1645708513
15485441
8161232
436266454
24742040
14230524
14677919
27260086
452830010
6480682
25073877
300392950
28785486
63485337
26589987
326359913
14075928
23375688
81048495
36782022
453507741
47459700
5162861
136932734
213539531
90420314
28164096
197588356
19562228
122453931
54730258
29730065
21254264
210792232
1041453240
54610518
624413
23544596
30973
759251
136361303
