771448806
2944177577
2742029843
3634947797
239760107
3643115127
2831420532
1923562046
285454434
1901033312
1407854958
1854930054
1402091292
2467400845
40034432
2766005299
251759050
2686622403
29484644
120533938
585372692
15220473
263065705
31080039
14677919
16228398
29730065
20196258
26585095
25365536
197598287
86330674
586198217
16581604
499612573
27457788
83876527
71876190
24886025
167498472
1434251
90420314
36782022
807095
7744592
62513246
6480682
16730355
15846407
17790667
323216653
28785486
201388872
15224867
528715496
51241574
621523
183165874
277573283
791000388
