428333
9855382
66369181
425775259
1209847322
240786888
30313925
1000767198
561389750
429378067
364318700
813286
56800628
267504779
422939094
542090517
50475419
30561182
3429298599
969136237
3979683982
60937338
2303112625
180106825
14677919
384475630
16063695
64883787
250383452
1056785082
478087609
309059561
2557692060
3403599159
131343870
1102871179
3033090190
15485441
215880651
3403950303
2178959740
142762470
506993721
594342403
380676349
414472224
427298182
303315315
273419234
575660863
913739528
414441613
1244124948
399099239
