2615313493
2407725793
2739719984
208271500
19611483
453507741
34713362
286042531
113420831
223080656
2984351036
452830010
325830217
95151029
30973
22650211
484545844
256556724
1041453240
213539531
27195114
268420958
746328961
81048495
19397785
2408974368
50393960
27260086
30364057
9959702
589921934
122453931
169686021
3108351
624896628
212162328
250911289
136932734
72568426
16312576
8839632
450504440
20536157
54610518
132385468
357642979
2584327424
25300308
2458567464
300162606
15279429
1652541
304596131
127483019
2615251320
14230524
813286
125944392
505196587
19247844
903495284
36719281
130159846
104141949
440662588
39927901
6017542
97537762
14677919
210792232
298959564
94628304
73359920
60054156
21982720
26278266
1093090866
69615397
1320350810
13018112
339040963
600319673
31312972
3239120187
434071161
89820928
221392767
1052586019
84352985
88856792
5988062
26585095
1536791610
225190303
145125358
281490641
21870081
18215973
127059347
11348282
52070270
101311381
56650317
303535030
28985686
6480682
109702885
7744592
20402945
939091
624413
19562228
222953824
15764644
48410093
16193578
18948541
28785486
23151437
15224867
25365536
8161232
14075928
759251
326359913
51241574
436266454
15485441
30313925
16228398
17629860
15693493
9624742
621523
14159148
47459700
53153263
90420314
25073877
15846407
136361303
1367531
91478624
807095
