67454269
2899766692
3599650222
8159472
775003723
392728382
363673186
2874527596
132887265
979198196
617672097
163271638
467634392
2382803133
2873667585
3082872863
140070953
2499131519
2869054869
3380067189
3077284175
3224959527
1571238338
2856662565
3305997779
4070897026
2746355751
2601121085
2967777317
2868936190
4142377403
240714255
3557025556
3384941517
132539757
269903666
275252838
2950969108
3513668957
3513176427
2157563503
1066702526
3732207255
1760188999
4098524381
3038753217
3781386653
2864825934
3293817386
2872777576
3017916187
1545507782
3320931076
3433409500
14677919
520539440
524572545
459009154
3307417469
3309644331
1935212131
3107596450
2967697461
3587718315
3061865985
2710177091
3390892103
2959404021
3366790612
4129499187
2942136802
2363407113
591727252
2884490920
3987139132
1037751679
2810105055
1527322622
3226001440
4061508569
3041229681
2852024051
2369415496
3343788803
3599558115
18762875
3385881071
1394007270
234837017
585039324
3528858257
2472601826
3371285003
4041141321
2438168317
2989773267
2811248921
4128176819
1890397328
4047583834
3728366003
2661631491
4076668769
3297856950
3911582266
164432130
1002474613
3014435937
2974313849
2597706825
3039546664
1465135500
96836706
807095
3388736278
2285154426
27689353
3231659500
1740838248
424354829
3363799881
486833448
3086747796
3350374749
2843752834
3053118184
3222549624
1337785291
3081107497
3898878755
3935477465
3996227416
1951828382
2885858650
2753598845
778178323
3340910542
2653219403
2950958896
467260162
3152586232
1009929344
259925559
454873450
19586276
331617619
88890284
71114686
962228174
1432977446
70926844
828717014
205011496
101532373
373423842
1427462935
249075355
1071332641
96948912
5894372
386420143
963938472
60865434
135112407
395218906
1329047808
221902171
344634424
197183571
271476597
461922813
438212411
149060372
5893702
54857969
41667342
45363552
18935802
108369004
420351046
253508662
177533004
2178230389
124450567
380570951
186386857
1208394690
17919972
