212162328
247884504
1208631468
136932734
185169785
117962076
3406133080
82884121
18189723
43171999
445362768
79543117
1374003643
569915255
2517138274
238600142
513834853
903495284
129880735
624896628
2849917381
21283128
505196587
33014441
589921934
1434251
86613184
213539531
39927901
3612277754
286042531
452830010
1320350810
2167929865
3606531376
453507741
17544803
298959564
2561566639
577459091
2778601483
17790667
94628304
62513246
56650317
172294995
434071161
427475002
1052586019
300162606
54610518
14677919
24886025
270831829
210792232
127483019
19927627
54730258
122453931
127059347
59157393
104141949
83876527
1041453240
