2948600500
4070920337
2945326984
985842512
1714188090
2596580366
213958105
65659343
56631494
123774113
94163409
2780425718
16273831
4065097872
479895972
51376979
3180877172
41097723
69229721
2465245849
23375688
223080656
298959564
14677919
972651
14506253
14075928
54610518
104141949
69615397
9959702
1052586019
759251
62030459
615983648
5392522
13
5402612
19923144
275686563
453507741
81048495
903495284
325830217
15439395
130159846
348379865
210792232
18948541
97537762
26053643
1041453240
286042531
50374439
213539531
44039298
28985686
577459091
450504440
20609518
30364057
612473
45564482
813286
624896628
6017542
589921934
1093090866
481156800
14824849
1320350810
132385468
18927441
34036028
101311381
428333
304596131
25365536
1344951
1339835893
434071161
55117855
56650317
300162606
339040963
136932734
19777398
127059347
26257166
505196587
14922225
256556724
17093617
15234657
84352985
303535030
51241574
26565946
17525171
158414847
145125358
1652541
28164096
326359913
15485441
10671602
427475002
6480682
43192807
30704824
29730065
90420314
11348282
50393960
586198217
5162861
91478624
14159148
30278532
293850289
19927627
500704345
24742040
5988062
807095
21447363
23083404
300392950
15846407
17461978
1434251
16228398
49061402
30313925
19397785
63485337
14230524
136361303
109702885
3108351
1367531
