3258664212
720598748
3186159264
2916241435
1538565534
184910040
1536791610
241044612
2159809593
757470042
1330457336
791529888
191101308
137018083
3378493043
24966423
512423973
1732998264
39985029
144123752
1339835893
2764660413
3040586373
18220175
51241574
635053462
26516984
130748760
19182978
2163504176
857079908
6017542
24522650
612473
854943744
344348904
1177063430
334849778
16303106
45080785
25416008
1490759287
3070489696
14677919
309161845
2897067814
15439395
35471392
53153263
500704345
150956425
48547572
807095
558678115
18228898
2392582350
27620258
21447363
16409683
18222378
125588778
19062536
23617610
100341501
15595657
3165210287
2730673462
17093617
174719445
3979918403
50393960
1093090866
3050557645
3081436227
411404797
54923609
25073877
143399520
20479813
41969297
587682352
390425164
533121305
244224146
2764023027
19248106
1382160362
811659822
250199140
47673661
2794814443
19697415
265933541
5988062
35094637
384363959
16708690
813286
5402612
2462980691
2493701
115485051
91092951
14230524
198783557
27260086
192947735
2239701
3345672977
783214
32660559
759251
26565946
8161232
19363331
2789957842
85603854
44409004
41778159
86512212
853633982
2562694635
742143
428333
19397785
10228272
2186952107
41921571
21086031
584910622
252874994
2699603894
804075344
268486915
194173066
247297701
485085227
2820661628
175743717
918026275
229487755
1717253298
96955140
1068907328
3374996751
2435615905
548686483
624157704
17146042
2151094265
1179493687
49962244
46961112
1668556886
180494810
321466002
1728301543
3134036039
257150369
2655350768
42731434
57229144
337754916
619845853
3031165132
579058133
35944317
1627739768
135440861
340185343
1720278685
2193896096
43029691
1908172334
85089837
210915290
599606014
391601802
1319613582
502768594
1630659318
1132255206
706113756
4055264782
1688361488
397905374
3070357541
151163522
2514021031
627407903
951909223
3348910444
2237130515
493425739
408380575
2422060679
1030540062
301975838
162863774
3457832715
579357326
3245184365
260058844
459249468
541502762
607675243
180470605
81793244
425217617
155507136
1356173684
184119414
78848282
3420565317
2317894100
3001037241
594220452
1228194541
3225791896
1017356227
3120302381
180377605
626378873
3169329247
355392375
2535003786
2968781158
2580530060
82712417
3007003697
2754956801
548387282
957132781
2153274644
3061392662
534182902
801893863
