26993810
10193812
860552796
3842446703
15702854
319028469
13784642
22650211
813286
2526702858
52486297
477307713
46105253
5988062
44097371
27174329
31403125
1054744860
229285988
2482449230
452235950
116411298
716710098
3455941756
380270590
3296232219
3410404955
113420831
11178902
15012486
63115636
45564482
14173315
11348282
164302135
52373577
986396366
21832623
45913882
60629880
2433437610
68405620
33933259
63439837
3029910399
3334072125
1339835893
1434251
1330457336
28785486
7744592
62513246
2467791
427475002
759251
30313925
14293310
36042554
19927627
9624742
14159148
17544803
807095
222953824
372575989
1367531
1536791610
14677919
54730258
17629860
