1036249579
1603385773
84352985
3044363876
3082847278
2291643835
263985862
2687143730
311032328
3269504275
2473217658
3099230647
2469605695
577459091
3988435997
1021419306
613321095
138387944
947192262
1091897382
3041440682
499844785
1299347911
155548524
555791715
3502606334
4235283199
4235649078
6017542
3439469566
43948799
595335604
87170183
51376979
57928790
56631494
122995784
53556894
113278275
97865628
88856792
18681139
113419517
101695592
145125358
132385468
1426594518
14293310
87416722
428333
16343974
7587032
2097571
612473
560678690
475698678
2916241435
150300772
43579706
636444598
2920576279
3457242315
2725922472
127483019
122453931
3315296444
1512019453
3722871736
3424755604
3177234811
3252983947
53344013
1675266690
621583242
16664681
3296001247
128133191
3319270716
1243686847
3406144636
418500659
375683671
2906845368
1203811584
87818409
79424503
1089282786
990047762
250570897
1932324025
409089061
3069673297
2500955780
3076278040
1071257378
135421739
219066728
599705084
1686378198
102095157
132308421
1652541
74763191
127765218
1715567444
121727357
73311816
21447363
3223961947
2190158069
352147020
3165137654
2263666711
382605981
2913305945
2436402102
210792232
1140256934
423320243
3229647871
3180628550
342295607
45025729
1322558868
1022603348
2592788244
610021318
51241574
27042513
825121560
3017019805
1196282233
171117515
169214768
2897288305
14480339
2418763740
3576638174
1410270894
16885335
2280226548
148424988
3198419855
2953510372
2303289745
14511951
101311381
237797618
2344174580
110835938
2600357970
759251
2257348287
97893963
141638917
3108351
1415651317
27260086
439118433
3159642456
2460932761
3407559641
1495544520
2686237976
258605309
956845177
3004575022
229993663
807095
87118217
4100331418
92424604
2443675610
3193425183
23046015
17692554
29098641
1962711
50393960
16857864
539035280
3736432640
1971106440
3401912113
16675569
21147300
15846407
2705910212
16832632
218730857
3192126165
813286
531881411
742143
1523700259
59338142
15439395
141052723
25411758
16319888
22917953
3308939316
22993014
443744951
999806041
5402612
2767288187
41312733
3234078918
44835347
22333048
3118601484
2796591078
18749677
2850686565
601306988
3191993773
21469205
3301883173
241421704
243865694
532884988
2165121757
24114876
16734909
19274342
15492359
578315707
26607837
16213404
3627770545
14740721
2768501
535128155
16834659
129673790
45075214
29576445
15250661
35466620
260688830
3287544769
1484245333
38056120
20750828
434911979
3127273313
16213124
21075591
14740227
9609372
2940686382
14740392
28278535
43234702
17983196
14677919
18753424
35986316
9609632
85436197
1262259434
5988062
115884789
3190988389
882373093
36255721
17383073
492573124
25629056
3910310907
3025358660
450917814
93766096
18470775
111971600
32201814
256833444
202057606
23879043
2938493915
2244882448
267377218
