742143
17471979
115485051
14677919
2365821566
17410730
34507480
22330615
5402612
7905122
25521487
14777405
116362700
1877831
16664681
205415788
3423735975
27195114
15615783
14532539
32959253
136388639
4898091
29304837
15492359
8161232
95023423
19426551
51241574
23151437
40931019
816653
268414482
30793542
30973
5120691
19740592
759251
22185437
15937025
15694286
6017542
15933690
589123768
571200736
404241645
15371292
27557391
225101746
14800270
26565946
1377224900
5392522
23617610
12
2467791
1344951
8824902
568612380
25365536
7400702
15763416
17908147
612473
48446605
174533632
16303106
15679641
17919972
15754281
14791162
14934818
22730876
35936474
16812787
14293310
2557521
20536157
27260086
50464362
10228272
248900032
19923144
14920785
157140968
246542637
32469566
454348100
79293791
57077870
19074134
10878852
169686021
20322929
240025822
16656350
23375688
236699098
428333
78728861
20177423
87818409
813286
17461978
5988062
19397785
136361303
29730065
14159148
91478624
50393960
11348282
26257166
1652541
300392950
326359913
3108351
14230524
1434251
586198217
427475002
19927627
21447363
23083404
10671602
15846407
30278532
24742040
109702885
293850289
30704824
6480682
90420314
30313925
16228398
23544596
5162861
28164096
807095
15693493
1367531
15485441
43192807
49061402
