555755251
410297173
563277397
399678637
928520929
175883705
1944722516
396764205
719357168
3082251140
821867664
1335210026
613382039
2646281376
781242589
564508791
588037470
2817230167
2535981731
1024009494
1081279364
3225556914
543703080
1546341678
92336799
2822403162
2555268248
400624950
2658158660
705271168
1317212425
3327651633
2261774888
446531349
2535675871
1223761417
178673474
36302836
1420890840
2358403089
2893291658
2276193295
2148152909
2522649242
1725984061
873594086
2413994644
613553714
711207274
1201928186
488696550
485476839
960243422
1969140308
1374031488
3248619630
1054377284
1663301017
250351626
3324559048
66227702
984786386
1839118592
3236960014
480306558
614074510
1678576813
2180360008
776697494
1230118416
745961150
2357929956
542419345
95400630
107443433
301053000
579827019
802283515
1328816234
872326268
598416839
13017862
457583898
1332534602
950523091
896519521
2422729578
2606335646
507569734
610706795
601158439
2813734478
1177857049
336559759
44557447
2742476498
762489854
233205224
36412963
2264338157
1254935054
377939666
703758919
1403185519
321940049
1345469731
2539005142
331097046
405307346
2759225740
556993078
1724590394
14360757
596670005
232193826
2857705795
1120095661
512312206
1623323936
393086307
256116885
3089960318
623609049
729669386
471051507
2892879360
567494177
952282909
3034350498
2879515920
2989006501
3214792794
472039392
1972679533
366312549
1247362951
84311137
3283358221
1241258876
2330249929
1064941818
1639023144
2593878324
3248187296
545918705
1395837230
1829453148
454384410
3111857841
1935478068
267090518
374150905
1633642602
533657387
476955641
250788698
1055384082
1150677320
74478182
1893483986
1688936274
498968946
2513844276
960401869
1387369032
545401155
1693359115
910654957
472306883
1053548274
2337058266
955721514
39699909
521393095
560328014
1697657965
1135017996
420271760
3008389735
497271705
427475002
169686021
54730258
1059194370
24886025
21111883
15224867
19927627
18948541
21254264
90420314
51241574
23083404
1337785291
98809456
27260086
21447363
19562228
16129920
1434251
17919972
15693493
17544803
23375688
14293310
14230524
1367531
268414482
23544596
28785486
6480682
115485051
807095
17074714
17790667
300392950
14075928
7744592
26589987
15485441
107146095
14677919
265483421
62513246
759251
