607321365
3057896701
1120172874
826506133
516866801
3087383962
740882820
1613690526
1365649159
3983689462
4196930715
1025183898
2166836401
3983876716
4243338673
14106207
3048884966
1498283226
2528027226
3180056604
3008316733
419849818
1090267362
4194134248
1887242382
2376044001
4180671017
785673608
3591532814
1610802362
2290948432
634772692
3528539716
4160627297
1385881249
2199864052
4248819198
1036387861
2896921152
3301246935
2270784763
3067729659
4251163454
3299794056
4192297108
3238225017
2272915384
2760782483
2201650971
2613141395
3383030182
405715811
3351845307
3293439949
2222298511
3753382636
2235033581
1477924346
3630974172
398445324
4151368280
3893420657
3145770605
2922169056
83455207
3385171235
2728618623
3364198334
2171707860
3997531636
4173306134
2808559729
3714242472
2894833033
888533388
4041841102
318173744
2288769360
3099095081
2280885775
2245706685
3983290983
4041716354
3164262774
2170073810
3140975521
2971167074
1343408886
2661152035
3130941455
803541846
1010663875
372010679
3083389952
4146865642
3318151771
542657565
2419889533
2262012925
4253596452
2177166563
146613269
433495658
4254164713
3301073921
4197995866
2884582721
3353416085
4041953897
531868846
220551567
114516195
4037692281
1232884064
4253356333
171156288
2794936220
433200762
4170679108
555879778
1168907131
600110078
4201382733
2888956065
3115162589
1494142765
71066220
1106475343
492452874
222151397
3363240761
2983748137
4153565056
895247766
2390767616
3313488426
4181063187
3269780568
3039548283
2280994219
4201920263
369539636
279055387
2371077690
2194901551
264134493
636931242
3009733691
2476847637
4202357848
3999703221
3346807017
781004965
2660920870
2852557340
4257767112
3023362697
1326213902
1142120898
2301155658
4166107293
3022336229
3923493743
1257188809
2555300863
2760484261
267865982
2310617348
4203071561
2957767325
2520135191
2253279497
1141030279
3472452614
2345745086
4053305412
3377934723
2966930866
545620902
345044568
2596833955
1530731204
2166546563
3168313113
284105142
487368679
450846473
2501620476
2786043382
242160767
36371632
3152879135
2863434472
2974332041
3546738922
536490536
3160356595
1858407409
1437960204
3790697475
1382934302
2885352413
1539585847
28719666
2741164762
1496403152
2984561342
565645968
613310600
352210536
624950261
4188877095
3173989228
245721281
1960593254
1347543294
1355637380
358523628
2777056767
4238529078
3302467595
1684841929
742716204
555224841
2724721272
3138785993
2843776630
4189415681
3995787357
1421198353
3325306510
2449215078
3272697008
2923443370
4123909625
3349382404
1080545694
613747151
416831275
2576079462
164722298
3310403067
801187333
2886797017
1977168102
3377886322
3228931849
3310718339
3158261130
2967657266
3818233513
2934474952
202417649
103365581
3335022634
3497157878
2947823045
2994098214
1732450098
977067428
2707401927
3625071076
1331263716
3132409840
128327630
4239426012
66554038
3875458512
3798617473
3181281988
2451161020
161151231
2845846776
65888677
2263735526
3115936878
3036054671
3343454937
4100505015
3238734021
88032274
3314463901
421536917
3237426163
4190716516
2513431124
3119261431
211177706
3082438367
2996610585
3386115318
2571540079
3183176467
4094848582
172814680
2949168884
457505451
2512252874
3141042828
3099924566
3139705506
2645508064
3294106093
711944879
711428506
1468991472
2278474064
4199800392
3249215654
2889352209
2851245763
3325727329
3405080567
4089169882
258078787
3390210087
2661455653
3285022172
4242368839
2450585904
1962735380
247606029
320622563
3430841303
1520807640
2784111514
1115861496
3600959960
3243868885
1086752323
744497822
2151574844
3115376240
1006235876
2391538267
3548284452
3182353554
227948128
3403059251
2519083737
4186306943
253479568
3525810922
1547216574
3164774285
276856825
2921340106
999144241
2587303837
3489434662
2506021893
714044642
2711396559
98258082
2865530624
2237253074
1083686263
916848667
3435718630
4244519533
3379718585
66103696
2998614971
2955083860
3854105123
421195250
2513576412
3992379374
4100742674
4193651903
1112523518
2943284455
2819637766
597906250
3560557582
3254380238
3917487029
2519284149
3351998423
4140415161
2349021063
2312194429
1103765112
1971503058
2354542537
4192778555
918860192
140554143
3256946292
224470145
871403209
2996511551
4052684620
3337461453
2458113947
1111281612
371895032
3410281845
4193723363
2900842167
35530963
2273173277
4145103999
947454781
3763144637
979786968
947783678
2396858637
3358659063
3307337927
4001768679
4194052095
4062387862
4025595184
1547107154
4194826222
2790463517
3089263390
1077414150
3400010795
1551507782
3013530679
3020015044
1441339458
3602675416
1025979409
3350641341
2958065164
3254122285
243749142
2997086505
1926912636
79246528
895000711
821695255
524535187
543881521
3230633423
411898148
1430499853
400350309
2857903380
3313110597
4142049681
4195246816
2930767266
3298424275
3269721834
300376406
51242554
2777289669
1965040033
3928211294
113172175
2945607402
4042595414
325092261
3984547993
3308371844
2546352398
543030280
3056757828
1735824415
4175208622
3528660494
1614569334
4157002607
3048221021
4171434857
2433651447
490628061
394094283
4196012368
3431024980
533147508
2186987148
2735452041
158867312
3312363916
2806545537
290287902
3722671102
4076017462
3160410889
2957585014
3752322675
2503907680
4029714918
2437567069
3145888804
429576364
2620200999
3265447160
2617695916
314413728
3192438365
627790712
3213831198
2683149367
203498625
2909971967
4196376027
28340121
2715827229
230824720
3070636948
622958912
2938635526
4083296658
2943601150
842334374
4193117885
2884056520
2476415311
489022192
2397147419
2754335874
3127553523
1228452684
2294694161
1273807920
735239450
124013761
2730844389
2195050014
396356779
2970606825
628597114
2725238065
931860205
2817591567
618141812
634773175
592465791
1323413108
3361843809
786069818
3587374754
1923519588
1422181634
290265344
453326749
175997372
1618376623
3056433770
565978802
2301779335
2786979744
225848179
1559487643
2908543355
1636185150
2214378217
205929764
378735466
269094563
259371777
569262922
472676286
553236330
481576166
831422533
3035799233
200323849
601519194
1228791434
1151465664
189282848
818839458
952785180
3125220321
244280163
2264835752
158508619
2543478699
341714442
2360514200
229614044
188006067
499086428
1265956004
226664557
2739712524
1938345901
69074131
3868261049
2871620255
184812104
636702914
17952269
2285633629
1421549354
185691039
18730634
134610969
393695512
114839271
589454209
146279399
168721630
238983008
2528507431
709757912
1539052243
176640749
2189438833
3664913363
2207476007
3307407844
3968909247
255740659
1584613435
307113145
4076495595
384750535
251720158
812579810
229849964
535698896
159696653
1537746685
1857796412
2259381573
2570994598
2602308559
896082661
1322824590
130368243
159480820
2413505444
1589850990
1040323375
64328834
190426393
3938434033
858454166
155992651
963723318
444953495
3732762257
2752311655
3427100385
2847601642
525845290
2602525896
987345859
268861461
1177495189
1788473190
144331645
1677025040
2588523919
1096841503
3295197867
2379366141
2431301911
1966730245
2521428121
2417029800
560134362
414820967
443112301
3365170179
597580331
381051960
492652749
399617892
109424049
307088452
450874614
2590171452
811362277
340780675
232997874
369651780
500725525
362725644
64643056
439481875
346139706
382613598
158830818
2268090144
600603770
4090889296
3415700315
380523283
3855929373
388949604
2575903739
68546045
4178500155
1644895027
34640565
3291571880
1387312536
3555338667
3320028232
2990893037
3093355888
1631402005
2734871
102323621
592188099
2285622972
4068122835
206181302
3353929541
3976766235
1437615140
228231400
2271312091
4178903237
1553640728
239313282
348379865
2813202073
3443196736
18909186
2727667432
2335560870
1340539129
1426925246
1607413477
972726266
3178767195
237529042
1437313219
898454114
1480241400
1268584152
960661615
1628981472
1636552273
1175737165
1455314592
4025880855
1040070438
1603984218
1666506932
1123625186
963365628
1370075983
1520111726
2172281081
2730102648
391016620
1663941530
3398099957
178925001
226246381
861946430
2956613633
1884596047
2291768791
181225101
1202624575
172795824
1708539266
634050055
383515594
1194964981
2433699948
2494323726
1870296163
634310979
157649336
230544505
620089890
1556562595
3392054367
1605536168
352020748
2837728287
2572041337
144205200
1551729247
848279864
2336870208
292839427
131376152
2826555646
797390006
2760009440
194156063
1342793930
2441094560
3002756176
408758255
1604451960
549543130
2907477724
1075372250
2337277437
2253617491
799359228
1363182390
2764532668
2147850926
1458175831
1003226756
2763594504
2974792072
4187559543
3824786835
2342049092
215783975
2415445873
583245674
3641438535
2741782238
1539572012
433572809
3084007887
2566624309
2209658281
256688570
2741938637
2507735019
249811281
448952285
2194941888
1433582418
537539758
223249449
1410709591
2401985936
1312258470
3335035407
3059235051
393694682
2204507977
736104433
3069276887
2411353274
1539437316
779178871
2939524852
165875110
1520826793
1380495860
2953860333
1250129124
3258996855
243410552
3876522527
2837523093
2646010286
1713180728
1542578317
493465420
2829516328
2675200884
2981506119
213043494
2696836460
2342595998
3028394750
3340576605
2462390460
1183204267
962882179
1132092380
815417749
2205860899
2834141140
1383519786
3062812025
613574725
1537597496
1460647296
1002138337
930009877
209833910
2616268284
1472291954
637118631
2951804644
2821681773
1361816466
2199110370
2592161473
2515517663
2187536432
2885045893
2238520130
155773828
2561539094
780722634
180893928
42936819
16935734
20431922
20798630
372475592
21850078
250911289
1239671
221005474
25341996
28265810
407625898
395878702
3137864732
1033377445
1662938396
1917647058
1115758766
1684735321
1473474914
849773456
2849051235
2607056995
1909899300
161774996
2326302486
3067368167
46614403
2442891038
4151711535
1914834800
753873415
1462849171
2694765541
1866695426
1488564841
1532544331
1535562048
219488829
1355231832
3031424345
2806648685
2821696277
1711108268
3559814957
2147914741
1756141026
2660106054
2332206188
3298708053
1604637313
516759320
2882161652
3604695496
3400673566
1113225264
3149383221
3534182416
1688889866
2229225614
2893300901
2484361316
1720627428
1167641971
2943311146
978918486
3357782123
3417818741
2880992474
2300238451
613873712
1928360101
1626822842
2338848338
3352752340
1711296938
2228918479
190033011
2590370832
2785344329
3048661379
2767561404
2593486501
2649708462
3344823777
1557362263
1472835500
2366881826
2678815274
262456790
2904183424
427132987
2750476684
2296496778
2249233890
3373183947
3215678363
1542244345
2870694580
2612118782
305308312
2359951476
1584514975
2979259594
1535717317
1969678226
2543499912
1601225354
2924957776
2327965004
2873393536
2859852406
20474747
1966147255
990393463
2859003449
2694534386
2632230766
232276660
3319303269
1926576019
2887387961
700062898
1969806270
2180051921
3432845770
418088238
82845444
2825083905
3374239348
2348106272
3118381156
69883775
2525369474
2311326116
1554612757
276203248
636655072
3025048553
2189431195
19139412
399411566
3892482022
1500668778
388460733
2869695197
1897847695
1568510084
1658953100
19809643
31672117
514782127
919681562
434320264
2784234830
31511365
3331787619
34577604
2779284341
1465955264
2192099668
1105079910
2459211608
2842560413
2322662632
256515492
197039394
3016260370
267838617
1634105959
520938512
25268744
2959990281
34594841
843265686
550754464
228435085
1968854004
159836673
102173034
277559136
714158785
1528571496
78102611
2294369030
2742923108
148664824
2834363097
447056785
2874805857
54548130
324852071
57711089
1031349284
584579710
20811712
2818950657
3143531001
2990744830
969005106
485922587
42722531
2588104165
257891188
102583023
64435741
1938627924
860937636
25048631
1691926986
2348332092
2184770206
2393510254
1004154408
718914018
2550230288
3014911547
1604013018
2888612314
3405566105
2227361861
2784932107
925927717
3097148386
561146376
41787360
2529638611
2361262656
251520642
1405414848
2765479288
2589582349
1862836045
420969092
2171851982
1950363890
1584232963
21317299
2810030205
2568384348
390422689
96696982
515188492
377274399
370898284
3318463877
2349854564
361993606
293939227
263850641
2330270207
3123998297
230340596
274102216
115296979
2737027910
3433057593
2840798326
3137317296
2792276591
260300234
2510706015
2763635384
27870458
1715608860
3313050580
1917027554
2247671652
2892335537
2893381972
3052676553
41763213
1446319674
2841545777
192334511
3343772201
36602373
3092687933
147859727
1051757766
1419211680
2374256366
240637922
187823927
218772698
1417964856
372331444
2315350508
2774530461
217748118
2487311208
2717193073
56477964
1239930271
2395144916
1252814832
2727720761
2359287710
2456660029
2600495347
2958729357
2155290720
3190492299
716299472
2320578764
96701518
67617159
2638295651
147890146
3130566885
127861172
2822886024
1659443353
1606264284
2320379090
3598971323
1616540198
2935284178
2778331476
3065932193
3612650723
2352339690
2442750799
1028871426
3373532003
3248834734
2862734562
1670913115
2262053959
2586258762
2499608702
3149754321
3299997839
12016992
4064878557
3309628683
15862088
3046967628
2724408948
3052067049
1603836198
1890176803
1907994104
3296294756
3091581083
1105406708
3246763085
1323019435
3665330057
2196849151
3757319597
3301046597
1723832054
2876486281
2588273189
2253792716
3875910255
2745852892
1956643940
2806530555
3585488533
2842231385
3550166123
3039398805
900413852
2513926538
2264551332
2990353523
3052899609
3292278399
1286466246
3389387991
1177422577
31497981
2646467292
1017426836
546208073
487759455
2153116958
1911184717
397220896
1150043755
1528760504
740562817
876747714
1894810507
1370541528
1423984674
2466592117
3331872407
2941035807
427374428
2583093056
3249229653
3864803543
3451576582
3991367235
3290285914
4063690875
1877028325
4071080530
3413148863
1711486286
3041790293
1651239391
1603159926
1332538818
3425244665
3309859972
2829720890
112703168
475188902
2959355159
1359143274
2170934191
3377524282
955721514
1598084994
1313248279
484977668
3293124783
2209693494
388212888
2169655626
962973810
1892922902
3402019737
1143195038
2190152698
63951334
421411303
303911418
1338817250
36592755
58834323
152639662
2301078842
3301648323
325998198
3799971
1479743444
475119691
2955160792
359917652
58352165
27205855
2226570841
1400444826
109613890
563679671
21472089
1860609312
922021232
3130745716
3787853603
2785963090
973528118
624257399
757275613
44992826
3391482706
2206853869
2355763062
1174423687
2414133415
141113814
2888020251
231014931
2909749045
3298461014
1417432218
3474727650
74666965
75234234
3170114797
60833431
29936649
3472756295
554438436
2371750899
422560629
2160813601
2638219160
2227822590
2868978909
19923638
15933910
14791162
4011390493
392249016
21401466
846281646
630523436
566520555
60054156
409401108
254557082
3252913435
50601374
3437665557
1740163711
217461911
797222785
313227740
3010258926
109702885
19784831
19212009
4188787943
2880887519
3579550876
16312576
2489041213
17602896
148130457
13851852
25023809
40215499
57371662
1879512708
169124154
19869102
2411204053
35041893
171682388
360283088
21237045
1345702333
23333010
55117855
524560468
6480682
18090418
2598600180
2748585072
28644174
500042487
17844280
23027237
730512253
111966083
17565514
1290082680
126664172
3687721995
46328741
37916167
166502922
754251360
2542948228
1281925104
1942239816
353616347
3473846121
3981273825
4220727559
4158543575
4189180814
4221972494
372921121
129214257
4098064456
3801069142
3303106358
2689362142
127256818
2241663960
120160341
712365878
1859447246
42133102
2887898242
3012924417
4181330698
3979243605
2236956224
911520361
4187909980
569787280
2828724875
514685549
3094630357
1055863692
3491802794
1004970492
192431753
367984346
403730198
149265059
481302027
565463373
196514296
288920616
619361534
392262432
3243387310
4172838100
353286992
4220539633
241127962
4176612137
4176647974
4047179294
3284923670
2979232480
2404496992
4177408845
2375170462
446758146
3579057076
527836480
454762029
4223576059
3719912003
827019716
4178847149
2954990182
3378150082
404190813
3863125515
3257246892
3021235413
3431315500
3012893327
4194345433
2888724362
2755129301
2364513921
2565617561
37132337
2832173915
3194828317
4151981473
4188218841
2375915124
2455263624
912277680
3396183551
4174372703
4187885855
2322925957
3352782019
4143492435
3657547155
189248614
110827653
460485003
116260753
107556834
17350250
43289545
27825390
968909059
386003995
1028347398
2346970004
91390383
2389876620
34507480
385381865
2184763782
3882774087
2927084074
3173789859
2557521
23083404
26257166
16303106
69893382
428333
1492489182
95023423
2774124543
390391914
2761476142
2343187082
447320981
3138514671
703821805
2161326204
305116878
2870017845
398744244
2717131941
2419612016
1483130766
2296155636
3384749811
2157035818
1383447218
2153695714
813286
2380300136
913433082
769449488
2162069915
180733809
2462742927
379216299
2175892843
168213572
19426551
2492491825
2492343073
15485441
807095
85772748
623260822
236699098
157140968
3338677491
33965983
35936474
2883971723
2936004573
370143948
23617610
30973
80316128
19923144
2221125414
2423780889
90420314
115485051
2474780229
397347661
116362700
559115778
356450858
874010389
599508873
27195114
23151437
25521487
181338564
238527685
16193578
263208332
4208254099
2947970164
133859111
3517707617
4122756869
2813725067
3379401545
3064968419
576565969
4130149874
2987236483
577589949
1399914132
1257635336
3014626978
4137733752
4179754036
4179011499
3005789807
1856791436
2843243396
4180956193
2938368135
2176892139
1444530842
92433084
319034890
1601341430
303775120
2978001035
4225161499
3881985825
4128848425
3384771881
950575412
2659646462
2486214294
3303724776
4174148152
2322276534
2584590126
2542724064
2207040661
2612063655
3637792336
3807240741
71900709
254746804
4180522887
601929593
3869366412
334757913
633298999
2418438454
3294345165
2985316149
2416126129
3774057497
4094870266
3036998028
3080004922
1390588004
2773628711
2889503416
2887282199
478845687
2492097470
2755256695
2334451984
4063497252
4188080302
36786461
427848483
3997141402
4236418578
4187927789
2570845064
3174514320
1490173682
2905500868
2214521829
331757737
3670571354
2242338948
3474651673
3286927356
3267609630
547248880
3435538456
3116356042
3149113473
2963736995
4126065312
616127019
21442982
2474703196
3072087539
1256009179
2958388678
3323546715
49331469
584209640
4005159683
4133829483
2296430114
3046789215
3305752023
3426599997
629198594
3052705962
3139473739
4058231172
1454507178
2182369026
2696642248
3902582068
1400477078
3226652504
4123533256
1678633382
4176422063
2919642742
2904264147
176696235
4186700237
19546942
19390810
20908109
300808429
3441982996
3387258039
1697143819
3432291953
968752158
3318586788
3605915537
27948122
2933929601
2772651346
3122659397
4181999433
770339491
2897743151
770430068
4228317817
3075817284
2943562792
3568168694
2700503423
3136539834
3732885073
2941599628
471499783
2511506298
1967792846
925160138
3021446073
4229091553
619581080
1687124983
1411493149
70054670
3841915392
150093862
2966631825
838918225
2610014003
969035137
2925149629
2616676394
2749592393
2868565678
1028893129
3091500287
590162869
14627153
3116130314
3178534776
2496310504
2586016158
3709390633
3218752908
2393606688
732361771
2932886749
412004091
4183571302
4224055154
1032896196
28990608
3312592876
3073340805
3027953019
4183907549
2934368967
4105090034
4021300762
76501390
3234881258
2347426016
3370033065
985184358
2916091836
2259901614
3239481499
19128766
2257313184
4227302172
3223161858
2992973035
611755142
1887145368
3130888464
2227445534
2994968042
747185382
2899720640
3053437743
3683403797
383914184
3267085044
1327746950
2819825355
1475544314
4185466276
4026962721
2857126770
382606524
4185697655
2295247384
2738979945
4233500840
140049109
2373216396
3569348061
1622522214
602217282
1605165331
108814414
1388998778
45809092
285315333
3579943342
166779932
3079458159
4180730362
4181812817
334630985
333082438
406386439
240711005
4113957616
2437221805
3689720479
533718770
3318206778
1678551583
163829788
3787480589
3853891456
1858010172
1925928025
3653665335
1665954175
1303235270
2192265479
2942330147
1304820601
4235823079
2765914695
2896917962
382717308
3142553191
386464692
2842231835
1610414504
3399715493
3198140250
3242934234
755536298
4187422329
3115269740
3356149719
2823661541
1482201289
467525999
3496647203
4084540697
3918370300
3339652953
4226801172
1000757388
2880859646
471152125
432562448
395349239
392852581
312951904
558036791
2180479366
54200533
4118646633
403245020
316513904
403255314
264107729
2443518684
403246803
485768981
537672459
50258955
78322065
158314798
84279963
105119490
32959253
439125710
209708391
157974511
155659213
181561712
112697516
79650494
25365536
497990165
70611106
56174631
26565946
54730258
17919972
49573859
44409004
27260086
19058681
276702080
15846407
21447363
62513246
16581604
65187067
1337785291
344634424
14857290
91478624
42220353
14123683
41577631
1434251
3397297618
259925559
17790667
20402945
48104665
624413
23375688
24886025
83876527
226951255
17074714
14677919
176566242
8161232
59157393
17544803
37662797
19927627
2246341620
86613184
379408088
19407053
14230524
402978176
169686021
25073877
17019152
550122068
21111883
427475002
14920785
1612394348
16228398
21323268
621523
41684671
20322929
268414482
324198256
