50037051
84279963
36704352
79293791
105119490
209708391
85452649
49573859
34507480
23375688
21111883
44409004
21447363
16409683
17919972
15485441
23151437
427475002
44874400
117652722
5162861
185826799
326359913
136361303
369583954
43192807
15224867
7744592
586198217
14075928
54730258
29730065
26585095
25365536
210208506
759251
150246405
16193578
30973
63485337
19562228
17544803
22128494
8973062
1245699895
807095
27260086
16669736
28785486
15084853
49061402
47459700
14677919
15131310
90420314
36782022
