19058681
26053643
28706024
79293791
19397785
19329393
339040963
10228272
9959702
16409683
104141949
132493630
43158428
132385468
56650317
84352985
268439864
97537762
65992743
184910040
16193578
53153263
14230524
19562228
17308994
338906109
54730258
48410093
15485441
450504440
300162606
577459091
21447363
15224867
43192807
86330674
1320350810
36782022
505196587
436266454
903495284
39927901
29730065
127059347
615983648
94628304
286042531
589921934
624896628
24807616
19743731
81048495
813286
136932734
434071161
79650494
60054156
1093090866
16312576
181561712
105119490
256556724
15846407
85772748
268414482
27260086
47459700
90420314
939091
23151437
25365536
136361303
213539531
15131310
127483019
1052586019
25073877
298959564
54610518
30973
122453931
807095
49061402
452830010
14677919
586198217
17629860
7744592
759251
5162861
14075928
222953824
30313925
19927627
453507741
30278532
23375688
63485337
1041453240
1367531
326359913
14159148
8161232
109702885
210792232
