77532365
956845177
4018610657
16297811
577957629
25187771
26565946
1954293848
3439753937
3304600747
608329152
66969321
487241174
367883900
1437838166
3304281086
2787318606
225717364
185169785
3117913813
1680390157
3279895482
3233993882
2910527028
951110604
197364361
2960780173
159419212
4186188327
2556386406
2319490130
47459700
8161232
21447363
27260086
19562228
25073877
17629860
30313925
7744592
1367531
222953824
1434251
427475002
54730258
17919972
14230524
31080039
23375688
19927627
25365536
759251
23151437
586198217
326359913
14677919
14075928
624413
91478624
16228398
136361303
15846407
15485441
16193578
90420314
6480682
24742040
10671602
28785486
23544596
939091
109702885
5162861
14159148
63485337
117652722
807095
436266454
