249073658
3321917566
299123614
2605849502
65293749
2605433726
1560264350
2981374821
132104833
2787295143
183061500
222114873
215052012
265581321
30518537
113317910
148937517
66857043
102763861
47033057
320327987
21445688
26400157
282563554
248929204
131129840
25356408
2602923936
1563626983
2238652956
33612908
873645590
199363081
1323936524
31758037
3907577966
47323938
175797961
1536791610
148712147
24275919
24860312
192498474
30313925
79743935
23377569
199481637
813286
44354695
115628224
24661962
599001082
28718775
163400617
31322556
23742864
176566301
34082810
53496813
85318467
21474245
381429945
51809554
45224548
24538648
135973690
126571944
57320024
117778985
27528339
38797799
32821509
53817066
69864648
86923847
52420430
206992896
44599458
50246444
20577920
23584333
173744348
36617822
112411597
153209413
190481460
229860431
2914442873
41077287
192947735
52420819
32660559
136361303
378809160
17308994
25073877
15485441
28785486
23151437
19562228
15131310
29730065
20710809
22059388
436266454
52833129
759251
14075928
117652722
43192807
1367531
17409452
117087700
30278532
14159148
5162861
47459700
21447363
24291371
15846407
222953824
807095
157011426
1434251
14677919
23375688
36782022
27260086
39975533
125346858
6480682
15819466
