2987497653
96210144
3394280188
428510619
2504787569
104237356
169353401
2255779762
139099642
27377591
189641341
4054848029
886872506
18463772
36471684
55117855
41648630
570858036
47183381
119547105
49200376
1072623715
32824922
1124178049
64636724
88749392
2733823120
727213862
102412121
174732667
2735084153
2846595478
137283899
86957452
18463413
252907196
23483661
18783588
703162670
54087254
3313237651
134926443
637115617
1439471527
30646694
288456654
425438356
23544596
540393307
79011625
764608429
215159431
1031807569
21502293
1597320462
90169827
2196974198
33007867
562381032
282789898
2198285021
59123016
11348282
3335350774
28173797
3080100658
42744039
28812207
411550959
240803848
50684079
338070697
15446331
2711484375
1092103934
23273353
49383052
251289525
3312713074
16279751
369005841
47624498
289796073
1578735186
3294986655
85603854
3335036723
2730473326
1730100692
38169820
76487997
356082442
206283260
104533540
25720494
81112856
150876543
114653246
237299167
2642508009
564262380
2932882828
94129050
31080039
932583674
813286
387814134
9695312
39364684
43425975
116362700
55338739
92367751
18723816
15057943
45564482
19546942
95023423
14777215
20962674
43435902
23083404
2384571553
17469289
23818581
403255314
2718701519
9850782
34507480
26257166
3246272202
14920785
8936082
16303106
181561712
9917652
25589776
14677919
105119490
90420314
79650494
375548372
30973
19426551
19743731
35936474
759251
63835044
352947624
321970500
30031547
15846407
28412286
171682730
16145875
2557521
23314335
94194183
6576492
807095
84279963
115485051
571070007
19923144
23151437
45351182
2735591
25521487
15485441
7614292
2690998050
10228272
17057271
32959253
15723732
25365536
158314798
46598192
16581604
35664799
26565946
428333
79293791
716208796
972651
457554412
16190898
136361303
2216332456
236699098
157140968
16409683
16548119
436851097
250884927
102773464
22059385
12804422
209708391
66379182
810424
19834403
27195114
37683414
27260086
17919972
169686021
23375688
176566242
17019152
21111883
14230524
268414482
2246341620
21447363
20322929
17074714
379408088
