130475519
101695592
51376979
113419517
101311381
3311567114
1674764148
1022913750
2332413656
334528453
704817470
752648124
291701254
1928122700
829163149
1142647681
1476350196
148016974
56042688
1097700234
156967233
2236347070
1166194819
138306038
113871008
1128725677
841907400
1183348722
163402637
127483019
139118162
871075033
512684394
337712205
2460697977
343727079
2734059372
2434197432
2766379071
2862625369
490145533
264034657
2517138274
579808790
357512488
122453931
919693038
519419812
718108141
2427144113
2882133067
2452890918
625779857
1485665306
276664753
1212597270
444330924
1208631468
472807382
872500830
2776210819
783013908
427475002
939091
553969964
43192807
2818816396
291840005
117652722
777525842
435939938
31080039
14159148
936200274
436266454
47459700
14075928
2905788787
30278532
14677919
1337785291
3221647244
28785486
19562228
586198217
1434251
16228398
21254264
300392950
28164096
23151437
1367531
759251
7744592
10671602
2257701786
49061402
19927627
807095
477594449
25365536
624413
