3307046543
278524397
2167118478
40028282
3974975741
331521572
1327252980
3257009768
433503471
2931991271
2446693057
389320269
836303053
73992972
342530604
443753520
1065379908
28201743
470120434
16312576
3151680341
527526077
2906359456
309120183
73443014
44084633
23375688
45564482
404041626
382267114
1911134850
231886871
24741517
1484787162
783214
901807981
3973606288
2783580797
20565284
21111883
20536157
348379865
69104464
813286
380270590
25365536
10228272
713035525
3011746779
85772748
78021221
18647765
15344903
2746176701
474163859
50004938
1434251
91478624
586198217
326359913
109702885
27260086
14159148
90420314
427475002
15846407
28785486
10671602
16193578
436266454
136361303
14677919
807095
30313925
15131310
30278532
759251
300392950
17919972
14230524
26589987
20710809
21254264
21447363
30973
15485441
1367531
17629860
24742040
