211331885
126697381
299594135
90300296
21079277
22699770
364612474
326248859
631813510
458407541
156814430
3021709018
704861072
3843859457
3028978866
428185684
23375688
83876527
20196258
27457788
71876190
25365536
3303293865
197598287
48410093
19927627
24886025
17019152
26585095
1434251
586198217
86613184
14677919
17074714
17790667
268414482
176566242
54730258
205302299
17919972
27260086
427475002
55117855
21111883
90420314
28785486
17544803
23544596
21447363
23151437
16312576
14230524
31080039
15846407
6480682
62513246
169686021
436266454
3353566654
25589776
