371828235
327722701
553785251
119360445
266710172
166566887
23303594
526343521
325833975
301120393
98841877
51670297
19362464
618670270
53059376
288333760
216289357
225170631
407138292
145929740
70093343
19230601
713993413
311940255
1178038614
59801744
1619910121
169108336
288448097
153028130
311943740
61804151
497254016
598517245
35441526
727935997
265902729
311938177
2097571
534177305
421022918
158487331
403580183
1484787162
63078217
124491549
49147284
343627165
592610146
533202479
71975446
17329603
277172184
311947216
1524959928
237197829
759215754
311291245
40629323
612473
7587032
64643056
87416722
16664681
9245812
380648579
8170292
5894372
4898091
22650211
69329527
621533
9411482
5392522
15163466
20543416
2768501
14159148
46403451
8839632
36637698
240751874
17483104
34298462
1058376110
252693925
155346619
244574217
66631733
49361779
43890518
85391123
714767605
583545411
256150251
1108922298
34576014
85638948
148545960
156761677
414369327
135480744
162832265
189160433
55812864
12745972
101286519
230567975
70006375
400823888
466921171
116393932
308427725
285735127
56355963
226098911
86506139
137270270
254470156
78626346
45522292
106776948
101192750
72049376
562363
112234641
242245578
334865866
265259116
122969292
373289126
136002930
83804335
296441287
78010944
123850715
20120818
292110997
74694859
253990287
296137313
256079755
253983315
271890651
198722073
329442534
266827948
280938846
214993344
446821067
311949033
311932430
237219995
20328518
453044203
635381119
179694137
188615053
33701483
423191417
92484971
176023980
196211637
150565967
274669824
53215565
48986205
335108874
290900397
1448217636
619468301
364554398
264941783
151099524
213778910
62453566
396196616
71048059
52900069
482062855
37146259
313913938
377241767
772986728
316227002
26589987
1545994664
140750163
16808626
423910857
316378505
834823555
388260801
576241232
344801362
543533194
458199809
298139450
569358733
65638658
20527636
101770547
2263027680
525580633
943303464
590316679
795157795
907225603
830155706
192685104
201717559
260170064
1205123202
189850197
205011496
505915529
177342424
162173169
705737262
139092348
146099241
287906708
143689068
144712423
142296675
142295586
351921957
317803971
161734463
13994032
60576219
2259146076
1189239998
2957786608
3042272597
1900503788
14882900
337726224
20434358
204817833
50883209
21915474
415859364
848363174
3046773207
219683269
347205134
1002698060
2355535878
248831432
300114634
41147159
88944305
10678292
140070953
789605024
138372303
284003990
39360648
1903382054
427171504
2443666806
1930894898
15734500
394724663
1191158750
3050922876
1636590253
34442404
1095699781
1339344901
17471979
243711009
290451534
168572889
191379199
635541852
1209520196
463275460
396751894
2396677714
1597390002
281376243
2329672842
32468665
207773069
106939924
742767583
1346863550
527848467
216047724
473874972
56505125
1416709015
1264208004
482876761
65525881
1131499392
321860938
265904510
101734884
551869876
558151735
153724396
351200587
39638785
149795112
1123177627
86252928
329692148
349519808
110681593
2803191
58033376
2459371
38679388
17092592
18988524
10671602
393952551
3033228584
1418929760
18667907
200163448
17602896
16206688
80132462
29844579
22083910
62589395
22678533
386488984
81236738
23560015
203162990
126400767
224497862
974011206
1342035968
132175413
196418938
204886691
20687263
238268257
20108560
18950402
16000318
50374439
133880286
274119641
492399548
104288093
56783491
166739404
62513246
58545637
17483878
22548403
46475424
12369372
3291841
23375688
3646911
20620967
23990483
17919972
18086960
268439864
14230524
16409683
85603854
90420314
28208983
338084918
1244325504
52032722
111413628
484018828
627673190
153436029
453795529
480768443
552011284
206769628
1545981176
322845054
3014642233
613380395
1877831
788524
19343904
613469248
491697161
2751119342
358646817
2937461780
2713804817
1944695989
2200708062
213745334
143531181
43668054
3093651455
29479000
2239961994
1935478068
2945940755
2720734282
2960579548
2839653924
3044066588
3041121191
608236858
399377976
343530672
480121045
67277253
398593054
102361333
273538402
265982289
558797310
172782604
423453016
861412933
1863339942
124184307
120585019
1089626094
94166168
1095469585
239934539
308937199
14138785
724119390
15095537
180733809
2421727118
48348735
705126140
423384542
296931186
56447187
215676708
382736014
553775296
508653668
8159472
607209722
294809172
462004145
827544344
240446034
238949989
582833713
16973333
544372344
47632197
14836219
490178729
37181562
538584303
156651229
24944064
331847144
199013425
1604107964
55227248
289276770
201356711
2533070650
199354750
1704998570
309340221
1577698938
3065409027
3098202398
861574758
2892012773
2891064957
99806132
1055697919
2279231209
2842314747
2842354006
2941477731
249409411
255380758
1632232580
470307418
166134102
278235826
290178890
14677919
2793451086
1370611008
910928972
111556576
3024102152
1675168218
3099567548
20022608
3099423141
3098053642
3073101694
2776274766
70164772
3087039231
784814324
350355393
1424054155
1160766902
304596944
932429090
1640169925
280701704
330446733
1964571728
740336334
444838837
155659213
60865434
1433584207
452155423
488731085
282064204
329789735
333534411
376378883
58531272
305127184
366592246
19397785
618420295
2669268050
2685977652
148515005
7996522
84359845
361063371
228520427
394581283
121402638
1030711922
14497313
21904217
283599082
350941103
14840869
15891449
20255162
18018384
36947388
70425256
43192807
587327069
89112033
250791516
202864116
74505531
167437320
303973428
252753618
631581678
1058713482
366520644
342599843
1670174994
1269425228
327299698
65187067
361150095
209708391
17874544
461922813
773069256
2330330082
165699676
45122598
17446621
34676063
33512799
1236969025
15291335
285723504
476103346
761503952
404999475
1353020900
319766740
482970120
618431042
300554049
787739120
852432980
493278212
307807956
281207653
575565118
103187078
1021962876
40148479
1283748854
268434223
52484614
1676078360
586950556
2178230389
2417078190
347576362
3015859896
2340323312
748098680
111967510
479937201
108960066
363246406
14637348
1942250863
78270570
157647739
710064516
2462371895
2726921115
1031177706
495283522
378127335
2330223926
191371055
1485769062
2510493687
2325378001
1274553054
2152685876
107457332
300392950
293509169
1201553629
373493041
360560891
610759728
163082968
876364412
576249121
637377286
3033260884
2555393190
242285848
2968303511
105622476
242290329
233969919
549443777
2156589938
16220605
183485832
2371363599
244055595
5980142
2305026516
427448883
1382019415
755783179
349948761
212837671
237670873
531022331
515396347
482780819
244315654
1894891292
628368375
1473238261
156342963
246226167
2304669654
1968822116
333385355
601261042
417089310
416210271
204263761
823276502
549185294
417068854
421896583
300152931
740137290
777782810
715095709
204289537
561909137
1247690359
1549934390
540617185
258758307
42629261
71610295
198318121
191088059
353715697
267274202
2383005914
468668318
34949757
573951929
2338108773
1539928194
2284234508
1396825472
160657917
789278935
2186033047
18909186
2995659089
2202954494
2932825786
3145971993
2920461042
3235272680
453972246
160941691
349300271
3145965399
3129435113
2282671736
3290099014
48236336
1897426256
397136985
131605132
17790274
2994207450
265839544
15188997
2747179020
10841542
799869116
266468024
762189552
2291448871
359361973
2290167878
884476334
1644842546
2691171798
452194720
2218038540
249302857
224424660
1193068951
395332162
450438905
379918032
298421512
252211071
590625293
289567778
1480537033
2422498042
363391555
2333480233
479044435
402615056
1616999311
2645761188
1575768577
1580603696
267767748
110365038
301926553
338806162
273116920
373257377
346582615
396074354
96083073
491566954
338574743
248593074
441650981
336563803
338055507
18665800
498067407
266093898
5988062
219255067
91478624
14511951
14075928
20402945
7744592
14885860
2884771
246486066
902106067
2701629769
235746676
447006931
710025308
480728615
1648294988
556085485
1109103877
267303867
215211299
1668260318
2465084779
2583889045
372575989
25365536
21447363
130649891
15754281
1367531
28785486
15012486
783214
14173315
87818409
2467791
3108351
51241574
5402612
742143
14293310
1652541
759251
2557521
807095
428333
26257166
14556875
14848686
370512141
290047663
855683408
105070447
90690412
446656136
15115801
124544966
318014776
3278594317
93657187
385856213
22821175
427383452
3304436610
151123001
457554412
34507480
21111883
21681809
158314798
22179997
181561712
7428362
24886570
49573859
3038121623
962833765
243639376
10228272
3002827878
23690344
2889429503
2707190121
731785837
398084737
233916057
73108141
522260516
75282325
367287611
90679076
50725573
93131556
250287629
4006182372
357326053
352961172
322896290
76990826
1438913682
272493661
95438524
1352472757
2296359555
17932641
323958582
277977717
2412907591
410811425
58779735
1037168970
14861285
74594552
611823
37019708
9688342
16711478
20542450
380749300
1581511
15403842
17104751
243381107
27260086
382267114
15670515
20536157
74286565
74580436
114950668
1020696116
25338609
29626939
3872281393
24019308
21253062
37319854
15086405
259371777
221899444
744656245
572227707
14692379
408179349
336931143
293383879
378534651
561621044
397350969
1061185975
17530370
499704164
199254322
2524940617
422201803
2307173610
2584588824
256930894
1576042026
158414847
54857969
142294341
306746994
309362429
246872344
2228891959
555182015
250214270
1314439122
1011769747
220674498
461369179
519728664
406794049
1291163479
1231097768
432942009
44409004
184910040
79293791
100220864
26565946
50393960
15485441
813286
15846407
25968822
31100650
15872575
18975183
25416008
32397387
52693210
23047870
43562201
230845588
125588778
130090208
5442312
2239701
56377143
28925243
153065187
38675857
185711369
9595022
239124932
18991614
2493701
33548291
14242065
109515460
45648099
24691376
158732105
33535466
449461604
150956425
559654312
153000691
52974864
54923609
39985029
187947595
19590713
22182504
