3386448670
73443014
45266183
14399483
67582059
630124448
897416666
1011884888
705753026
173979742
290020010
2469239720
123109597
78599586
1974222163
1612601184
595416172
176566242
308382670
1718459486
2807694604
108003653
1346142398
2219488596
2822154273
3340467562
90420314
58264676
133272363
17919972
586198217
325149564
6480682
427475002
13038642
95051964
1703320855
453030125
451386890
14677919
872374136
17629860
30313925
267572431
342599843
773069256
1434251
16193578
21447363
759251
326359913
436266454
49061402
36184220
30973
1367531
15066760
15846407
21811849
15131310
739784130
20710809
14230524
939091
358124146
34507480
43869722
365836076
2350218440
23083404
300392950
1715632897
21254264
43192807
23544596
363972381
807095
29730065
1240491098
