2283613562
287026928
19816859
1536001638
20174852
174972753
44949890
18964696
967817432
84249568
14172201
264120200
17918704
13784642
15898172
427475002
3404269593
3409993127
635905619
3872538492
2496830232
634826968
20734304
50540324
905235524
4047923842
370278705
44782160
2997513039
59156862
16031536
21209392
16211434
17471979
14363353
117662694
15066760
10933662
1774391
36184220
21887420
173992307
783214
3344391387
807095
16896485
15693493
19407053
17544803
62513246
14293310
14930764
1434251
14677919
24886025
