819406614
2323555374
8350912
3718840577
8736882
64948153
26309068
273468006
87512506
71064895
14260960
70780131
329276626
39306847
26149785
56758151
50393960
273243059
21684207
53830219
32107808
382177545
25557507
15182145
632687052
86038712
14051460
54262769
92776305
43403618
7401202
186154646
122081796
19636948
22048352
17881732
133752184
55594930
14316280
41468683
87329290
20252392
47650483
14437242
384031846
21106414
543878360
328810158
6197302
22292529
17685175
121290796
74556831
319225490
221379735
21161359
36957716
409954680
24114411
25117782
13684972
25561122
52758515
142284217
87221910
26560324
54791458
3743720201
807095
27774639
811533451
25224700
17559395
212706473
18065266
68408661
7014662
19038934
218565801
27230158
15814435
377388611
24697379
63177215
1465196582
26505168
34417674
1465166731
18638090
18173399
6433472
39640145
27626012
38272853
18177126
136362750
5988062
28698864
18399014
19003664
23768245
126387479
54692326
14677919
29246171
10681772
6090952
21334326
24259021
15836703
26311671
26559422
41204647
410169743
188494725
25576365
67564598
36688444
32480499
10681662
21116266
2459609448
574715079
31016249
16442020
273990578
19678937
31016461
24688862
284000599
85334007
85384572
92858317
155658041
400334965
292951154
856550605
