216776631
236699098
32959253
19697415
502135911
115485051
28422142
66561957
25725698
22222761
14506253
6480682
15147397
78194111
142157505
21035409
6539592
3029301963
213350034
22084427
139162440
19637934
69406730
30364057
562381032
23027237
27711685
396800511
813486500
126632581
238319766
75974281
27457788
62591681
24807616
124335068
108382988
110509537
8236062
20035593
19208457
19494203
55117855
156411211
6541402
28406270
65992743
26939677
502281810
22811937
17587207
114586532
24963961
293264785
314316222
550521377
74712538
180821354
202415747
313091751
21080507
39804874
3265372914
25073877
196168350
27668050
183408801
139617012
23002923
17844280
887464646
26880307
443215941
234053160
436292177
112616812
30629087
26763420
24824884
219012366
891794228
43522180
281167670
53192519
40699138
15659248
19264394
35206553
14589511
1099376989
34886346
20609518
31402344
23561980
20978103
94129050
500704345
1536791610
12044602
50393960
21718006
15485441
23151437
