18219976
50296311
22608504
277597805
21207962
29913589
17715048
54341363
249527815
2257035571
3635371452
69949302
136082450
15830701
731223740
37019708
20536157
74286565
22938914
1636590253
74594552
1020696116
18297088
69657863
6741632
16814640
30070288
5614002
14677919
143592420
8189252
2884771
14800270
17240425
95740548
20534316
9317502
160910872
8515492
3108351
83959481
142393421
1536791610
18938394
5695632
134647381
1020058453
153881965
561340660
34091014
1774391
15066760
14363353
19110632
16365636
173992307
36184220
17842366
17471979
487118986
8802752
224359740
192981351
78926403
21401523
124476322
260907612
23439654
5988062
19397785
50393960
813286
27457788
95020795
14594813
759251
14293310
27862799
19777398
14173315
1367531
428333
5402612
1652541
742143
807095
28964208
57350105
9204502
46409160
13531162
787864580
602616234
41576221
190773552
65473559
51831580
1694582071
14213711
382777975
39687985
16029334
4113935417
50424032
47947777
52471614
118218310
