3002595937
4189217704
2231889433
14957147
42958829
4119741
429227921
29417304
2836941830
205392468
23022687
216881337
1180379185
65691824
113047940
25073877
15824288
15745368
1339835893
216776631
17134268
17842366
5695632
2434191967
1485248274
119829799
14677919
17471979
13491312
21388284
116559622
35773039
20998647
2836421
11856892
14511951
9300262
6017542
15754281
16955991
14173315
813286
28785486
15012486
788524
5988062
16042794
5402612
759251
612473
742143
51241574
87818409
2467791
1652541
11134252
59145948
5392522
3108351
11348282
1093090866
1367531
7713202
1249982359
2359926157
14159148
30313925
66369181
15007149
325830217
1536791610
807095
14293310
16129920
9624742
428333
906782533
