33472684
1994321
286018054
251115680
243711009
219255067
594911229
579599000
2509977631
2874435028
160073288
3931518406
83204901
2804356531
631007746
68185400
1557930588
2147499236
1015337954
130900894
96468177
2350311316
2347145019
1513193274
3041260361
248755008
1576560619
150246405
561470692
422910424
611996738
263417929
406493220
2691869017
49061402
427475002
36637698
491236060
6480682
36782022
19562228
91478624
759251
807095
23083404
15255537
26589987
8161232
14159148
28785486
21254264
15485441
43192807
158658574
1434251
30313925
402037439
300392950
1367531
2977168754
261364499
742672412
624413
90420314
35428478
262636748
19927627
23544596
2570762840
586198217
29730065
1143551
22790104
298602588
14677919
16228398
939091
17629860
21415532
