53018046
88264699
19768210
40190755
2184740375
32836955
3315453352
1037103475
460984724
1604251724
82920015
221163711
19575977
17915334
898058054
436634262
498012865
280979740
142836170
589046682
2217773239
915752204
281586465
314446169
27673684
2268534744
23641069
594959207
457385317
370841911
21390890
28683184
20518710
74444935
180753365
21278412
145795725
20567939
499386382
28178384
84376428
1470607050
842157061
318366764
957485227
521324496
185487499
342423835
835087045
487118986
23561980
320155199
959137896
594702379
191852684
1577964416
478965454
1058713482
320805672
331617336
22940219
291974761
143765679
277252865
555818657
374394281
2923674196
579030921
538439738
344005624
96951800
115431693
25027806
60258758
74403740
24704592
2375622128
17696167
271344363
51390769
107803018
18222378
122079065
886680751
17169320
106106059
286183187
301634343
1714807410
933003422
20588605
28331519
16548023
55653704
351000707
533085085
30269892
1437938287
230454067
77931262
3345571690
1254508717
405673782
288364830
432633145
2774457745
1582495536
117498342
993865069
303217273
1625687166
28471026
24244032
437716629
258600659
971759768
96829836
743879203
119509520
1906468309
3004231
246107589
154101116
1205862661
18610936
282591680
70771976
49443316
301459318
960042925
188813076
396833368
202606107
403346563
316152395
590092810
78969614
380252233
117778179
24966423
19028953
18395177
69181624
116362700
30973
236699098
35936474
325830217
34719119
104285653
21982720
103654467
41814169
1349852478
23617610
161801527
157140968
171840420
32959253
304159990
57693437
351791401
68999404
390233006
20280065
304596944
19621110
14293310
115485051
5120691
1907828144
8161232
151123001
16303106
318528000
831131719
14677919
757303975
87818409
621881413
59157393
95023423
19923144
183387449
17093617
3095144427
19674502
75069067
759251
90420314
169686021
17004618
116763916
1525201484
20322929
37710752
554293291
10228272
451586190
34507480
36683668
480521761
291315360
68342564
333299494
68138103
1157911844
153004670
26792275
488731085
258758307
1652541
36412963
14055301
21114659
79293791
3108351
19426551
16190898
14920785
232193350
6708952
17899109
256556211
452155423
285332860
14872237
19058681
16689804
49591855
232982608
33791476
50393960
2384071
155659213
288760125
80009451
18647765
88995205
501968170
2939863590
15485441
14800270
121389804
387717105
23976386
497754254
80791982
326359913
443565773
807095
1848037524
2467791
156121420
378092785
78021221
216027858
14698251
60865434
92367751
1327195026
308048430
627673190
23083404
1712082746
203332110
85603854
44084633
243206236
433629361
5402612
174268832
627744170
136361303
1273519675
27860681
295642096
283616981
25521487
18050229
1861419000
1327211796
428333
300400464
324918666
23151437
5988062
1339835893
26331561
51241574
348379865
4118289982
24741517
498663728
1193749242
159093013
2388894925
72568426
1344951
15846407
2557521
210931797
72300092
214791922
816653
1257108805
147488257
193315692
707103
63880659
85772748
813286
325554146
742143
185314895
354029449
735393115
1095537624
106522887
743768472
299039772
257650976
64145559
26257166
26565946
1336806074
186386857
4212061
27195114
2232877166
110827653
25365536
534255106
249169575
17159930
226602721
507935812
14097375
295032345
2525013199
3296930488
48400710
82853454
32480547
994817677
3421700447
510553015
321575853
166311090
505022559
20247847
2871402869
252268498
2993301640
17053097
385655382
2521362730
220487383
616271489
302498354
34747631
54181373
49605810
70993934
75240531
107722135
15376357
390267323
295247949
449040046
1326602731
1544328109
796314007
123091829
205362539
233491694
2185356936
349318701
115574347
2433467736
22385254
1704514238
1891474004
559381932
5878332
220161622
315433462
29029088
528926418
403462447
2576852576
181413727
1025756732
390975261
85571811
39713727
72557350
2561665641
2293411604
365171188
891613339
2859517674
126026617
1372149487
443046840
121413335
14727078
587709250
3226594600
46091453
147225615
16145473
124244601
391272937
591238566
4097878673
2786535860
578695010
264407321
72308207
310353917
354241838
2264612896
106350978
1009753502
1565064438
1459923074
556943883
3980365401
308069341
266488896
753764364
16143105
25934913
44484881
153154765
592960737
131167692
12177772
354385237
187581936
127277726
372509036
353691186
334162400
150677914
1385494316
35868395
137825818
17737851
3059593756
94349470
55799631
486144789
338348961
988518714
24178101
15056816
92243350
3251759104
2895710555
468501731
321390822
2822605520
226307680
528893873
294082425
1016942844
490743633
30670611
921099200
344062883
385389703
60908059
140036330
96661764
473860591
433080453
28709051
843537050
1088589157
1535278172
259158019
1542905214
72506285
630951545
459393570
19388729
53368675
327563383
714375278
2711451830
51195083
806396120
17987671
54199998
30203483
363155912
278067685
2684774454
343007748
471024573
85681134
22906543
800128490
87977554
705580981
940969122
354648079
15965069
81700962
1732444446
59724776
96653087
266569510
2819679723
2421333772
517872999
989135400
273410176
1221507379
1104373459
161595367
20920924
581191738
236833305
292043421
375769595
139238885
1372048717
435248369
2522923296
52483998
2491801411
27725199
401442029
166741537
3935495535
1092220874
432493423
3000108623
244101246
36962478
375035987
123849044
1598114659
935387480
363739657
315776259
1456920918
708043
991810302
55678778
1250144546
18811059
279646133
82477096
1464502429
292447942
829648500
2436517893
1598096364
2790881645
324390544
33886211
1500620731
1227846366
169415243
2894089656
3110168584
627788595
4143403996
3327188200
2338262759
2942026318
2631195133
769488901
213597582
2930873885
3435295972
2211014334
3435787263
962113963
577362596
630090533
1415818573
718033807
82479521
1423968468
3235215021
393290184
2244837604
17143295
3371471829
349878818
498708654
2363949733
373898723
1342987639
2734462324
280662766
2778933724
94415359
3407590762
9624742
1330457336
23375688
268414482
16228398
21447363
14230524
36042554
30704824
11348282
14159148
1093090866
19397785
30313925
15007149
66369181
27260086
17919972
