966842196
251858712
1168369196
76263902
918431509
300509037
400965251
2642246553
16824146
1525238906
31255470
70959960
85772748
4048169777
383192682
201244538
65296739
183181182
51263592
2176913343
3418205290
14075928
15131310
47459700
3309154851
53153263
1367531
262359713
586198217
15224867
86330674
25365536
750218424
427475002
14230524
7744592
53451881
347393007
1434251
16730355
48410093
15846407
23544596
3342589720
27260086
51241574
15485441
759251
15693493
326359913
90420314
29730065
268414482
18948541
14677919
62513246
610699876
119782655
1598886595
158443480
