54260419
259435698
50037051
23156823
21111883
3297312792
14230524
23375688
31080039
36704352
44409004
32959253
157140968
23613479
23617610
19777398
34507480
21447363
236699098
30364057
203123011
15485441
1339835893
21568477
250831586
17659340
28987332
100300056
1183041
46279037
20015311
382177545
428333
16303106
55117855
328810158
12848262
14075928
14677919
18825961
12993222
13298072
186154646
50374439
54791458
19025957
443215941
18750157
90420314
14824849
5695632
23796987
21238524
72582613
184964515
17919972
115485051
701267743
22930902
1523681
27947088
2890961
485182129
15693493
26053643
19697415
17461978
163562125
19397785
165819788
278098811
16295454
24224425
7401202
119106683
17019152
19000033
58646914
14511951
3108351
19678937
1223101
214924806
19725644
18948541
15519886
18177126
17093604
47650483
15846407
303806325
262218224
7280572
117662694
19038934
602317143
15661871
14780915
15492359
2557521
813286
18625669
15256225
27195114
3188723056
159708091
27476141
14705603
22292529
38491229
807095
26257166
155705264
19377913
22677790
263195972
52818366
14260960
62894963
17471979
41468683
20108560
14500608
22412376
18129528
23002923
7144422
18638090
27911944
27260086
12
278654482
6433472
4532891
73406718
10228272
17842366
16312576
18676177
20264228
17881732
50004938
21660529
35084169
26020465
52551600
37710752
164687686
16145224
2883841
3300594994
55594930
18773470
1344951
107436986
132240374
9930742
11348282
19636948
621573
783214
22042407
816653
8736882
205437050
25375962
180380465
14216661
