3181024663
30862237
378930505
1243506313
2219324058
179206913
20891192
3216208946
2804721640
2975432437
2178878264
3408103863
3044958074
562992066
4162450408
4145089593
3028763183
3326982690
84279963
48177728
254830969
69373980
103012173
411112055
59632108
153694176
426951343
79650494
457554412
112289040
196795202
85452649
209708391
105119490
158314798
3296175392
181561712
21254264
1059194370
176566242
2467791
17790667
83876527
169686021
14677919
427475002
1337785291
17019152
300392950
1434251
759251
107146095
17074714
27260086
28785486
21111883
14230524
14293310
21447363
807095
7744592
62513246
98809456
26589987
268414482
24886025
86613184
16129920
54730258
17544803
15224867
51241574
372575989
1367531
265483421
19927627
23375688
17919972
145107843
130997057
23083404
