4115401638
620349581
2164000234
1550862498
2812413269
2468467505
1015261333
1539074575
3702218117
3105464505
87915661
242245578
17461978
5536782
78010944
49573859
2249642094
175883705
136361303
71516564
2538115178
16409683
55117855
3122522992
59949396
462004145
3436077009
245956466
15962096
14677919
90420314
14920785
19923144
27195114
3004231
158014897
3370441989
26565946
30364057
788450244
247963674
99856628
53059376
35936474
256881576
3373072313
311943740
25365536
332164742
502281810
23573083
458301345
311932430
224589012
6017542
1630896181
148711787
2781851321
2966774301
122969292
2788952768
25049177
2491299627
136002930
18009781
18185862
18064372
31080039
14791251
3692121736
311940255
14824849
17008726
587257369
44409004
16190898
36104324
66591836
2906262931
62491775
216289357
311938177
238319766
79293791
28422142
21910850
17444573
1562759204
53853197
17074714
14353392
148496087
23083404
21447363
1337785291
19519252
16129920
3108351
65733755
265483421
21111883
15224867
28164096
26257166
14293310
26527812
107146095
1367531
807095
169686021
300392950
268414482
14230524
2517988075
17919972
972651
176566242
21870081
30278532
16145224
24581397
428333
3015271772
98809456
1652541
1059194370
130997057
26589987
27260086
17019152
293850289
23375688
5392522
