188615792
2670515702
358101059
725769614
58154652
326113058
2301252554
25985333
821081293
3607833436
2825528728
1650017454
39214389
281540557
44116121
147561402
292510675
26988238
343326011
320662182
25979455
92476722
226139693
303211908
21303464
39520708
46378350
356825060
195666568
608206067
68382599
96399121
11680312
95023423
70394965
92731878
28089461
1510390700
162798835
16712223
29458191
271479546
35986561
38671739
364830542
237189703
25365536
585372692
1379223859
320121416
1210458266
183165874
333935142
60900049
2764686754
4003661116
410852783
2261406147
704654721
2871820527
82116139
74693027
2937947207
4128942388
2464256212
570879187
27260086
90420314
427475002
29730065
624413
436266454
15131310
1434251
30973
21447363
17629860
6480682
326359913
16193578
15846407
136361303
23083404
586198217
807095
939091
28785486
23544596
16228398
20710809
10671602
1367531
91478624
17919972
30278532
5162861
109702885
49061402
30313925
14230524
23151437
24742040
19927627
14159148
8161232
26589987
43192807
15485441
14677919
759251
36782022
63485337
19562228
300392950
21254264
