380332479
582110488
151770296
48295596
440246069
119715313
69739858
162091745
2835816673
397234998
1346498414
240984807
64336006
911868948
197588356
65636227
299531342
631194064
145924381
206049405
363735079
716012089
177547780
137418466
2439098062
275564493
2403063588
1433730727
1417829894
2097571
775887091
834911994
2420020489
196965482
6017542
1652541
14293310
1019455962
419905674
634594307
428333
362330967
840086576
5402612
556668347
185159449
605306321
1228093296
1562935142
742143
522083802
1430793200
81048495
99458922
22127823
132493630
149495617
61155779
125944392
249022032
445369611
1208631468
2507863381
497658491
615002267
27260086
2202369036
4089086440
453507741
181561712
176566242
158314798
105119490
84279963
209708391
79320096
256556724
298959564
706816806
1045129034
1194559248
448882282
1077509492
1060687285
339040963
432293720
2214112296
146832501
131763362
247884504
130159846
97537762
84352985
15131310
427475002
326359913
117652722
23083404
1434251
28164096
136361303
1041453240
127483019
23544596
28785486
213539531
54610518
210792232
15485441
127059347
6480682
14677919
17629860
19927627
759251
589921934
14159148
17919972
26589987
452830010
16193578
586198217
23375688
17308994
939091
807095
15846407
7744592
624413
25073877
14075928
122453931
