52729592
132992534
111871312
14562221
75823831
131975194
59855089
107318424
111860799
57998991
449539004
132533490
57272886
68497896
2226496302
154184419
50941469
1176135546
120990817
129786468
43017766
508932270
53414786
143532941
242253020
214841339
79293791
144622747
138376066
33868638
85221650
43847197
118787224
63663831
3138637447
132825513
141527741
109891226
395787463
614156493
104148730
501617441
149435604
187857304
220388847
1536791610
57928790
128155589
33801019
137944740
87170183
183230911
338304891
30313925
347257032
31348594
70664813
92724677
68977380
53853197
394129778
44588485
443041852
18839785
449846050
178218286
51241574
500651859
122959195
106620826
240649814
19929890
277434037
56631494
425144976
19895282
405427035
97865628
35936474
135421739
54829997
132385468
88856792
106485105
987383070
2183816041
19923144
400636503
79915337
113419517
17461978
2966774301
160161602
17525171
94163409
44900754
895062632
100123158
398458864
210505078
28138900
207113156
101695592
813286
288304848
234034661
55117855
42384760
42562446
146414919
145125358
101311381
78941611
117407834
37034483
121044171
387770442
33549200
152251488
216447259
65659343
238475044
499336680
18681139
76294950
56304605
53855453
286064020
27195114
130127407
235859663
115853882
71201743
219617448
449563624
51376979
1059194370
205636824
134758540
204372958
14677919
70876229
471741741
216002972
1492538024
972651
205302299
3108351
1652541
23083404
6480682
268414482
586198217
16129920
5392522
23151437
265483421
14293310
18948541
15693493
14230524
1367531
15279429
428333
21111883
23375688
15224867
27260086
15846407
807095
300392950
25365536
23544596
25521487
21447363
15485441
31080039
436266454
30364057
1337785291
17919972
26257166
90420314
26589987
3353566654
