1691411563
1687312008
3294218202
872675648
2276914694
1542062784
1608480872
708281666
1291888602
453633569
2784780101
2361509316
2679789279
2765142449
1955264653
1475970403
1597255705
1279211246
2468540172
636276781
1299612368
1263392797
721034394
707811463
2469931854
290719217
1977148136
1549518763
3344739789
3388793980
3448668497
3149145567
222439074
2591546394
2353176614
615745023
2781534997
760809110
3626683281
548684886
2916043693
2254132171
35865630
2726795327
2236925023
1720637768
4013444253
3170844283
3313394924
822108956
2352139291
766032823
43130961
3035677655
1874250182
2283116558
2305766845
3319536397
1321423471
85452649
530008035
2682199331
1120415166
2370867734
3167408862
3313034017
3023344158
1666418556
1403560788
1834821283
3453658214
3325838221
151313014
2664580882
2628744778
21111883
3068874291
3319373246
3400588437
2266055453
3608808252
1674682459
2557287734
2563879081
3171043013
2286041760
2468553061
2163822397
26257166
2463994578
1536460159
3302952246
16139980
711577940
555497690
348295379
93244106
2573829815
2694124063
1692768738
3319333922
3302690012
1146038377
1276445516
2536256127
2841648899
629553283
1301031942
6480682
17919972
109702885
29730065
21254264
20710809
14075928
326359913
10671602
26589987
47459700
16193578
1434251
25365536
49061402
15846407
300392950
14677919
23151437
23083404
63485337
15131310
17308994
27260086
43192807
23375688
28164096
1337785291
427475002
19562228
19927627
30973
14230524
54730258
21447363
90420314
30278532
436266454
136361303
36782022
5162861
117652722
15485441
24742040
