1646750527
3296627215
2251255764
2167400917
4085786595
3807048254
407208820
179797819
223643245
4236384794
4022426481
560277386
57982473
314120493
182033179
177345928
24529777
115682368
105251590
139848744
44527648
112915037
168767461
15290441
7517222
3702321015
1536791610
17006157
3258272937
20536157
20609518
148458637
16302242
8841372
5943622
1344951
972651
3079233699
2890961
5695632
1339835893
28785486
5402612
1059194370
21982720
15764136
816653
28706024
7144422
28163914
12
16125042
17471979
5392522
44196397
16664681
6017542
14293310
16017475
2966774301
336116660
53853197
1093090866
44039298
17093617
2467791
3423735975
14677919
8161232
2848376055
42562446
1330457336
3951989182
42384760
51241574
15492359
87818409
23083404
15846407
3108351
5988062
6480682
43192807
427475002
49061402
586198217
326359913
300392950
807095
1367531
14159148
1434251
10671602
21447363
19927627
19397785
1652541
16228398
11348282
17461978
91478624
500704345
24742040
30313925
63485337
136361303
50393960
28164096
14230524
109702885
90420314
30704824
29730065
5162861
30278532
293850289
15485441
