2904505411
3320531491
3100140870
2864281197
3050354256
2849095196
2313396699
2987878751
2951981612
3002335050
1374987882
1467483620
4187280803
2889720439
3153858972
314561637
288246055
3037969022
2910831099
14920785
26257166
92726549
27260086
428333
281468209
35936474
34507480
236699098
32959253
157140968
27195114
30313925
470013630
759251
2561057052
19923144
195703895
10228272
30973
524425486
23617610
66334209
23151437
413744416
68399705
14677919
240177222
23083404
445457838
94163409
15485441
3108351
115485051
2189986129
367858742
268414482
2557521
2469605695
25521487
2884771
113278275
23375688
114846623
16303106
82615868
20322929
19426551
95023423
57998991
116362700
85888201
813286
3003913442
113419517
56302272
84279963
14063426
23573083
188039706
114251189
807095
251826832
19058681
186712788
512305837
47301285
50393960
143415291
562709681
118629205
63701775
20578408
423656000
16437955
87818409
14790966
18860860
163082968
101695592
6017542
50548818
79293791
15997770
59081200
106317808
17753033
37599685
242245578
20510539
26565946
25628242
471741741
31348594
742143
524193350
106710681
101311381
5988062
341949552
132385468
25365536
1339835893
74791999
786241032
36008570
446821067
148711787
18839785
21078655
193194851
219255067
65356637
104249727
175883705
57928790
4235232438
51376979
2357574121
471010707
2532542418
3000800185
85452649
44335525
18681139
71201743
408338751
49573859
30364057
245243568
399950726
32717570
19895282
169686021
482808822
611109758
20972121
2363270622
21447363
32453930
612473
14700117
22917508
5225991
27613071
14230524
17020962
14399483
14700316
22009731
17336417
15439395
18980276
15820664
17632266
14824849
17481977
110365072
20155652
20244875
35749264
44409004
85626267
1903382054
166739404
18055737
155659213
19583545
22001973
558797310
34613288
15589815
5402612
17487733
173195708
20015311
33546465
104969057
