3281097898
3247163845
2205246108
1523700259
3024640802
50393960
16865364
14677919
236699098
10228272
15846407
5988062
245354027
34507480
29492916
26257166
20322929
49580825
428333
25521487
27260086
813286
21003412
32959253
360910089
15066524
19426551
16303106
2557521
5804942
2786701
23617610
23375688
23083404
571202103
268414482
5462752
27195114
115485051
15485441
25365536
45358339
5709522
791197
21447363
34888183
7462702
19923144
157140968
79293791
26565946
742143
232201624
42446023
14230524
8148292
18307901
35728415
14581421
5402612
35936474
41328421
23151437
8149482
637313893
90420314
18181460
487118986
95023423
2467791
50940456
1059194370
15425787
34293595
55859816
116362700
14920785
17919972
807095
30973
20536157
620632841
56833
90167513
5397942
11348282
15494014
759251
15861355
14653530
17032434
45642875
56040733
15286850
10637622
28314255
50683
6680662
11522632
103991404
68853
108157737
800076
30630855
7168572
20845447
730043
7597922
12348502
89421672
26997623
14745264
61376191
19641868
41056915
238083941
67887957
18824096
109625021
151877169
21732054
44302863
20033124
14444758
201673987
754441
18554976
7936522
158678846
