71026122
1660468830
2334991566
344828634
26457894
19777398
3246777709
3077489904
63823069
264767718
26053643
2460023047
2415765410
2875711719
1457383465
1375154624
3605768593
1414774692
26565946
104924993
2888505061
3614734454
584954318
1041453240
2418098766
237796056
23841368
525974909
20107602
2517138274
1340055920
1588876466
3069673297
2976807938
2875254980
11178902
122453931
143027658
2615705568
3016987810
1017753036
2544113559
3960158236
2535160997
2887723412
1271588581
569393588
370341128
1046006514
55201783
1935908372
2208962593
2800330939
2897025888
442720991
2887660489
298618147
169763758
46500836
350310339
959235642
205957912
993797354
2834549256
1197867884
3619444572
261431332
3458171900
2475006912
2416860835
1071629592
2885764902
116607792
82046896
3024730860
440682845
2505696638
48100887
734247494
609306814
330321319
96378566
2594987816
2749379981
375156856
3461988380
260722411
2439685018
3673253177
1679381611
727360268
534231441
2447476399
341342244
1365987708
1553560477
429639615
2882331822
2951754732
275902796
3235812314
543404404
387978466
50971602
16303106
81048495
44039298
3322544167
252102793
750795144
148002799
595996136
345100599
2330556342
489548542
2878499461
3927373169
2332396003
3105394927
15485441
15224867
21254264
1434251
23151437
14075928
48410093
15693493
17544803
265483421
25365536
759251
1367531
117652722
51241574
7744592
24585498
300392950
427475002
436266454
28785486
19562228
807095
23083404
62513246
6480682
63485337
18948541
15846407
64488804
107146095
5162861
10671602
14677919
54730258
1337785291
26589987
19927627
71876190
90420314
24742040
