19148978
9695312
22977709
26068089
95023423
136361303
238319766
415605847
17461978
30364057
3339927674
391510967
20609518
55941333
759251
32959253
24556849
480113449
2209750495
16409683
71876190
341029887
175965823
116362700
100606437
2494314224
62927919
38126013
21447363
40060655
79293791
2557521
33918976
398039369
2392360954
16581604
15485441
112230714
268414482
51238223
822351223
972651
351790792
14777215
17057271
8936082
772748622
48101777
149284269
2384014806
55338739
26257166
43425975
23532537
14296727
37683414
124250611
20545055
27195114
35664799
16548119
84645716
23083404
2407655612
1123776577
250884927
17469289
411105031
415019664
25365536
2341053079
26565946
58855596
31080039
19426551
15057943
25521487
1917316082
2362949875
249838440
16145875
23077901
30031547
48766334
539005261
15279429
85197462
9917652
290809659
14511951
37281387
66379182
15723732
33995409
563278839
124443523
14800270
59609946
207572594
23151437
35540504
293014249
90589568
43021473
261364600
46598192
91478624
27368199
467170505
22059385
17608693
17919972
33977917
1957792254
549744406
20962674
16574089
90420314
81169704
19834403
19546942
31259427
3306630329
43435902
25110374
386800928
999599460
112479957
48774689
58525666
3047863180
29967249
1149217471
134991658
2472400206
68572545
18430913
836219012
339980160
176238346
1924167116
569289333
1876463880
17998101
807095
76339239
160671151
14641126
387402265
18953716
1080633884
370387900
298679825
21532527
72892821
17049465
25225053
2259330559
20321377
22683080
224438812
94043785
15020135
32935147
45564482
19397785
1013527278
25898360
26229102
1056972745
39133704
72919952
72222070
32639591
16565297
123652129
19774166
15846407
70675223
29839019
32418155
19890595
16932845
173631160
199967947
81919296
74837651
730988323
14494598
95282152
2408086585
428333
21879831
94129050
50393960
82722294
86352605
114358677
203570951
170929219
2431004041
251787740
282090790
19773221
313641373
134261140
390488995
810424
18220175
30540758
237071451
25706872
14677919
546306283
18148466
532317101
19290107
1592333778
27526670
374077477
41981557
49189944
28458538
27660145
25916732
460465310
276969685
813286
1463782783
45859373
103183169
18883170
195568772
49281722
49408447
17954680
1965329155
585331160
27862749
720763229
34507480
