213539531
300162606
452830010
127483019
453507741
136932734
505196587
903495284
1052586019
1320350810
589921934
624896628
54610518
1041453240
1100177324
185169785
51407963
807095
147899562
3600693674
420389183
3286532137
447698083
4060307866
606248849
2862157933
3524242637
254990224
56182282
471105429
2789070420
432181136
2517138274
1339585694
194885333
427475002
14677919
436266454
51241574
20402945
7713202
16129920
21323268
222953824
34713362
20108560
71876190
2467791
1330457336
30313925
17544803
1434251
3306310856
91478624
15224867
20196258
2380529674
2741467711
122453931
8161232
14293310
15846407
372575989
86613184
1551059934
16312576
28785486
291997611
48410093
2736718872
73181712
1339835893
95637074
3634691893
