3788130914
147954163
627627518
3866186895
527816130
230873898
463701790
2738555455
4193995653
47989062
24312877
2915253371
1004036796
1143294192
2783371497
322480336
3437786031
89898588
3404236756
481783078
14870804
986116052
38423784
2883779615
929919954
1465023020
1101469903
3039734193
128002776
711367286
824035970
1280073432
1064755658
139034802
277969681
579744153
38211068
1558391712
16824146
354203444
263594307
453780255
2748527870
1538534540
2154978067
1405782163
911749736
539465977
34864619
576253786
4011964197
183808663
1156736228
2743461669
355799840
3934256619
1513290564
1192619851
1047306061
3980096673
430509231
147795597
433240872
294245418
2887701519
3296799146
3251188971
41779021
143174321
2288107622
2395268660
262516847
2800216425
67645047
1044211926
284997590
300883126
3406169656
2292474146
518362848
1606593932
1361349180
2917514307
1264805678
25478865
2738433118
2625559875
2728876733
540463663
548053711
794645809
1656943386
3285171433
1436002800
2492026135
635341102
622598832
186386399
20757700
802274077
719132933
873663649
3166036611
245747831
2151191580
3197495475
188338899
3337326633
2469140225
409096831
3287980918
2598200760
1206779100
3117608441
2346605652
3522711321
120745309
270522747
188771918
3134475604
3953574801
443539085
1214596082
32469566
49632982
2902455250
2751886450
2762019589
469032155
444017130
837974868
267830010
2777424593
77458757
225391651
19074134
26565946
3055160737
91478624
79293791
48210834
3413140961
456714889
14089195
2445143458
3325565783
96207659
3403945582
522225448
856103587
2546947283
3059495581
2875967013
2791031620
269780552
3817134395
41612623
10451082
1314433764
411374594
462649479
3124752923
176419569
3393282351
3212930337
2242636210
3316834557
35094637
1560966331
3435887147
2716927619
1342605830
24528253
1171938956
308833844
1342437716
114278022
1408321981
54559799
2721102196
3695419817
1693834980
3007695036
2918997222
3000842804
3435336749
2557521
3011911774
196520369
2440749064
3909571119
208747547
1673952138
14677919
4095886282
23446496
296709232
2329158886
2908441477
242891968
1900910510
2396807731
3240925647
340796027
14791162
225190303
1562740532
3750656903
316567361
3214757332
2762561186
205304048
972651
155659213
3131640520
759251
2288570631
3111052879
1140292322
172412289
3187463697
3294847013
1553211224
10228272
76896316
745096290
762150018
16664681
36947388
1690132748
471717920
2322433983
3103535081
318132514
2328531727
528657463
14934818
341787457
236871599
907458648
48393114
15693493
43192807
26257166
109702885
20177423
807095
49061402
27260086
18948541
15485441
17086831
23083404
6480682
90420314
5392522
31080039
16145224
29730065
293850289
17919972
28164096
15846407
1652541
30278532
1367531
14230524
23544596
3024025708
4000239508
770136889
3240279557
3771839067
1559273599
783214
2873264409
2877101124
2764413106
454166844
139087383
2464035604
3001475075
2987334370
616027011
300392950
326359913
26589987
436266454
586198217
21447363
136361303
