1038367602
246193584
2857456103
2604240570
914149712
1884825578
2163250065
4149632246
3618591072
2361349486
1898117551
1669564226
1446441624
1160767333
1490821669
1892324762
2217377224
962452387
3949577477
2879970218
2791182255
2232982515
2389282931
2563462257
2911166226
2343416015
65549699
2905391294
2431954029
3290519902
2417053633
1893468733
715683967
2784021331
2810652421
1866809546
1022441029
2892226002
3058715259
3056141176
2257898304
2262981415
2261955555
28706024
581326238
19927627
117652722
54730258
15846407
28785486
26589987
586198217
175624200
25365536
47459700
6480682
63485337
23083404
436266454
427475002
21447363
17544803
1434251
1337785291
24585498
23375688
19738805
268414482
5162861
326359913
23151437
62513246
23544596
48410093
14230524
17919972
109702885
21254264
14677919
300392950
10671602
90420314
64488804
27260086
31080039
