2802239634
3938139679
19453656
997717238
3918990372
2802464228
64643056
2802239767
2802220206
2904511652
273360241
2803295664
2802264896
2802457232
3869828172
2803285596
920722640
470307418
1057317679
3847509254
3916363932
3927155173
3870290052
3869712973
1310012720
3813381312
3916446132
1054522716
3813704779
1944495914
21447363
54730258
23375688
36782022
578311226
759215754
23151437
17629860
14075928
405030469
17308994
43192807
54296198
91478624
500194345
30973
436266454
461112276
23544596
16228398
19562228
248633508
15485441
14677919
7744592
1434251
15131310
278519480
10671602
17919972
1337785291
5162861
759251
136361303
6480682
49061402
24742040
16193578
278235826
15846407
85270883
