2471255485
405667557
303535030
212162328
131763362
136932734
624896628
223080656
633500648
256556724
146832501
705070363
356520954
94628304
92548679
2265746425
3408222117
74397391
532112713
1545689918
1617190764
1320350810
903495284
298959564
505196587
1052586019
589921934
286042531
450504440
624413
210792232
127483019
1041453240
122453931
213539531
452830010
27260086
1367531
29730065
6480682
117652722
23151437
222953824
10671602
17308994
24742040
14159148
36782022
91478624
63485337
5162861
759251
54610518
586198217
97537762
30973
43192807
26589987
28164096
81048495
326359913
20710809
90420314
109702885
30313925
14677919
17629860
1337785291
453507741
