183310940
48410093
19397785
133880286
50037051
24529179
82726142
24580902
23156823
153694176
36704352
19248106
35094637
20536157
27725199
34507480
48348735
85603854
85452649
67582059
10228272
58233603
166739404
358996059
36008570
56783491
383044849
24741517
44409004
288333760
154280902
155659213
184910040
73443014
48177728
21111883
110827653
428333
3504272955
14399483
19562228
26589987
27260086
300392950
15131310
28785486
30278532
265483421
1434251
21447363
427475002
90420314
759251
14230524
10671602
53153263
17544803
15485441
21254264
136361303
117652722
47459700
19927627
28164096
54730258
30973
6480682
24585498
807095
14075928
7744592
1337785291
20710809
15693493
63485337
17919972
23083404
14677919
16193578
15224867
5162861
293850289
326359913
23375688
24742040
1367531
109702885
268414482
