2154397853
397527443
34507480
17919972
46721216
31927467
197052380
79982405
535937035
889567304
1225718160
230930518
412521232
121140184
2863771463
244703288
359136751
93601779
15479095
14568534
85603854
23375688
1860571140
908025133
78410911
348488593
102971508
80847481
22008055
50258955
430692205
78889356
2188711700
35574390
169686021
23613479
101928415
25365536
861901045
280582344
214791922
90774609
80655102
43158428
16193578
454695530
287379993
401707828
46648052
430183964
40239240
2814872444
620319260
518125425
299812545
42916949
65658653
222937671
739174484
490496914
482444847
56617201
561230450
2198059776
27989078
32959253
157140968
236699098
158014897
9636292
783214
527526077
27725199
68330395
563389965
16869718
39538010
25335271
183292098
28397477
96951800
532509447
22795530
28201743
627673190
23136007
36690579
23976386
57061489
16365636
212944975
14791251
155659213
23617610
259925559
112001207
500704345
17883640
15651878
216444984
69188130
17196684
800575
18326837
38333826
14663955
44794040
18745729
14790817
15485441
50393960
15439395
21964429
19602869
256409561
19725644
10228272
19772559
24291261
256380390
14920785
25108484
279864843
49503011
17074822
40768837
21910850
17074714
1319921
386244525
15966494
107436986
41265813
18753325
130787975
34738598
15492359
1344951
15846407
91390383
16548023
972651
14399483
19397785
69773977
325773914
90366224
791606834
22411875
1435461
224965118
17471979
238527685
20778387
2240432905
226951255
20772763
47913878
790921536
474293
14786110
1160766902
104461665
112796663
17004618
87704434
41814169
19816859
7586362
59145948
21081767
17196807
17006157
31838755
49264411
85803369
29820945
39341439
41563162
15633626
46696817
21643040
80316128
14360757
444097675
74478182
59157393
86613184
83876527
24886025
17790667
14677919
54730258
62513246
17544803
427475002
1434251
19927627
91189330
39546218
20684227
22657202
336124836
61355746
72509949
28665877
27471945
184828402
52422878
19900778
35348026
225539878
22685200
20182089
33514869
18812301
21982720
69181624
372575989
34713362
2467791
51241574
14293310
7744592
16129920
15224867
1367531
759251
28785486
807095
624413
8161232
16228398
91478624
19407053
21323268
16581604
20402945
621523
25073877
