3229059314
103065157
130159846
28985686
291960419
98342860
405667557
9830752
81048495
291596275
348371110
312293986
143049346
275564493
139118162
210792232
10228272
18344527
16218353
14659522
577459091
2439990679
505196587
300162606
556007160
2800434769
450504440
2568659230
2832776746
127483019
131021690
3024070464
1052586019
2529716149
589921934
1430793200
54610518
1041453240
452830010
122453931
2378713202
1597990730
3024355208
2824682366
3240353572
552865041
437453824
1068678464
67281150
1440277820
3042848626
3024211526
2898718331
256782148
7563792
1590492726
2728261647
2919573283
2430294991
438381820
2291428702
570743153
262180462
175624200
90420314
107146095
145310941
300392950
878052816
3303293865
265483421
14230524
378773889
24886025
946966124
14677919
53153263
2444015999
117652722
5162861
715653690
1434251
27457788
63485337
17074714
3293794476
21447363
436266454
25365536
64488804
109702885
169686021
20196258
62513246
17790667
427475002
1337785291
