3337608027
2341069039
2787976338
18265846
94356722
17873749
123331981
465683353
23605284
216776631
18807671
5225991
1111457724
25284912
37868953
1280737226
21298320
337960265
819757183
23930303
113514650
314901898
24599923
17209624
1026122083
65980678
14718073
1344771338
283134990
76230888
327016546
72890123
143481519
74701069
529501969
62628517
91086769
65416867
238676977
409906710
89211580
6451032
92263579
597726943
19988587
16709304
275686563
26531880
14780915
45518586
134165449
33887079
21674080
272529059
32137602
1511046102
255388236
2995915746
2923727883
55661477
94857700
3960629783
355307031
7614292
115485051
25031676
169686021
76385990
118869173
235045212
28653690
234917257
181659188
15475639
19086787
265249312
16686144
9025222
154986697
268414482
65992743
20015311
14089195
278778939
19834403
21719637
22258524
2168472025
38708371
1851229334
14575107
159397910
742143
11348282
898124258
759251
20225875
25326324
15317676
12804422
16517711
18023887
23815359
234199020
81783051
33860739
20622594
15042887
43313551
58855867
16631172
21661279
21872308
30834721
38833642
20685061
17896874
131891655
25365536
31080039
45564482
15846407
15485441
810424
15057943
250884927
17057271
3166885455
813286
27195114
94129050
14677919
199542744
