17220934
972651
612473
30313925
18949452
1536791610
157981564
5392522
69181624
36329597
26792275
19388832
1630896181
788524
2467791
1877831
50393960
14700316
14677919
380648579
14075928
265902729
35773039
118024094
316389142
390678433
1329601190
34752592
122995784
22778098
1009108987
17344158
6134882
54557723
73760208
791587123
2979574468
14981433
1339550364
929595499
32828097
23083404
2557521
471741741
95023423
219617448
783214
807095
1339835893
759251
122453931
134758540
37034483
813286
7111412
213539531
18681139
1041453240
51241574
442922429
6135642
84279963
835052755
252411597
355307031
15644021
168259012
23859156
126632581
19329393
26565946
113046867
16171898
21645304
14089195
413756746
538949379
49573859
23497233
146026726
16190898
32858804
136361303
5695632
14675646
742143
19058681
251633354
40981798
36008570
6017542
204832963
19811019
176744884
45266183
169493751
268414482
25084660
1844730637
20165058
23375688
20054788
138658724
247210553
83795099
5402612
16409683
28201743
1582853809
14159148
17919972
109019534
1125473208
1220693790
3925759942
26003792
717632257
328894456
46576295
9695312
14674260
59825777
47448563
51707796
100220864
104249727
15846407
23544596
2259866124
79293791
319208468
28684404
622868850
30686649
25365536
1448305440
162171805
3305420487
26578749
253473203
54930650
27195114
169686021
83291674
40247252
790728
33710793
2204034272
116703674
132385468
17174309
17757264
358996059
113514650
46376581
31080039
23818581
59142708
209994211
21433995
338084918
21447363
22086481
558109036
264107729
14230524
262881419
29286670
18863815
16998020
77692824
69523166
95465386
44409004
170762012
380399508
74712538
85452649
457554412
209708391
27260086
20565284
27725199
21219666
1102449241
25804151
