15057943
1564177926
1584266762
385669519
493741105
130558251
221496316
33522725
15452686
28999283
44631696
14266331
47786101
75974281
329746058
57097104
52551600
436292177
133880286
24886570
268439864
17498493
58528137
263872769
147989886
338084918
28208983
29730065
3066007731
34395888
14934818
1198406491
50374439
390379849
1592669527
4067591654
2661314463
2564738200
2741030795
72568426
100126874
348379865
250831586
14293310
31560627
79293791
20567939
2260543949
85772748
45564482
3383743995
181561712
20322929
255709049
44084633
14920785
26565946
14677919
2458484883
27260086
47459700
326359913
109702885
3108351
16129920
807095
25365536
1652541
14230524
15485441
20177423
268414482
1367531
15846407
44039298
17919972
15224867
6480682
21447363
90420314
23151437
15279429
2883841
18948541
21111883
23375688
178111058
436266454
59624844
428333
336116660
972651
136361303
16271952
5392522
185314895
15693493
25521487
26053643
169686021
17074714
30364057
