2429387731
2310958286
2820456586
429268612
1454350153
3354101764
1697242880
2754968474
14353392
49632982
14360757
19637934
240180498
759251
14230524
25092574
3318721967
383368286
26565946
45583495
217565883
2876630507
269780552
37601149
20710809
223900351
32344423
14677919
285332860
50130106
46383077
208747547
18676177
266127553
561853514
308342093
2728876733
430509231
580078606
134424117
5402612
107155096
7744592
26312533
1317671
50393960
23484629
17092592
544517731
25468610
3378377920
30364057
14880616
402704744
17919972
15846407
579744153
813286
183165874
3404013035
169557169
263201896
90420314
79293791
35094637
38531995
592533949
46696817
25365536
115485051
27083523
82710700
1448434099
428333
56951263
19058681
1093090866
89898588
18986391
19397785
16303106
278953034
265942155
188752553
155659213
119509520
26053643
25521487
24312877
14824849
22650211
28441343
24886025
264095214
277546050
17696167
454166844
18220175
296709232
15633626
19777398
50374439
322627086
119385045
260706640
132880407
128570166
630605295
5162861
15485441
19927627
28164096
49061402
24742040
10671602
109702885
6480682
136361303
91478624
17544803
30313925
1367531
1434251
29730065
3108351
11348282
63485337
624413
30278532
807095
14159148
66369181
427475002
326359913
43192807
5988062
293850289
1652541
15693493
