2565952662
231416608
3161075212
66226093
1196343427
51554445
3107398726
92691371
3017000010
1091600912
192947735
297378462
3356568466
83623466
270547072
3299824943
2733882865
1872534542
255091464
2845259997
38797799
242422813
3075070187
2494013011
3293788780
88212427
3071924984
622045531
2266784384
289463265
4181350036
4247257765
2286905016
2369578981
3017337736
3988865537
28785486
31080039
26585095
25460615
46296304
55117855
197598287
3303293865
3353566654
205302299
15846407
25589776
16312576
20108560
1198406491
17602896
27457788
20196258
48410093
71876190
23151437
436266454
44039298
336116660
21506437
144130505
30364057
25521487
115485051
23544596
18948541
15693493
14075928
6480682
15485441
19562228
90420314
17544803
54730258
1434251
19927627
427475002
14677919
17790667
86613184
83876527
59157393
24886025
176566242
2246341620
379408088
14920785
20322929
21111883
169686021
17074714
17019152
268414482
27260086
17919972
14230524
76256268
326359913
19546942
183734502
72598780
59624844
15279429
141052723
178111058
262359713
47459700
53153263
109702885
136361303
16193578
21447363
23742864
17915334
116362700
20567939
2367911
216331785
36117822
101825544
25365536
119509520
27195114
79293791
21425125
66857043
40908929
140767456
24966423
158592503
2784140700
715035872
35787166
46915580
174647011
46460395
239516357
211935863
201964722
4009469753
2173752575
23636912
132232335
761512159
285387032
184910040
20545055
256754147
23375688
239313282
2972963567
188006067
95051964
34507480
477591986
232595517
1519666194
87079005
278328390
163730859
17929376
493365529
198639452
3025975881
946442220
1952091138
3403565212
1026154255
273151111
959858318
3232251922
176591155
524737737
1965562087
2245719993
153209413
3078731392
2438654046
275464325
2622028567
47033057
2777468700
3321668836
3173321589
1608702680
816263683
54362121
1049417360
85194340
1369174556
581419731
1592470765
17409452
3966274831
24291371
135973690
21474245
3406314478
42209165
53817066
44354695
50246444
44196397
39975533
46392416
36617822
19407053
28718775
50258275
160926944
5402612
50393960
1069927699
51809554
123880661
8161232
148712147
91316071
125346858
32660559
891611312
27528339
115628224
216299334
176566301
1031469409
364814031
34674666
381429945
41077287
826132130
15819466
52833129
117087700
378809160
1170206431
341953976
2198059776
1379139162
35762475
