334032462
252753618
2943534195
2550652224
2277973350
3092818390
618420295
155927976
940270308
233335916
1613095693
2905172500
140750163
239124932
259683667
265982289
279966754
224305359
493127463
1561168178
1692240811
2932344784
1536791610
17065389
3372106840
3145919378
328936148
116799581
19674502
558797310
25387183
56891751
14293310
20536157
230845588
14677919
51241574
135187648
69181624
34713362
14511951
17137628
2467791
329666643
6017542
18017198
807095
37601149
428333
14499829
91478624
61536089
285332860
759251
2097571
14159148
343627165
1221534859
33933259
627673190
36670025
5402612
17899109
813286
87818409
20596281
742143
145935897
14700316
4898091
3108351
34613288
4970411
29757982
433590551
27860681
16683014
1652541
15492359
5120691
50393960
265902729
19397785
5988062
189868631
