4003094956
3397123331
3339866363
224282028
407953994
2638232903
813222139
117503044
3291791597
3398001094
3341910478
3393676283
3344670675
252018767
3226176471
2219583486
2919078484
1137039860
3342555569
3351139083
3344496947
3377256256
3504657154
3405597892
260419232
3352509893
3515309969
3302668545
504395678
359015263
3350497599
3429529240
3447078134
3521555955
3129758405
3340840762
436629846
3280943527
3620016688
3590718257
3466667000
3356684153
782884182
3031341117
365093983
3451137857
137455381
425102413
3290350490
334090532
3418777939
2528511384
3883340475
119930129
3696851476
333084963
468244510
3883355188
14375294
1146172663
3694438876
3902829916
3883831881
3910248797
3344738026
3717061516
3912014601
1145167764
4022757977
3368357511
4040163695
4008207231
3018993006
4004973142
2944914207
3372105226
4061928107
316283375
3854899934
3342557175
4000245323
3353200025
2441913040
105078526
4122915675
3401136923
3804870203
1263093914
4132467101
3514562355
4150987967
3973936349
3878741668
316422005
25230813
142091549
858272964
759251
4199152924
4146581293
4252600994
4253539112
4253157073
2965774253
4124120592
3260077850
4253861292
4199839881
4199742315
4176837502
3427676599
1289114755
4254032352
4253773574
2254648536
4254243492
4197639079
4200334883
3253033136
4200326591
4200185121
4063287279
3084884183
4200410177
581582710
4254725353
3826992733
4254900312
4200579027
4178221456
779786467
1348364904
101825544
989202752
2917447810
493853601
989869530
583817610
602978415
1005867980
2754313008
3314244854
3284152585
471896035
589143456
2370803893
2150699099
1205978894
3096865419
899712800
3263680512
4173465628
3046134857
3307151428
3929082494
4216553533
63863095
4164496163
228711419
522533228
4174396445
4119752313
1230521172
4174443797
4175145203
589039541
2252324270
3342082751
4134860722
4092657557
2540950638
537299921
3350526975
4177126251
2433973267
1648421360
4114756649
240615020
1273135741
4147015449
3382930095
319116667
1582674716
3909247217
283184393
279934491
964890289
3375664270
2408411260
3435226455
4179545057
781037582
362008828
3989250563
4210465934
4179413901
440392714
4119841276
3371402417
445428656
4179519436
4186563074
4011062654
224682495
4180964871
3955859973
3327855570
3515095780
4072939393
3959597423
4174487561
4181871083
4003963408
4163263707
1621526552
713772308
1063076700
2430730609
3354071573
4055120712
4127902552
319583359
4112700737
3985437802
3389169616
3376931153
3352727728
4030740689
4185522209
4160792653
4068815375
3994568901
3307256644
1447567922
4185749651
4235074639
2817798276
4187165913
4187939237
4185391395
3340822138
127974301
4226127072
4187967075
2752078599
4182517697
4188678719
4166667617
3869724736
4157106732
4188620115
3951349397
250171105
3173823737
4189232212
4028836097
2580449876
3381261453
2206169318
3071960098
4191572020
4189093294
4170647175
110796543
271107812
4099543498
3853187421
2823926273
168709487
41991230
3899009717
2758709998
4193925089
3840284663
1272136818
1715280990
230240570
952558880
1613594833
4245189140
3949002807
2654417060
4196265221
4195424351
1564669116
4163769135
81577736
4189598375
2967005537
753300841
4151460802
1364013290
278282205
4198656251
4120666227
3419742118
1614405661
4135168702
4102283839
701344031
787596468
3513971721
4254401954
1258117603
385703628
192635870
71346765
20922859
29559497
80699737
22322309
3190850688
2207482296
100884451
15078448
1500103434
87224377
250144383
113164127
44816659
1227920058
58743595
92363940
71187306
2186344449
197828224
15079315
84657821
162522826
92102036
19223156
25412269
23950893
6461032
52051918
868563422
91525030
3024143734
24339716
91522848
15893379
15770447
17067902
14453529
20105140
39348813
2927076070
2316827272
1861881948
3791440454
6026342
18090961
14998579
18040486
18248809
51162045
226924129
3555984075
949793708
48808314
2186755171
246160575
2165676145
41144559
405674682
1615475828
3352913007
241565473
23829549
17357249
16341780
23979696
15133767
26105653
19625768
65681358
21008297
24937415
18224555
16436231
14440142
15184249
18098313
44033195
156031022
14433891
34642720
28382729
111734160
41135782
26483706
31014746
48240574
18060584
3320685131
15890094
14807546
4276531
32988140
27500565
73402979
65605115
19154824
16588111
5577902
36117822
188006067
2986460123
109081861
15809249
3388790663
81566890
3976766235
20545055
306072640
109256119
2727536126
130829927
29774933
97008507
1878783415
2890501217
158702607
301426313
95214487
443804285
102789583
426488154
976297800
3945908716
2337130332
1588020582
409127505
401775393
948118004
574331653
2379366141
404154119
239797727
244019419
587406023
1636135286
935267396
577057543
2217675103
1576973292
1623292506
1142174593
1897536522
3342999376
3340857208
2285121972
2706007339
3376129451
3319623576
3993225651
3300374853
3341925911
3346883554
3995775621
304318585
568579411
127632245
1680696823
3981613031
3126902296
1928901296
3818171661
3339567221
3381611284
2454478088
3350978661
94666591
3282473490
3986258985
3129962643
3211605358
3437728978
3379081960
4013224815
3186715336
339984242
3956300534
568608900
484772437
2239327657
1166158032
1978817185
2230397177
3515274495
377061609
2572090193
2219168266
1511169025
4040472279
3334510720
4053756376
3188678698
3981500715
3287604908
2238598045
3363925444
164711799
3982528557
317626869
4009189618
977218802
3513660015
1445523643
3537311896
3381526025
3985334783
4067968990
3531776775
3280774189
1164005510
949509433
2366553231
3341847947
3544750456
3497115739
1722125588
2520163696
3410334269
202380157
3024130986
4087884376
3393432687
204736999
2735126615
3655851803
3331577969
266786560
4060198757
3940640055
1416427291
2215993506
281945230
3381602655
94193598
1272306439
3933412154
3231550488
3408844023
141189240
4004401877
4102474547
3323716241
3237190926
4107480869
3979964418
495019774
298307945
1397366682
2325351036
3254184453
4128567633
2293896291
3260527253
4000720648
4114034015
4120393283
271373234
2174854461
3350984757
741112662
182924424
3435873244
3380468829
2578551871
1326989336
3297578472
876542438
3034248605
2847965583
4155926422
424930289
3350796671
3179203300
4026969017
902076162
634016949
3083522866
2201983027
4160731168
2786453174
452348463
3147325772
3057110725
3993130935
2784563366
3917696926
3880858043
4207943780
3928351152
4174361969
1747283706
1273279957
3652267035
351646274
3378720777
4179941195
4004152101
2784607239
4180381407
3369508563
4154238916
4073923035
3102448673
226057654
472025460
3297702074
3351992536
3797538555
2768707984
4174299689
1704950851
2732824044
2561394523
2732848786
3524498123
3525064461
2850977643
1484891485
3434200607
2698185847
580857186
2315654938
1962422936
2613143381
2430564295
1643909461
272175633
1629678848
485085227
86512212
2752043293
2216336281
2216843113
3165267964
2175576742
209688406
2190848196
2190086509
4111917195
172058354
447421632
2566130345
2187410251
1173943710
3181486624
2464990570
3727346955
3251987912
2281876399
2799289131
2371833162
2188834622
2772286179
583561154
354815071
2412790308
2171427327
495443823
940928893
1338126848
911664745
3094892198
497253187
2178797168
513319908
3250809774
2716396878
3252289604
1150202112
558416395
3225947763
3168191809
437691294
3890042783
2309294342
2229081637
173620667
592161372
2517695423
2596250359
143376397
3091920993
461707113
140421041
204481211
128847192
421225513
164754952
2863320204
47576846
38055392
459274555
310343639
118655782
40275574
78050153
416477874
159758433
63977305
139771392
274494897
35963976
4150865542
1896115536
103609120
725877222
344861130
72957488
262692367
123545907
235665881
46085739
4137477916
65514235
196157593
42872795
4008209715
1381545950
3434801248
3259582355
44664567
2720904688
1346415151
2558804928
92833573
561247321
1399589509
128022083
183739289
198910545
269256179
413428207
23137747
34288864
2897950569
4137717155
345073640
47323938
71209897
2862263425
18601182
4110929975
69271273
23584333
200168725
3128335653
380592102
24661962
45224548
374393545
84810629
2371754719
28718775
61831375
166070714
303862998
147491390
52420430
36617822
4171978132
980248872
124465651
211846330
46392416
487118986
3389628748
414715850
71131293
40081103
43885429
616111945
1654080906
2993047767
1100679414
373978904
86923847
3782226795
226875538
3275297220
113412070
3433400788
3152934909
799913456
459269265
2946517830
2682013394
3028308346
248929204
199603797
1614611528
396044433
2187171254
582680152
3295136167
2609570765
3972071009
334236518
3340849504
24209476
294851522
527258298
53136141
3525442523
2928199936
2516731821
302081333
113369350
4150832099
3343843077
394570385
3281295146
203678463
4120137856
4173950843
4035261473
225021216
3443772202
4151249201
77470292
85318467
4164647363
2993339100
1401533234
3351246088
2949996462
2650734962
2995086229
4054862140
2950159255
2295818484
1417788326
4066001915
460201234
3604706794
3685345101
4172618188
4173915977
3061390384
83676451
4176941291
956489556
2438336631
4170986134
149976251
2704010531
2652385123
2799738706
43732245
126733638
1531842018
184119414
2326825313
2598200760
429173115
4174514007
975684830
90316203
2800476345
100800879
971418187
918423133
1061495562
1254554858
69718936
142453906
208841123
2776688257
293944969
702671952
71912145
4177668461
3816827296
4223325972
2242189550
103350352
113317910
190426393
67888012
42379703
3440200642
474880229
135295059
117042662
564649125
2845191549
22167056
474878323
460305726
56060828
393474189
474887311
3946190722
599606014
2829251164
3198193409
128002776
2964950313
2942952437
4062175745
3837799295
2939406733
106145955
1732989216
74458149
203414077
34640565
31524221
417827973
1548518828
238554588
3122363127
1139883696
263424208
143933041
99269431
64643056
398212417
222114873
25238117
1493279275
22059388
177583133
403475769
3461457858
3789985822
3291884796
597224882
264248576
740148150
599001082
2914442873
543487087
470130723
1162687218
2813202073
508912396
229860431
263284370
278066421
2436639828
4156788387
3189479158
2839661693
3416002630
1303300358
611632849
1388990490
110365109
342080796
1004111881
148685893
1572284256
3748566557
69266428
43965146
276939439
64461771
33464600
126626108
2402832901
33959546
2338945918
298693971
3979436363
121162178
23874891
33403290
104080038
101878289
119881075
21972711
17506089
20400862
29643550
898058054
3396323782
41307775
24736226
2388968628
3377007946
3925791566
25787446
58908198
69426382
3342774838
3335232281
3532842797
58528137
3358571854
3102022377
18764557
3057761695
26565946
23742864
268439864
135973690
2980951949
79293791
47033057
19397785
899567642
2971554502
4149290391
4163175891
3101989912
1733362400
43134762
106837463
67358777
3102189689
2789957842
573910254
20562637
441179628
1649983477
3241660551
1042219086
2424376371
4149195561
914750738
2614572432
409996014
251238539
21111883
3024083068
27260086
3922007003
14800270
13058772
18743550
3297852980
3107218174
353701419
2465259487
47458488
710345401
415953853
588180041
158865339
2339038056
22819146
3180489923
196684829
569053466
2832978568
776034402
204004306
710186205
2735591
353610582
3408566375
715986078
479790776
1253624815
29195706
61205478
215052012
2401184117
38797799
52420819
117778985
192947735
972651
148937517
21836409
80585373
95609825
3108351
34674666
300509037
345971761
233740311
368309123
148084350
91478624
199288125
383213591
185436634
551318109
564012870
250522664
332691544
195035017
212968548
2974648606
3334300433
2650762250
319247041
3032773924
186892431
59222801
75802687
1136422994
4170141622
175271919
3015119734
3416605398
520398033
296812613
536180410
196603521
191445487
1096498604
20874566
3194759556
42209165
1937805774
3923671377
761512159
242750690
540660963
194671720
951320425
129627917
2224813401
2647733149
569205137
1568181362
48547572
3937486937
195682054
303766706
3254621125
1933687267
624442464
134014237
493365529
109297636
48888952
3886750582
1402936759
291879717
200298671
138978874
2359416884
792326059
90167852
3966274831
177303444
2402815789
232181872
66994690
242259903
602322510
3314886447
491281309
39545224
41609377
368930321
2977060210
3242111449
249073658
1301449974
3223920170
411262457
2588892166
549437773
469515357
294245418
3937028794
2815949154
317192373
250738105
619634496
30817247
978095172
774193207
3800542766
3339134662
2298871851
2730673462
1905516817
196961131
545135615
3575407095
268953630
2444563690
3001157675
3282091564
2721536777
1317059570
4069788798
2466457926
4162440016
3358321151
2881795581
4059398783
351243208
1648430132
477591986
3392383816
4017496518
2199226404
79464426
4113595529
236505870
141260077
60348900
157011426
34082810
23377569
21425125
115628224
57621786
1536791610
153209413
2916305152
50258275
14116807
250566072
823905
186738339
185776960
2415036450
2491959073
361812384
124761555
53817066
267285211
102117124
45863020
2165143543
1330348928
49747320
176566301
173744348
2202907410
1479070778
112411597
21474245
190481460
2757230313
2603381436
46144998
24275919
3348823415
2603433253
50246444
328990309
2722151337
17409452
27528339
20577920
41077287
372755940
2273029938
338301147
2757282328
31322556
24291371
216299334
24860312
2757255359
596481842
2907882633
2757271822
44354695
71521696
383774245
4179458860
2757281008
51809554
2603441179
1195042550
83651066
2757275074
531322850
1033181588
381429945
703061828
148712147
548138531
498884763
2843036061
364814031
57320024
214129024
177932673
595798133
354778701
15819466
145711798
195438871
1635177871
104954854
461334126
55308554
270401651
135406468
383462831
2572705207
39975533
141632308
2375912858
164948743
532028829
125346858
263835409
1262623074
475607395
17589080
117087700
435997757
182859494
107044645
3012833309
159786619
1596407005
487774463
73852385
189841409
2149843320
411404797
52833129
344576807
977992638
4046962517
146449844
378809160
813286
23151437
491366378
90420314
36782022
15131310
31080039
15846407
88933894
16193578
7744592
54730258
14230524
49061402
28785486
21254264
236746835
807095
414242054
23083404
14159148
29730065
8161232
83539560
15485441
1154540286
25365536
30973
551791398
19927627
43192807
542740571
1355585569
19562228
17308994
14677919
428333
5162861
624413
136361303
14075928
264196383
416451117
21316524
