2669811944
3025621020
4175675239
3815163493
2570971422
3446920885
19397785
1740270336
813286
18647765
73359920
85772748
72568426
2810654929
54491455
16115176
3287233182
44084633
34252332
47047335
297169759
326359913
3954571034
3297538885
3288465684
3281368988
3301396250
500704345
3130440619
3291800630
17363090
67309732
147791622
270176702
189503518
79355995
1263292416
199274986
63701775
4000940297
51241574
428333
18927441
24742040
14399483
807095
50393960
14293310
5402612
15012486
20536157
742143
759251
15846407
136361303
14159148
49061402
21447363
222953824
17629860
15131310
624413
1367531
28785486
20710809
16193578
98310564
