3339137475
2469646988
3296881562
3709185503
3785837002
3216973297
635904253
3807048254
84457922
1935212492
3247163845
3010020951
3805759647
2536078659
2830487135
4172501266
2855384821
3243421815
3437655783
4054176831
439800763
3997334535
1530031602
2272670730
1626991717
249506191
2949814647
2308420443
264498030
21889608
16303106
759251
423781033
428333
1042307696
11348282
17471979
3108351
14677919
2227318080
25521487
39538010
58233603
46721213
17919972
23375688
20322929
3289963712
14222536
35936474
1582341876
18863815
4898091
26257166
14230524
50393960
783214
3065022464
8161232
2557521
209708391
27195114
226541132
26565946
297899684
27260086
157981564
25365536
268414482
14749606
116362700
85452649
37972440
27466653
5402612
236699098
19426551
155659213
16548023
20536157
23976386
34507480
807095
72064417
59490500
19748674
216430965
15492359
19604744
380399508
961974776
32959253
1048960958
44196397
484486376
14159148
1652541
199606998
527526077
115485051
10228272
79293791
90420314
157140968
595611362
91478624
21447363
209994211
15485441
285083026
22369602
954427716
30973
15846407
2270753810
23151437
813286
37303896
14920785
5988062
1344951
24741517
23083404
579747564
169686021
73443014
816653
18676177
95023423
742143
