14872237
452155423
245909272
1330078938
2186456157
273975232
357812328
569201866
1148628757
322606204
526557632
407054921
513625759
42606634
14677919
34239289
221314219
296663621
397036704
1336870566
349004851
798699296
269225854
404063624
252153070
5120691
242245578
619293948
220557145
596025144
60327493
162248086
78010944
275558381
23188724
219255067
16973333
376736104
314547227
323970763
98388319
4970411
1086973130
383112039
184906827
437491139
334752396
51241574
1652541
1479925634
399177856
246921377
451707143
122969292
474886468
114157912
96083073
14806765
73301369
458301345
807095
343699531
243711009
366169233
251600033
15819208
28631535
258307818
14159148
136002930
97232128
351528904
1072915220
358398016
4898091
18424289
275546719
272577256
773944
199943245
164963639
1244602586
228887368
705126140
91357577
109812542
244228083
87818409
323371109
742143
163082968
8129122
400823888
254152016
46636018
119360445
116393932
14517000
239910487
237219995
376113319
46377406
311940255
25049177
247494124
153436029
367795844
80233034
377645951
424241159
57263994
66591836
334865866
27832808
23573083
67277253
36412963
262299947
311943740
311947216
240760882
311949033
44335525
311941928
311932430
148711787
245953285
226098911
223432492
142827393
398593054
5536782
