3103061905
3013390821
87918812
471130203
19230601
20596281
22084427
15439395
26053643
56891751
29930178
20108560
45564482
14348594
4970411
31080039
627673190
7587032
73840916
8771022
15164565
24447643
24886025
14499829
373416209
287834630
2097571
27860681
140070953
15809249
46696817
20545055
155659213
79797834
19397785
34613288
5988062
471287735
14360757
46335511
158414847
19966557
13784642
16076032
428333
23484629
14075928
15898172
45112524
71256932
71026122
14824849
196079682
6017542
1652541
19816859
558797310
343627165
16303106
14681605
285332860
36670025
216264820
28644174
265982289
19915362
33933259
18228898
19637934
230845588
216299334
80331801
18676177
155927976
301413580
8161232
17899109
22910295
108568373
297169759
15693493
15633626
30364057
55117855
11178902
19583545
117073196
20196258
140750163
742143
30973
19927627
1434251
23544596
19562228
21254264
6480682
300392950
30278532
14230524
20710809
1367531
90420314
14159148
17629860
10671602
43192807
15131310
586198217
15846407
759251
23083404
14677919
29730065
17919972
30313925
427475002
807095
939091
21447363
49061402
15485441
24742040
436266454
63485337
5162861
28785486
36782022
