29159687
20402945
4086822407
21323268
3741164719
16031927
14677919
67358777
20562637
15110357
34713362
17602896
32359921
14075928
4898091
18949452
788524
10451602
14114267
2097571
87818409
14332159
742143
6017542
15012486
28785486
15754281
759251
14173315
2467791
51241574
1141034970
19611483
54885400
10126672
110396781
8775672
813286
50393960
1536791610
9624742
66369181
14159148
30313925
11348282
17544803
19927627
1434251
624413
91478624
5988062
136361303
326359913
14293310
3108351
428333
5392522
1367531
807095
1652541
15693493
18948541
6480682
20796069
