43435902
23083404
15633626
16581604
74669397
26053643
19426551
3722723775
2727626086
28644174
38435916
14824849
14777215
43425975
18673351
9917652
16312576
22548403
813286
25521487
17469289
2830911922
166739404
10228272
34187188
22672814
913189512
428333
48100887
3839444357
37683414
286998365
19546942
31353077
94129050
17057271
1357468178
157140968
810424
26257166
236699098
823919928
27195114
19834403
58545637
330581099
991194210
24886025
17350250
55338739
792505674
8936082
2296540572
30614676
263969427
34507480
66379182
759251
15057943
32959253
1187798204
3221912321
45564482
718454484
2711323340
270152879
807095
35664799
142157505
22059385
15723732
115485051
410683189
23484629
46598192
1151725669
19637934
2185306516
3022767683
500042487
2180962656
1071928748
2837564081
16548119
470973463
702189355
277546050
2975498620
250884927
26109384
79293791
26565946
1287009368
95023423
2557521
20322929
14360757
14920785
138768155
20962674
17963983
60741941
29446640
169686021
972651
3846761301
622366561
312948401
16145875
14677919
19927627
62513246
90420314
23544596
436266454
27260086
15485441
205302299
86330674
148496087
17544803
268414482
23151437
6480682
20177423
25365536
49061402
136361303
14230524
15846407
30278532
14353392
28164096
586198217
29730065
46696817
109702885
21447363
3108351
17919972
16145224
293850289
47459700
1367531
326359913
427475002
17308994
31080039
5392522
23375688
178111058
1652541
17086831
1434251
3353566654
43192807
