452065833
255712852
74341188
2317325294
222549401
41073520
163811629
263638711
349908944
32349795
544406653
407166736
74073441
301397060
238704652
35826265
47325083
159469198
72954363
243800821
29426228
1471471692
317722174
197380477
880384014
190316781
169515214
965763115
123903128
102656829
36927190
1214928528
91949601
1396887362
195198491
421685629
72517337
2247268026
75557148
2750220083
453286121
1583020106
206869667
558944280
276744039
2359914326
39720140
1283467081
42186973
246691567
194913956
2591814172
416207958
521924608
266292369
416217204
992695620
175782069
231012233
172229551
7841202
316291124
72439554
280551901
1224309998
206097690
2264091136
62591371
83846949
244213116
549985820
157678643
227255693
37406511
455816838
57321841
249528880
82332569
561455371
25796801
55877235
597237613
55191576
135423088
136358641
330924306
434189794
507308931
52167533
249562894
59851287
465865280
218168683
326728250
402535848
75050274
217110255
354228104
38377128
354254527
144917057
285550402
354392679
362753425
74703137
260640010
416232250
334729559
238157647
291572316
374949711
91409221
456179068
369138109
96813197
95868322
37623300
287852975
288067817
63050007
293110135
75256410
45733923
317646823
25797962
57675294
289443557
352915750
246794325
34435754
581073092
406463830
283390557
62390211
3377220783
185349993
253904240
353227781
303261339
204737414
202199545
312448665
3309883011
3306241588
215351132
250013702
1008963181
224723374
60139989
188663081
876476052
1042222429
3309063627
312003996
1401563551
466384259
1728271441
2252612461
260655938
307273272
135135325
3771752547
399488890
2337583189
2581024680
1600962343
491051512
2751549351
16145224
572912970
519200987
33923443
23518723
1102256606
347390510
994092018
545875821
394590264
510863041
517694890
550942089
457446827
146508790
561317482
2901693831
193735133
1731643658
1491053191
334854881
213990428
1647259814
843068748
243207442
197123060
1336891490
499006952
81793205
53479713
463414836
3012164446
714113990
3155950065
1183827534
133513563
394645413
15864016
167776019
1562448602
1130885935
1249540249
27242782
130088987
50620668
73206956
26527812
148496087
25170188
14353392
27091468
293850289
21324258
27083523
28164096
20710809
30278532
15131310
30973
113047940
1536791610
1339835893
7713202
1330457336
73181712
36042554
15764644
9624742
222953824
14159148
30313925
939091
17629860
144130505
21506437
336116660
44039298
30364057
25521487
115485051
23544596
15693493
18948541
14075928
15485441
6480682
90420314
19562228
24886025
59157393
86613184
83876527
17790667
62513246
17544803
54730258
19927627
14677919
427475002
1434251
30309979
50826280
39325978
24966423
169686021
3004231
17696167
119509520
22940219
23065354
17915334
149726145
19028953
20322929
27195114
17929027
116362700
22733444
31927467
30782495
14939981
20659839
6273552
18220175
24775528
21705616
18228898
19330043
35094637
