2968330929
38392664
28803554
61843307
42400233
323171189
2911214645
255226683
18355202
3031276186
11953772
18774200
107370684
4868721
102406191
15433580
272937269
89157781
234111818
30504003
765276019
3955798337
745863246
2701902050
145030011
23151437
43192807
436266454
1367531
7744592
48410093
17919972
1434251
91478624
136361303
17308994
47459700
30973
759251
427475002
17544803
624413
15224867
23375688
268414482
27260086
326359913
90420314
28785486
21447363
28164096
53153263
29730065
30278532
293850289
19927627
621523
8161232
25073877
16193578
54730258
15846407
109702885
14230524
14677919
86330674
15131310
49061402
807095
36782022
20710809
25365536
16228398
