2340819847
1668063794
3990715873
105119490
84279963
464139666
176566242
492399548
166739404
116425054
555665948
453435624
735052052
755563784
64569054
120852219
210792232
903495284
15820664
871686942
88856792
101311381
813286
31348594
601208263
171540400
132385468
69229721
624896628
20565284
85452649
2919829419
1346575152
2420020489
139118162
87174678
834911994
775887091
275564493
1417829894
298959564
112731136
4121845107
2589343812
1419270818
1913738604
137418466
181561712
3320179040
45452226
139876086
168606635
466882955
179036286
135180139
84542880
2805293443
4123248021
23375688
15846407
26565946
17919972
3187544390
2933189948
568225177
172294483
5417132
44084633
3623944112
326359913
14230524
10671602
28164096
86330674
49061402
109702885
48410093
14677919
43192807
29730065
21254264
465438433
401248299
1119728881
26585095
293850289
90420314
172008166
71767822
63485337
19562228
369304099
23544596
268414482
47459700
15131310
122453931
16193578
31080039
241655487
26589987
20710809
436266454
6480682
29436139
25365536
14075928
105588068
54730258
