378574528
114417681
2273486756
791724564
216689417
52012026
518845559
259925559
488717856
1707227096
2173373271
283394636
1670045462
288333760
1686189066
1895504934
1297431871
228388725
581948831
706444672
335475970
620160225
1715274350
389109829
1562522874
851898762
911087179
49061402
14075928
719735953
71308607
1337785291
17629860
23544596
585102925
27260086
26589987
20710809
1434251
1367531
23151437
117652722
255469675
30278532
43192807
231790152
136361303
436702610
21254264
19927627
25073877
15131310
6480682
30313925
624413
54730258
366592246
939091
17919972
7744592
23498005
172311731
14677919
10671602
22946239
586198217
47459700
