3498755835
3905897181
3884314361
722574932
4000888060
2184436173
2399558132
2903006999
19441756
2925741339
2893568475
2918306769
2887034002
2924487193
2928289972
2951827161
2914398160
2901168009
2949927910
2938471167
2916319042
2901264814
2923511645
2925779511
2939980173
2916081183
2951794354
3247163845
3309785508
3024640802
2868100566
2785907255
2892471231
2895123113
139118162
2802426979
2924418007
2804386076
2924444911
2788587068
2906858591
4065716284
2804318850
2849859454
2891140372
2832313575
2701803588
2786397272
2911248533
2804431015
2885974079
2221858050
2886002991
2840710396
2892557812
2868120222
2705307744
2840661298
2800537850
2802375002
2702451775
2817838447
2804443009
2788620974
2886059445
2840638107
2800370372
2220244303
2800509668
2701639970
2906813051
2893717565
2802387590
2894867307
2701507939
2788705405
2800387369
2707390861
288037927
427831052
2707580155
2266577731
2685466482
2701376082
2868140876
2788616736
2804370991
2786472530
2664230101
2526480081
2222320670
2902904457
2904114891
2868213758
2701686703
2702150340
2914401203
935127288
2832592324
2868263299
2832472617
2840601389
2788693903
2618964234
2868269647
2902887749
2790292801
2817781118
2886101272
2804328930
2788580166
2788525435
2887059340
2685418808
2891201878
2707157706
2707647901
2868189997
2802285878
2695871065
2306656500
2788563907
429489147
2892369520
2906754857
2891156309
2705420838
2707667762
2826933133
2804284032
1301020964
1913738604
2420020489
2902992922
2714153694
3448716797
2583803186
2509913450
1591593414
2914258977
409068219
2403063588
2930426183
2918300110
92424604
581123710
2905520897
87174678
2916243917
275564493
2914268459
2918394118
139876086
2439098062
2962705204
559817795
149733596
350224247
1417829894
2930409877
2906806245
177547780
137418466
2471798956
2961880449
466882955
87118217
2938837817
221433953
110470547
173890260
2894803485
323469361
1433730727
567483109
2903028401
1593958021
878897533
775887091
2901274473
469622863
2401374210
171117515
2589343812
800999720
834911994
861083240
2627815333
1419270818
116211829
2906788007
3117212702
2918255565
1288469635
4157083930
2555536374
3175856489
2206518294
2845004740
531854501
3059221938
1133920393
21870081
1059194370
98809456
107146095
265483421
300392950
26589987
1337785291
145107843
130997057
3330060909
783763632
2181233851
131948686
5402612
14677919
3108351
51241574
2827042006
2743312897
16129920
14824849
26053643
14506253
3889391547
62710586
3003353384
113286385
2432070745
98342860
2892656869
338906109
291960419
277382418
90420314
54610518
2557521
304596131
15846407
624896628
27195114
903495284
286042531
56650317
35936474
1320350810
210792232
20322929
28985686
104141949
453507741
25365536
102355805
115485051
97537762
807095
615983648
3457551380
101311381
223080656
23151437
236699098
300162606
17919972
62030459
127483019
130159846
27260086
339040963
127059347
450504440
2780073893
16303106
19426551
813286
88856792
157140968
94628304
303535030
213539531
1041453240
23617610
136932734
1052586019
9959702
14230524
4183095987
505196587
116362700
132385468
32959253
169686021
34507480
21447363
481156800
298959564
10228272
39927901
434071161
23083404
84352985
256556724
125944392
95023423
79293791
26565946
26257166
15485441
589921934
14920785
145125358
759251
428333
81048495
23375688
19923144
122453931
577459091
25521487
268420958
452830010
30973
268414482
