2916305152
956845177
2420020489
849372606
360104966
2439098062
323469361
581123710
1419270818
2401374210
2403063588
2320520960
137418466
1417829894
834911994
775887091
275564493
139118162
271292659
22127823
99458922
87174678
16542390
46257156
239411196
61155779
466882955
624896628
132385468
179036286
69229721
175298380
378460963
84542880
298959564
168606635
1440787080
171117515
783214
139876086
1052586019
2430294991
2517138274
2660070536
45452226
177547780
481156800
104141949
286042531
210792232
3145919378
450504440
15898172
54610518
452830010
127483019
2358945534
1041453240
122453931
3111201597
36782022
427475002
49061402
14677919
624413
16193578
3376840325
31080039
326359913
387166145
2635321090
26589987
30973
1367531
436266454
14159148
63485337
2438543882
3342418114
1337785291
90420314
43192807
24742040
3275612064
136361303
25073877
17919972
222953824
10671602
23375688
3303494554
3191730606
807095
1062359732
2993597034
17629860
