479602890
2961833741
427063403
112237252
199354750
151123001
14872237
155659213
1432977446
1861084044
138372303
251690031
8159472
122356945
199632928
140070953
627673190
469508969
34296796
634434718
789605024
74426633
14932455
233498480
422847892
278008658
539085035
424354829
494931397
298038413
338995273
546103238
161604690
319086477
1528351116
2650674570
712132014
491355440
54857969
454873450
47663009
95630884
314059678
104485125
37631819
20430345
1071332641
1949065453
239784688
18762875
464926712
79293791
732819391
123899370
30313925
2999967663
366630843
19356964
132887265
79481514
202220952
419622371
44084633
477961801
326974183
3295342059
23083404
130590435
54174268
2616549160
368773326
477735078
271476597
393961735
155321616
92403540
22949587
14511951
45363552
320603385
52551600
78021221
436837074
28822067
807095
268414482
5894372
783214
2626046657
2980028099
150725695
526384201
20887537
51241574
52424550
16409683
72568426
3172386143
409917074
635307479
1339835893
15254807
235144711
72502915
1536791610
19902330
1247139152
19923144
113725150
212274129
85626417
850688029
240714255
19392607
12790742
3020169891
204728606
2278995820
127492940
2396511338
253210095
395218906
348379865
259434063
21111883
14516324
473112501
28706024
101532373
20609518
376103840
21447363
19067940
14677919
6439122
133880286
368915372
333286008
267138741
401318303
1582853809
85452649
166739404
94122848
813286
378611487
2390595642
18863815
204924428
3309676397
228264692
2573974277
2665343430
132539757
500711588
422900749
426708964
500704345
96795790
33196091
3342713655
101507064
335828175
2874710838
2723828847
1005827778
2199261813
56341776
420313624
18647765
963938472
461922813
85772748
380570951
17919972
438212411
177533004
18935802
41667342
504329588
96948912
3170408717
60865434
70926844
5893702
22748358
373423842
253508662
386420143
16913418
29255304
259925559
2159273424
344634424
59401731
249075355
126614785
962228174
149060372
420351046
186386857
124450567
71114686
331617619
221902171
108369004
33508220
94666311
97185399
205011496
