2408029495
1220693790
3076496197
877483484
1844730637
14159148
28221296
413756746
14674260
1125473208
162171805
2913897815
17461978
27195114
14922225
18395177
29758446
2242121580
19397785
339817796
19248106
338084918
2843983721
790728
319208468
24775528
55117855
169493751
20177423
185314895
15666380
2936663541
538949379
20012204
15234657
17757264
27844479
2329885246
79293791
742143
184910040
28684404
20165058
835052755
16190898
2692165794
252411597
17446621
24966423
612734881
46376581
1448305440
2259866124
19329393
205302299
813286
14675646
25589776
21645304
253473203
18220175
83795099
138658724
247210553
10228272
18927441
168259012
45266183
32858804
83291674
328894456
26565946
28706024
59825777
116703674
25110374
442922429
132385468
25365536
6135642
5402612
23151437
15846407
136361303
14230524
10671602
624413
23083404
63485337
24742040
427475002
30973
21447363
28785486
15131310
15485441
16193578
8161232
91478624
30278532
326359913
27260086
20710809
586198217
19927627
90420314
49061402
300392950
6480682
759251
36782022
1367531
109702885
30313925
23544596
807095
5162861
16228398
14677919
19562228
26589987
939091
21254264
43192807
1434251
17919972
17629860
29730065
436266454
