2299567422
1673557525
2161412528
443889728
416584464
3199999293
2969079969
584571685
1566466255
2159533761
1094144581
604961477
2989988800
3450780867
247887737
3057645879
3243641673
338672002
85452649
535584956
355307031
3419507091
470120434
3010284184
28706024
25170188
18055737
15846407
28412286
231886871
45913882
23544596
452235950
2482449230
319028469
14780915
26565946
2482247318
18393773
19185135
142347410
19329393
66561957
1065379908
3773240315
311982439
713035525
100220864
41456486
15702854
14211809
404041626
59090237
1198406491
443753520
44097371
225190303
63439837
13018112
380270590
19397785
18625669
246407907
60629880
68405620
52486297
46105253
97448779
39364684
23561980
556743276
2433437610
23497233
44863742
221392767
533202479
3622423403
63115636
5695632
52373577
1894744428
164302135
24807616
2367911
104249727
116411298
2493199232
154280902
234053160
73992972
3920890769
17565514
16945578
986396366
2979381946
29231780
250911289
707345563
59247894
2943288161
2987841537
54951973
31080039
321970500
1484787162
17384105
16190898
153694176
2783580797
567028946
62513246
21111883
60054156
5520952
16409683
527526077
17287340
38721239
952086690
171682730
10193812
65992743
1040840683
427475002
109702885
49061402
17919972
53153263
19562228
21254264
16193578
265483421
29730065
1434251
15693493
28164096
21447363
7744592
28785486
20710809
17308994
326359913
19927627
90420314
27260086
300392950
1337785291
14230524
43192807
1367531
54730258
15131310
14677919
293850289
807095
86330674
23083404
36782022
17544803
759251
268414482
23375688
6480682
15485441
14075928
136361303
30973
47459700
26589987
15224867
30278532
