416607238
1111982706
117379881
43999250
267704061
575623917
203879254
308398370
135019364
169466957
207300911
2292817194
120186281
376287971
366397790
352129069
90489439
2574090878
2279217083
375090889
319445464
424450853
2306177954
99692415
2886056459
267806124
2744967374
2969901418
566357641
16827333
35300714
615658868
862586670
401123553
243287822
2276400948
133582744
1204567627
480969221
1961551326
3139468504
2446455097
224016898
455618148
283282734
1496622998
284593890
343538442
1262100451
85891629
220093104
3147114413
71841822
230256818
2273180620
913812620
101263750
3136019156
34826942
1421851422
296120111
2581073322
2603325005
239924442
526765568
3403162053
1558778941
1728456590
273065836
45090120
260114837
334551840
204178405
239527850
27195114
2673491028
866454404
2216963879
2624751847
484308980
111425302
409097178
223018504
715597323
771002719
739992157
717978929
1699979089
3068295591
466502612
2767337513
559355846
2506572633
2372261209
2342047124
387840841
326359913
348379865
16193578
44084633
136361303
1156866230
18647765
85772748
52255083
14677919
21401466
40016838
14288822
24047612
18481641
60054156
40080940
27678749
602993818
445659911
555548903
790756758
1128218821
38259087
19730483
1329545084
23760251
122034654
133781166
43299388
1905230346
205671915
30973
50270149
15632759
14627153
45571293
116142776
19212009
1731691897
14791162
14934818
32469566
27844479
15515919
28384755
296196029
21995123
19301055
21249332
93839201
35773873
15790423
20908109
72568426
53147055
346742249
205339205
14399483
73359920
47459700
19074134
15933910
18392906
16096416
20177423
14293310
25589776
60649803
96771618
78021221
99131926
90021519
19768204
200162728
68399194
71026122
16407145
63679163
18462157
90774609
33906088
106364715
18462653
74524430
109702885
50627903
221392767
40851965
47414242
153474021
185314895
25365536
23617610
133880286
52551600
14230524
65992743
512700138
184910040
355307031
1018579128
321970500
79293791
141052723
351846496
71016845
72520597
387562192
19066345
18807671
15057943
19412366
12804422
5225991
239313282
18637730
25311070
74701069
221382131
274040176
36104812
15317676
14222518
126614785
19148708
64418855
20225875
59624844
19784831
20506424
262860125
19923638
45266183
15074642
42927636
140778737
34395888
352689883
75916180
180124279
204491797
22179997
2883841
27989078
32959253
155949831
173988421
72950235
250911289
98942778
89084561
41338503
33330562
35880417
126084292
121149217
105145017
335207743
23085995
8771022
167421802
11018442
20632796
15392391
26787673
15687962
155544257
14601237
7831092
32152579
18139619
20793816
813286
1339835893
586277623
40321246
15291335
21904217
14840869
34676063
31943671
17992258
14497313
25341996
203162990
63296944
67418441
43192807
36947388
22821175
707154481
15220473
265903264
599649352
33320626
1129248440
120985729
187897893
71061949
252709160
169243528
68792381
275400224
281766200
169740780
114035804
2270753810
319396732
27790617
158515843
24107633
423781033
180887425
29542722
299173609
2797816636
274355165
376502929
314219767
4038177389
1595324168
2273448978
395589480
163950604
2165590886
1597298426
1207473092
424943005
