17468651
602915708
12273252
16133363
2968684543
116182568
57927219
165544450
28426328
24700876
3231524929
404318377
434275546
35044312
93773245
966340621
135249573
128659616
110839423
18336787
487118986
135679321
34625042
385056910
57502510
612336887
131948686
484815388
783763632
2181233851
145107843
130997057
98809456
1059194370
107146095
265483421
1337785291
113047940
1536791610
1339835893
7713202
1330457336
73181712
36042554
15764644
9624742
222953824
15220473
17088779
16730355
86330674
17308994
25460615
46296304
55117855
197598287
3303293865
3353566654
205302299
26585095
31080039
379408088
2246341620
14920785
20322929
176566242
17019152
17074714
169686021
21111883
268414482
144130505
21506437
336116660
44039298
30364057
25521487
115485051
18948541
15693493
14075928
50620668
73206956
26527812
148496087
14353392
25170188
27091468
21324258
27083523
293850289
28164096
3359851
7861312
8369072
21378183
48485771
56768257
19738805
175624200
64488804
24585498
117652722
20182089
33514869
22685200
18812301
69181624
21982720
34713362
372575989
2467791
14293310
16129920
51241574
15224867
7744592
1255773595
46970737
16476425
231332590
16651924
3218741446
154232011
1274117155
224351063
1476834350
738414176
33209330
551433036
15998996
30414789
350655973
60509114
368324788
27778382
2476065217
2974672491
169101957
1577100223
260416151
28445558
2382781421
2866997446
219459881
17338190
196835862
380866426
364329742
3134025282
3372135681
358719198
458372079
255427651
83185208
2637099828
466376759
189950861
971573839
1321877300
138122736
2523936499
197134435
2851459558
237430555
3380950192
1890063602
3988310477
46955805
326795819
2850896773
1855441734
3243061852
340778130
2997594856
522959188
2193369275
329734938
631871677
3774869237
2955824594
3298417355
180292472
1280074472
247244956
2767253008
2923057528
21142185
87710468
532183570
108275802
382664185
2328719825
2629714365
120042562
3375522586
83608686
379097236
1901323909
3369491637
277020321
2772891320
3236377942
97347981
2175121
27955127
3784795349
4066856710
2729272180
185571442
62491943
243844043
3309851656
3227267977
2793676529
3320664202
168234359
867615080
726239378
262648904
29716398
3351270107
415205727
166318071
97049580
1242640646
321565690
17359696
199341923
3469394361
2815017335
434712778
468677496
3341145778
1862895271
2354584475
348939569
155659213
15332636
287834630
132171061
46343990
46403451
18055279
118739566
1262229906
286866672
538031518
7589572
54172382
471287735
83659623
1546789333
221000949
288925475
2221332539
94210183
3297852461
66631371
719896165
18731529
3234168233
468217692
454187532
713993413
108568373
3267770930
265902729
3253972716
68493522
3334422215
2469550955
3342672897
15539620
1071138144
1247888256
2933230270
384275518
493127463
499968955
219683269
393028587
366592246
344801362
111392659
359621966
2709190700
252753618
124189302
426738834
39360648
2734019385
44666880
40641597
185827887
303156247
79414131
265982289
363702976
989005591
285332860
214274939
155927976
619445869
35706371
224223563
31105334
8159472
140750163
195516975
230845588
22910295
558797310
789605024
121402638
142204481
139092348
384951307
740336334
104872280
183808663
1432977446
14573900
13348
183387449
1036654080
194506854
217408409
26850858
19230601
232532346
80404251
16824146
4030136141
627673190
213745334
29479000
187111762
2976135359
232793529
343627165
1470193969
831945828
167176831
499916895
2383934107
422297811
3054488332
2504660110
2698421834
2449205839
1183143674
227206128
1370961769
1270790202
38990369
91966685
279904928
33923443
60865434
2670512198
1484377178
366497898
3803738434
23309461
2488768159
2797405045
2264344255
2306052500
1918475090
407602346
51427676
2939406733
1598026315
311724491
528466207
332649842
3074629913
74493872
90836187
533515419
18040878
32339364
459514317
518905939
2866892542
382022683
357410833
2920280019
972912632
3125276463
224480336
104539488
22189773
244140425
42519612
704688805
158487331
1668551166
3022693029
2895755635
280260033
31409619
175743717
221919363
166988977
19081309
1721866614
288193005
331299431
2697984741
1280826056
142296497
3165976853
294738838
262180228
565446454
224170741
1588326548
1234736479
1674327518
2346605652
3355110005
24469324
2220717752
16827333
1673711005
2937304071
297964210
18118234
2765357423
376302246
2597736775
1083835615
2272668472
2469279171
23375688
1887219859
256764778
2865657185
2843752834
718738998
1276104912
3029926085
2965233441
405494757
3087275237
2335040792
773657605
425816138
131323158
1060759970
338351727
215690537
544907389
2233375945
2964677824
2982197385
2417381970
157454560
1555985580
581295784
209634437
2855774872
2893117864
230707969
79293791
141278444
348379865
2362991569
69629629
85603854
823452133
58708897
608371143
218779849
250738105
2274906063
24166202
749138906
2933146699
57895409
1639770008
2334591180
836529745
2980942533
2731954521
36714188
210808609
27724583
35360088
72660086
18548136
490346801
93236835
777755593
16671869
2495349939
82563701
312748346
567232015
20897273
929615586
3678524656
1044938989
478239096
1096742028
495329436
2725602119
1356127933
3151141011
115993127
3035151729
3148157435
115433848
148972023
573306984
365999930
3024368772
267751044
3727441456
129114952
3597319035
89699246
19551885
161871121
2428450316
44084633
95398297
2769706443
139897894
2398246608
574118100
550468021
326359913
29730065
63485337
14230524
15131310
21254264
17919972
300392950
91478624
16193578
624413
20710809
28785486
14677919
19562228
1434251
15846407
36782022
939091
21447363
586198217
43192807
90420314
14159148
136361303
27260086
23151437
1367531
49061402
15485441
30313925
5162861
26589987
23544596
17629860
109702885
30973
807095
759251
23083404
19927627
427475002
8161232
10671602
6480682
436266454
16228398
30278532
24742040
