56304605
19929890
24705126
336611577
3171712086
2202415878
4022481561
4112431991
2219378120
4117606689
2949678940
4134001152
2941676047
4086822407
143409075
103069320
143087645
16067908
2905634626
2822116658
3342522346
54829997
71201743
135421739
101311381
277434037
44588485
18681139
183230911
241662304
2811341382
1492538024
97865628
132385468
25053299
18839785
68977380
405427035
19397785
115622213
20562637
58777972
88856792
19895282
3108351
101695592
95023423
145125358
67358777
116677732
76294950
155659213
468479147
108252113
134758540
39743812
118024094
4040793622
37034483
5988062
19407053
14677919
91478624
21254264
436266454
25365536
48410093
300392950
222953824
15693493
23083404
8161232
26589987
17919972
21447363
268414482
19562228
621523
759251
1367531
14159148
1434251
14230524
14075928
7744592
807095
1337785291
23375688
427475002
30313925
