3432912792
297704320
46345843
19644592
27466653
19336016
17159211
21316653
44874400
539094773
23375688
20632700
33013034
23579243
17696167
86052648
108568373
109705251
111628028
155642429
28886982
20039389
19664647
277983398
17753033
380399508
20015311
160926944
215952307
331311644
84279963
86664924
739784130
47583067
31080039
44101412
636302247
18625669
527526077
262881419
132845498
34507480
36008570
176486829
7376892
18953259
24086418
14353392
20508222
45831321
14677919
20780902
17919972
19818494
80856438
221122127
56783491
155927976
543513093
158314798
72235760
2831772689
26565946
19743731
105119490
424403879
386654472
209004862
17336417
265902729
268414482
17020962
90221278
19562228
403245020
250090860
166767883
15439395
79650494
17386885
95023423
181561712
79293791
19982092
17174309
23151437
87818409
15253147
278103138
133624169
334565594
66985184
17336372
162357447
471287735
27195114
49573859
171404842
2526786750
21111883
10228272
216299334
27260086
109080285
42519612
16998020
2327625956
1102449241
110365072
285332860
219240315
155659213
32453930
21447363
14857290
18863815
153403071
19230601
173195708
22917508
14230524
21433995
264107729
95465386
1337785291
44409004
384951307
70968175
20565284
343627165
40078375
85452649
338084918
209708391
1903382054
