472967330
122453931
624896628
97537762
101311381
475140052
14353392
2299778198
298959564
88856792
14511951
883439197
145208083
99151317
6017542
18170896
1754641
16190898
3108351
24886025
956845177
18949452
146832501
19923144
127059347
84352985
972651
589921934
104141949
9959702
3227032867
450504440
94628304
81048495
197196149
452830010
1434798055
14173315
428333
1417829894
434071161
15110357
212162328
3475484833
130875982
443050342
15012486
2097571
742143
1320350810
5988062
1052586019
5402612
303535030
223080656
14360757
500704345
136932734
132385468
834911994
2721244452
2535647930
56650317
158297872
28985686
130159846
2308965641
1041453240
39927901
213539531
5695632
197588356
1344951
106681329
15218298
6480682
19927627
759251
16228398
30973
14159148
63485337
10671602
15846407
24742040
326359913
1367531
27260086
136361303
90420314
15485441
17919972
43192807
624413
20710809
36782022
14677919
5162861
30313925
1434251
436266454
91478624
28785486
29730065
300392950
23544596
17629860
15131310
49061402
427475002
19562228
23151437
30278532
21447363
23083404
109702885
21254264
586198217
807095
8161232
26589987
16193578
14230524
939091
