2325984198
17310915
20523846
16672510
614754689
176486829
92727851
1029142980
21661279
15995155
330205850
250090860
20321785
34655603
114946677
54203238
243662948
148386845
41329637
400051029
577401044
38142380
47319664
527526077
17386885
15687399
87818409
338237494
17336417
46345843
431362068
5988062
14677919
160926944
386654472
17753033
15317676
18807671
806133
108568373
17185109
807095
19982092
334565594
215952307
22906929
471287735
25311070
108390812
262881419
24885558
18953259
19818494
31892440
5225991
355994177
221122127
17020962
15253147
20508222
