565441416
3702119835
3853886445
3919236735
2224254585
3259382862
2937947207
4143765269
276595397
292377838
53338746
104249727
344779704
363972381
403255314
20054788
2367911
259435698
21133007
209708391
154280902
17216468
64090343
171682730
209003577
9695312
403246803
3311908124
21219827
27776098
439125710
85452649
264107729
403245020
2174680237
2670074030
158314798
104288093
128023009
321970500
50515656
40076725
21323673
176566242
84279963
872374136
379408088
105119490
56783491
739784130
380399508
181561712
19743731
21111883
79650494
2916305152
3410541004
27260086
2992396108
95023423
41814169
26565946
32959253
356743138
1339835893
300789811
323216653
14920785
17004618
3694875562
443215941
252479319
21982720
21701757
45892981
512613427
14800270
3404893095
23617610
37823344
14511951
268414482
116362700
115485051
38802447
576782861
1593695947
23818581
18228898
241382835
84358766
4898091
4019038277
51241574
170415494
1439360612
10228272
39364684
24606439
2835662000
425163981
23375688
25521487
236699098
34507480
14677919
3985568662
16303106
157140968
44039298
14293310
19777398
19397785
15492359
17696167
972651
30973
470849295
3793937357
3257792945
333935142
20322929
64770337
183165874
27698202
56101363
106837463
23151437
20763821
35936474
27860681
26589987
1053986646
15279429
18186487
33995409
813286
169686021
83855918
25979455
555188446
1379223859
25557388
412978054
578687327
50004938
742143
123528331
210561720
205302299
59777132
28221296
18479513
1449069661
16302242
890891
394031689
42519612
265902729
3298193210
201487534
4970411
185314895
36362259
3345908050
50393960
2097571
14700316
3391923203
17461978
927211399
1144935463
1330457336
32469566
108836623
1337785291
487118986
19426551
16824146
195717009
343627165
155659213
627673190
53853197
2557521
428333
16125042
1536791610
36670025
345954680
1093090866
4135242281
16403943
759251
3346955704
16672159
31080039
2966774301
14934818
55117855
5402612
950313240
53120768
19923144
74791999
28370738
14791162
20177423
2898685041
27195114
42562446
44657518
435297255
59949396
717442623
20346956
317370751
783214
25365536
1059194370
4126454386
42384760
953848772
79293791
27844479
415859364
35696091
5162861
23083404
300392950
136361303
91478624
5392522
15485441
10671602
17919972
24742040
1367531
23544596
43192807
427475002
109702885
586198217
26257166
90420314
30278532
19927627
5988062
49061402
66369181
293850289
3108351
29730065
14159148
15846407
326359913
28164096
807095
1652541
30313925
21447363
15693493
11348282
6480682
1434251
14230524
