3256079100
3908385132
3389689932
23136101
2961695343
2464740318
3153182400
3773379434
4120129275
3702995716
3304594184
4188219575
957843446
3077263425
508331102
4188343180
2467791
3282054835
4018984901
436292177
2706620070
14677919
2378163246
3233817140
3290781615
4021649112
2097571
2933139877
4151851667
3033875002
4049270052
4062023967
742143
2318358311
3886343362
3157917810
4158442348
3942378856
3680438549
3386716510
3754562479
2825447468
2450068612
4128077740
4003792693
4038276809
4077923631
4088852843
3249785299
4105668734
3604337837
3224586175
1061173904
3988692804
4011677593
4011565092
2957158072
4064169192
3191649636
2322446820
3223381200
2714598769
1652541
2646910328
15012486
4046523058
1557870422
3377597404
2868714526
3195922543
3012544788
1372962613
3065282779
2718857953
3290986505
4114382412
4099805603
2945297163
4092603436
14293310
453153427
3234540704
3143629696
317332994
66379182
3318160141
169340163
4011489855
3140101782
2653444114
3305869816
4155964038
2749752976
2434189119
4099716501
4043722812
4097074096
4133601137
2925178348
1285340672
3281861006
601566472
3295677797
3222605089
4105549092
71695824
3385999813
27676844
2731808319
3089564878
3101050434
3295643307
4081439177
3745741456
3306021903
3431775501
987477997
1004836129
443215941
428333
18132032
37683414
20322929
26053643
47720230
2214472333
3004231
19834403
40745276
94194183
14920785
31442497
236699098
115485051
19426551
813286
34507480
94129050
24166202
157140968
8936082
22450947
249254770
23617610
352947624
55338739
35936474
16581604
46598192
32959253
116362700
75974281
479727198
6576492
972651
45564482
3006445384
169686021
250884927
31442900
23314335
43425975
1339835893
1330457336
63497326
95023423
6017542
27778893
44196397
2189045483
79293791
15473958
16145875
14777215
15057943
810424
27195114
19923144
19546942
807095
238319766
91478624
22059385
12804422
23818581
51241574
2557521
16303106
30973
26565946
10228272
7614292
35664799
16548119
9917652
17469289
234097254
14780915
2735591
20962674
17471979
759251
43435902
23544596
21111883
5162861
265483421
63485337
24585498
14230524
30364057
10671602
436266454
586198217
3353566654
117652722
64488804
3303293865
18948541
25365536
21447363
6480682
23083404
205302299
26589987
25521487
90420314
15846407
15693493
268414482
26257166
17919972
31080039
15485441
300392950
27260086
1337785291
15279429
107146095
23375688
23151437
24742040
