14260960
92367751
43403618
208710603
14677919
27230158
19003664
139479827
92776305
23002923
28706024
18638090
62894963
22872643
205302299
19784831
21660529
1344951
26565946
126387479
474063127
19678937
14791162
45075781
51241574
21106414
15182145
63177215
54692326
16929349
6433472
14511951
7401202
303806325
47650483
24502450
811533451
218565801
759251
381729703
48100887
1465196582
21334326
55117855
184964515
742143
22048352
485182129
15933910
188494725
186154646
26053643
18173399
7014662
25375962
632687052
1198406491
14934818
19038934
41468683
72063872
27778893
54262769
19636948
18065266
15279429
3301308141
1465166731
22292529
17869655
19777398
8736882
203123011
382177545
319225490
328810158
12848262
14216661
17881732
21116266
18177126
4532891
329276626
384031846
71064895
701267743
15485441
30704824
807095
15846407
23544596
3108351
586198217
14159148
5162861
293850289
30278532
6480682
17919972
21447363
14230524
136361303
11348282
1367531
26257166
109702885
43192807
50393960
1652541
19397785
91478624
28164096
29730065
15693493
427475002
24742040
326359913
90420314
10671602
16228398
300392950
1434251
5988062
30313925
19927627
49061402
17461978
23083404
