480206732
389035250
1219571491
330381296
157428623
294972597
173517853
354667536
1495404954
2550673184
324288344
2846466874
2800265011
3767692872
1891194170
2167123026
2635780607
2771537409
67452438
3227444063
1058307212
1089744468
516591980
102219066
554605174
1485639019
980993600
14360757
369583954
1330457336
22128494
485138645
21910850
15253147
295705264
56783491
285332860
1209336942
50515656
32959253
808968480
178377718
17020962
46345843
91334232
36909693
57343275
580089228
348379865
19697415
2435209886
208490036
60054156
44874400
150246405
280430548
127903007
87472191
49585215
44084633
17753033
18064372
89700550
27778893
26565946
240663429
166739404
45842047
16264006
1245699895
236699098
8974532
132123068
15084853
85452649
68838777
14920785
21008866
105119490
2214472333
1886695302
143465341
807095
27678749
72568426
215952307
24929621
278778939
14515734
262881419
69615397
16409683
436182619
813286
111557626
108568373
210208506
18091904
16190898
17336417
158489580
1093090866
90430970
475826738
24886025
326359913
109702885
21111883
17074714
83876527
21447363
54730258
19927627
1683955386
1703320855
2792666665
268414482
14230524
53153263
16193578
95051964
141052723
15279429
170656421
23375688
421262685
136361303
17544803
17919972
27260086
178111058
262359713
141830933
1434251
176566242
17790667
86613184
427475002
2972963567
47459700
14677919
62513246
240056757
17019152
169686021
76256268
34507480
2892660335
