3288653781
31016249
21334326
2165305938
403110946
2570241335
18177126
420977597
17559395
41468683
8736882
133117332
7401202
15368554
20177423
268414482
128687379
79650494
1074876254
26053643
2280802944
50880408
10228272
126387479
19743731
10681662
221927068
74598234
6433472
715558266
19636948
296499306
21309617
2478925576
20261843
100196833
2907122900
261753464
3095317126
329276626
802545234
16303106
32469566
333969694
17881732
42704387
3323499017
1429752097
181561712
11178902
2788023293
100084743
330769720
3207792857
87512506
605295111
2525373051
3293199195
176314946
317990568
378891810
2330603500
105119490
2183170081
315002750
20773666
561358840
3312956693
86356439
214855834
35544970
248185704
3578800467
26565946
34934749
198614883
36947388
2882686683
59565164
3732547336
146948788
328756927
269824649
14260960
2381913929
116327725
2727454061
19777398
1375309262
10638782
29246171
329147728
173414849
3164108775
121290796
199049280
118748239
15836703
16442020
186154646
564705103
112193508
606559803
419185805
1164818244
27844479
54692326
17341706
19678937
2200566740
1430162875
2318859002
54791458
55594930
27260086
1434251
43192807
136361303
15485441
6480682
436266454
5162861
29730065
109702885
26589987
49061402
15131310
23151437
23083404
21254264
21447363
30278532
326359913
90420314
19927627
300392950
586198217
19562228
1367531
24742040
15846407
759251
30973
17919972
36782022
624413
14230524
10671602
427475002
23544596
8161232
28785486
63485337
14677919
16193578
807095
16228398
20710809
91478624
