988264968
20675372
30934541
2433528890
511402689
3897338836
3559642992
2941676047
43525582
2568018107
459269265
2898411076
18676177
377012621
1020504936
2434177123
31713682
20796069
1213842541
28103763
14237373
223194178
14332159
14114267
398624215
2332069942
222953824
27260086
7744592
939091
30973
47459700
136361303
21447363
25365536
17919972
1367531
807095
436266454
36782022
90420314
15846407
6480682
14677919
19927627
16193578
17629860
20710809
54730258
586198217
14230524
1434251
43192807
15131310
28785486
759251
49061402
23544596
23151437
15485441
14075928
326359913
427475002
28164096
29730065
30313925
109702885
19562228
14159148
31080039
23375688
30278532
17308994
