4193287582
2570971422
1494791550
2270827590
3855379817
1000791288
115489598
1367974088
3139436366
4178905587
3988904410
4196371763
4196166364
3006066593
3881151376
4250443032
3917827995
4089039874
1678315207
60050843
105296218
435525090
429570086
464139666
23961329
2427509178
3108457882
1323874736
50374439
133880286
311032328
374170012
483465121
2522329799
398238914
2429570119
456287115
367236321
2859040763
37153105
581994177
414215066
3347381716
4107440356
4166508321
911832462
2840412345
4226105233
4112153799
3891665668
1375860338
2495700853
4188754907
4160515696
3741164719
40274251
58778581
3133732777
3986866877
4124499213
4003315156
3908385132
2941676047
4111721337
2218614180
3314169023
3361587304
1894744428
4134316094
3312680293
2724752990
1042635932
70556043
281679534
616921558
304510126
386125006
383303812
850495224
225435738
2747904830
2186845891
489023542
167450148
355438857
73232961
274193761
240024017
1522409522
250252292
267871328
2369485844
402025460
67937381
275967242
993635568
1066086078
1288281991
64474577
436108742
223882014
2783087482
269587657
369764409
292042621
2413773087
1580852275
238773001
2790371149
2243045476
221336895
104610995
257199632
3319701658
351303261
767287663
400902199
1493878482
223596620
969401820
31559656
1584715232
204900544
167593442
2320308030
2758406642
1054541876
853272356
2601280602
1614059233
2397431078
529739202
865243664
311709774
3137897021
853027980
3285424776
494175519
1411380577
614782874
382461431
3308370610
259044010
745859635
28248076
70035818
418362380
288071529
437937042
40915216
1051623349
475315910
2166763255
256054106
2621054733
441285746
2418204420
426951343
1634111126
411112055
2216539409
32904973
443802049
23578046
1716956222
167714664
1662187832
272561314
1052853649
397906046
1280962200
2391296264
2513530110
1135877646
1611488114
2853334792
1514142204
3122763484
2615986188
1358257962
3232301403
2743563403
2331886743
2439857443
2887002118
1073330503
1163993420
2567240154
1618496964
2792891226
2586255218
1434667333
3043036335
184584255
3273145756
3253744349
2375771978
3047780634
2230347637
4074760997
3102607851
3312352323
3392500551
264107729
85452649
380399508
552907561
517316037
477919735
718959373
612924569
66392105
2726675603
2891278975
3758503992
2702178680
2890808598
3616532432
313087874
1088207396
163730859
310072711
439125710
2617763395
1591920720
403246803
3152982687
2610691316
532935978
3256742242
2272931298
1453734764
2332621710
2816276271
3261749307
1468937466
1914673897
1110712170
3054785761
2376429295
553317466
3886750582
595704280
858674641
219423495
2888646916
379408088
2246341620
14920785
20322929
17019152
17074714
169686021
21111883
268414482
23375688
113047940
1536791610
1339835893
7713202
1330457336
73181712
36042554
15764644
9624742
222953824
20182089
33514869
22685200
18812301
69181624
21982720
34713362
372575989
2467791
14293310
16129920
51241574
15224867
7744592
19407053
21323268
16581604
20402945
25073877
621523
144130505
21506437
336116660
44039298
30364057
25521487
115485051
18948541
15693493
14075928
50620668
73206956
26527812
148496087
14353392
25170188
27091468
21324258
27083523
293850289
28164096
15220473
17088779
16730355
86330674
17308994
3359851
7861312
8369072
21378183
56768257
175624200
24585498
48485771
19738805
64488804
117652722
59157393
86613184
83876527
24886025
17790667
17544803
62513246
54730258
17602896
20108560
1198406491
16312576
25589776
20196258
27457788
71876190
48410093
25365536
59624844
183734502
76256268
141052723
262359713
47459700
19546942
72598780
15279429
178111058
53153263
109702885
46296304
25460615
55117855
197598287
3303293865
3353566654
205302299
26585095
31080039
131948686
484815388
783763632
2181233851
145107843
130997057
107146095
265483421
98809456
1337785291
2971699060
1137279984
1380671683
972699319
278328390
24925573
3152223883
2450006162
3504343701
979586432
2905500868
26270913
39829513
1703636814
43392281
19418497
27189557
19683038
231335961
27199538
130939593
260909384
43658360
47635525
28066436
162749920
73058561
55749605
255199842
82775356
494422305
37534613
612792060
284345375
16212685
195450194
20346956
159113258
1059194370
132752344
35936474
132389474
35982046
50811932
42562446
474830737
2658281580
58233603
2685787206
264498030
1732082310
58834557
469616302
265554862
2535789126
383044849
264483998
228822613
2262165498
220843663
1138895118
281258276
338596872
60571908
42319776
109646364
56773228
130991061
105715305
31002036
67973271
314219767
30023371
274355165
24776235
2270753810
37344334
169243528
41259253
26642006
252709160
119199038
281766200
46233559
39133880
169740780
29979980
68792381
54480759
275400224
423781033
1665606356
499494637
366322025
71435985
597119761
23086378
23807048
25419402
21417710
33597201
199999865
29756339
262454289
109303622
21219827
234443392
3430537726
3529156702
1582917416
3929460677
3565583652
4024835473
3602362217
57422635
2369312762
55395258
1571858551
16577011
29383464
1163884807
3002112321
19564719
288920857
27737473
260430097
19923144
3571473081
401581385
2787047620
403255314
293457980
2977389162
1546034221
221799766
753572527
275690928
1032919886
164256266
3030616217
2861600585
2328877155
3238111617
250867224
2959113250
2913362619
1732776422
2911523455
740283324
358366777
592875535
542961086
625178544
1859917254
902757211
406360701
167351865
2608562995
296714031
483644702
385802378
3426793660
599751648
524352015
328948821
485852721
598056017
1074924516
569529720
174416608
614240082
764359069
225483296
1260533924
3924242296
1255162628
2966990657
891291492
16679251
3011782856
731263441
3138103914
268431343
2229702931
352931050
956559020
3103220751
445020480
309161833
2243506671
144262828
352338496
235344885
1705422776
537047549
112457675
568471208
426440143
3648024073
348354769
151558809
526657984
551805815
397400299
1694510576
1722994074
989242886
455264253
550802496
1264389950
990434610
44700124
112289040
591661900
591743479
367136122
2726349521
3233402826
176566242
209708391
158314798
84279963
105119490
188006067
181561712
2198059776
24886570
49239873
2301374520
3929449575
26589987
20710809
16193578
90420314
759251
326359913
30973
14159148
1367531
30278532
624413
24742040
427475002
28785486
10671602
8161232
136361303
21447363
91478624
17919972
300392950
5162861
436266454
15485441
27260086
6480682
23544596
1434251
14677919
19927627
807095
36782022
29730065
23083404
30313925
19562228
43192807
15131310
49061402
14230524
15846407
17629860
21254264
16228398
939091
586198217
63485337
23151437
