3850473149
378787466
3039759820
49677918
1536791610
55338739
75383185
51263592
116362700
28706024
95672144
16145875
157140968
23314335
14920785
50725573
34713362
15723732
66379182
169686021
7614292
45266183
35936474
30031547
3140968790
270597629
29840295
42519612
14777215
17057271
184910040
14123683
43435902
6576492
972651
155659213
268439864
16548119
18479513
759251
17469289
45564482
1330457336
352947624
1339835893
6017542
14075928
813286
22059385
91478624
19329393
20962674
50393960
27195114
1352079528
15057943
810424
19397785
43425975
25521487
21586418
742143
37683414
94129050
16581604
23617610
23818581
32959253
19923144
12804422
24886025
236699098
9917652
34507480
35664799
30313925
77888423
19426551
30973
1093090866
19546942
3069841619
250884927
89699536
26565946
95023423
21982720
16303106
2467791
20609518
19834403
46598192
52422878
115485051
2557521
20322929
94194183
20346956
10228272
79293791
2735591
8936082
3140468278
5988062
5402612
14677919
102773464
783214
46696817
3108351
26589987
300392950
14230524
427475002
62513246
23544596
5392522
268414482
265483421
26257166
30278532
1337785291
1367531
17544803
1434251
20177423
178111058
1652541
293850289
27260086
19927627
23151437
90420314
15485441
109702885
16145224
586198217
47459700
23375688
205302299
21447363
326359913
6480682
25365536
28164096
436266454
15846407
136361303
807095
3353566654
428333
23083404
17919972
148496087
14353392
31080039
