446172529
1320350810
438694340
441747963
492573124
267463438
481156800
2358945534
298959564
102355805
2432070745
957172818
1894789796
54610518
44366025
25412522
101916719
33179338
218975278
1962726644
463632538
18780567
130159846
68352914
139118162
22127823
2420020489
113286385
244619342
255117773
2507863381
131763362
1208631468
146832501
445369611
586857455
497658491
453507741
74265849
80330381
84352985
233070139
56631494
1133920393
339040963
122453931
2455798029
1910398267
1557914258
2316938455
1391248015
1491244290
26565946
3258722611
198573249
3069673297
1052586019
2188857001
2180218208
1568874804
1041453240
19927627
222953824
15485441
436266454
427475002
25073877
26589987
23083404
49061402
624413
28785486
15846407
1367531
326359913
7744592
1337785291
17308994
8161232
16193578
16228398
6480682
43192807
19562228
14677919
17629860
23151437
14159148
300392950
90420314
54730258
939091
30313925
21254264
91478624
1434251
136361303
29730065
759251
807095
25365536
36782022
109702885
14075928
47459700
