3817752988
4226105233
1681191271
2169011502
3897338836
3891665668
3741164719
4189363594
2941676047
3361587304
23136101
70556043
3855379817
2822155476
2570971422
4242697453
2760953392
3104908977
3045934393
537373740
2822036658
3145255484
3433355715
751673996
1189275356
3552417258
4112738482
3166637346
3707426234
2960034146
4177865787
378527434
2155655218
3304594184
4142400735
3077263425
760120016
4187969680
4025789187
2476054787
2950904406
824529044
1572345086
3227631985
4179676109
2998881588
2706577326
3253873128
2512223054
3988368552
3854960115
4126060636
4173179597
4187629846
1838110639
276582035
4187758949
4234493899
4187833756
4187806216
2977277627
4187018902
4187672117
4236651253
3010000942
4187687919
4187745875
3231330631
4236783494
4187888962
4187952616
4187811873
4187907142
4187873141
4187941594
4178920462
4236832399
4187919861
4187510259
4187892881
4187875900
4173051213
4187901467
4187619081
3075480945
4187895287
463262485
4142647932
4187924555
606923017
4188100222
2802701158
4187283489
4185795941
4237075393
4188156382
4188139283
4237018092
4237050432
2694113706
3963978437
2906539564
4187894441
4173377002
4237277593
4143422015
4225932740
4188069563
447008261
3153179380
292676186
4188266171
4187293402
2914650876
4049704036
573977679
552662441
3495948315
3775500973
3958311255
4123293919
813286
14824849
23573083
184910040
74426783
224974174
269419936
16409683
250371316
136002930
53079556
19397785
55317338
229598347
163146010
19329393
428333
972651
243711009
235119498
26565946
23375688
175899788
20536157
67418441
70006375
121410301
16190898
230669478
134414073
3004231
167882814
249610058
36947388
223444453
5536782
219255067
35094637
10228272
1218699548
292806414
22940219
251679509
25489250
45782749
119509520
148711787
63296944
280575151
17461978
485509607
25053299
25365536
223062695
158693932
225376483
153841889
1877640452
145948405
50374439
14922225
28706024
15492359
242245578
51386840
255455212
24019308
115485051
515150243
557356167
45266183
150230224
186101324
60815232
18220175
268439864
55334208
30309979
166739404
171826241
275558381
175883705
226639958
72937501
79293791
14075928
59804598
129518457
15687962
153188154
65638658
19058681
491229856
49263332
18091904
70457507
24929621
15234657
195321136
43192807
49061402
24742040
91478624
14230524
109702885
23151437
15846407
29730065
16193578
28785486
23083404
1434251
90420314
30313925
30278532
21447363
939091
15485441
5162861
807095
27260086
26589987
326359913
30973
19927627
17919972
427475002
14677919
586198217
14159148
15131310
300392950
1367531
20710809
10671602
6480682
17629860
63485337
436266454
759251
8161232
36782022
23544596
19562228
21254264
136361303
624413
16228398
