14845376
217543151
88784440
237348797
22509548
18891923
5561412
5357812
7713202
18916432
733751245
50055701
58379000
18906561
17078632
15416505
113047940
65691824
90386169
3424368129
778645824
56413858
1367531
110445334
1074480192
15745368
23022687
1180379185
32959253
18949452
10228272
22970986
13784642
46696817
19546277
11178902
14677919
15898172
87818409
25365536
28140646
813286
312901417
807095
428333
239819612
624413
427475002
5988062
86613184
15007149
25073877
1434251
19834403
2233154425
3108351
1330457336
1093090866
336116660
19407053
325830217
19397785
15693493
19927627
21323268
66369181
9624742
30364057
76348185
25521487
36042554
17544803
30313925
16581604
16228398
62513246
91478624
14159148
