4195402846
28164096
26589987
2595441671
2579896074
1924592558
3600849442
1602774428
2202467317
2208113484
2349377646
2259226776
1706683794
403153371
2526986532
2167130656
2299363435
2508248402
550491371
2662158304
2202285056
2746800238
16004319
2782597911
3085314196
532117226
2335554944
2986963544
419945190
2352946681
2882015181
1293295142
2331634880
2766623973
2865517050
2335272702
2949395641
969397178
1559709230
2278223908
2957984020
2459032225
2541229083
1853886884
75212878
2998982039
2708543083
725528628
3280809035
2774016051
95391232
2735643380
1082055091
97871045
1342956600
2398472898
2274019754
199121038
2592745263
2173081933
2397294710
294631194
2767785548
2337683341
1617071592
293943867
2746060177
162422415
1188572786
2308846424
2941823889
1566086630
590558912
2276853221
733001533
2477385606
273231703
2924734669
90119994
1918982046
1730538366
283430401
1961945538
2157856515
2518918868
230224675
2189549000
1048941073
2480530923
405667557
162636904
2344609945
2212937469
2465333264
291960419
302230454
3952270400
441747963
492573124
355307031
85452649
453507741
136932734
6017542
9695312
127059347
55117855
452830010
268414482
14506253
62030459
54610518
104249727
903495284
1052586019
615983648
18009781
130159846
268420958
127483019
97537762
19058681
210792232
94628304
100220864
238319766
562381032
434071161
20565284
19329393
457554412
28201743
28706024
340613443
153694176
31080039
88856792
298959564
101311381
303535030
16190898
1198406491
104141949
102355805
81048495
47285504
223080656
71876190
125944392
122453931
169686021
88749392
577459091
26565946
14780915
27022632
23497233
26053643
1339835893
39927901
286042531
39706174
304596131
256556724
339040963
14824849
27260086
66561957
9959702
481156800
450504440
79293791
300162606
44409004
28985686
30364057
3320846882
213539531
624896628
505196587
16409683
145125358
84352985
589921934
56650317
21111883
89898430
23737582
59949396
2367911
25365536
84279963
27195114
1041453240
3108351
132385468
49573859
166739404
15485441
1320350810
21447363
436266454
624413
21254264
17919972
28785486
326359913
30313925
19562228
10671602
29730065
8161232
91478624
17629860
6480682
1434251
15131310
300392950
49061402
14230524
23544596
15846407
24742040
30973
16228398
43192807
14159148
14677919
939091
20710809
1367531
136361303
16193578
427475002
586198217
23083404
90420314
759251
807095
5162861
