142994039
941428274
596483757
621051680
1053332022
771760141
1013110382
1222030910
1415858036
1091950729
57702973
478891116
2577272468
11178902
2288420767
274069387
2950887141
2972541741
856199390
75265012
17092592
901996615
140832953
134787867
841241245
253112960
1615547011
791285971
357429917
14978316
5162861
17308994
175624200
1434251
15131310
807095
28785486
1625961542
14677919
293850289
113124744
622151566
109702885
21324258
169686021
3385236970
27083523
16730355
29730065
14075928
36782022
17544803
28164096
3377633637
63485337
190680723
51241574
86330674
15485441
23375688
10671602
951834577
178111058
759251
30973
27260086
15693493
912337482
41785815
2346207245
