256881576
813286
92670884
100220864
63263205
55117855
15846407
23617610
10228272
44409004
19397785
50393960
16193578
23083404
28785486
15485441
26589987
47459700
1434251
326359913
21447363
36782022
21254264
27260086
28164096
90420314
54730258
759251
265483421
14230524
1367531
43192807
136361303
17919972
6480682
268414482
14075928
300392950
19562228
30278532
807095
293850289
20710809
17544803
427475002
15224867
30973
15131310
19927627
17308994
23375688
53153263
15693493
1337785291
14677919
109702885
7744592
29730065
86330674
49061402
