203249625
19007346
383703515
2414709972
385704361
925898222
14677919
21447363
2733277311
47459700
25589776
23151437
54730258
2507037270
628730543
16824146
15846407
23375688
26585095
166602549
83876527
1939897662
3303293865
224786555
141052723
25365536
3145420455
86512212
2538718677
109702885
27260086
27457788
1648828261
197598287
21254264
17544803
483955914
16193578
268414482
428967236
3353566654
4079320893
24886025
48410093
39553219
436266454
17919972
136361303
300392950
20196258
1059194370
23544596
2725783258
205302299
2300051849
1337785291
445568843
26589987
90420314
178111058
53153263
420452969
265483421
28785486
130997057
17790667
19927627
262359713
3236566391
21111883
