201704851
543290062
50265461
2267495873
561026420
154823974
135410309
544542838
560403377
115400964
342243679
2323768079
3100361572
133223825
348399963
33403290
125092524
186613457
121162178
101878289
17506089
64461771
86508475
56869426
109347321
47475621
38515708
36117822
462115761
3718229835
4064084537
3808438402
2699103476
2591992506
2949678940
3370804485
4134744492
4011431975
2543029193
2985856113
412022338
2529800118
2219330412
4185956207
2941676047
1134132660
2328654094
203619713
30414789
292261938
301309392
2944127863
46335511
215682070
41919896
24688162
14697575
203514699
1875255774
3115066527
2360501730
2557521
12
14075928
157140968
26257166
19426551
15492359
34507480
23083404
268414482
25521487
169686021
16303106
26589987
35936474
30973
116362700
23375688
27195114
30313925
21982720
14293310
171916222
14511951
14677919
95023423
23617610
17004618
17006157
115485051
759251
816653
89513645
11178902
71256932
7744592
3198202404
19923144
20322929
14920785
17919972
813286
2467791
32959253
428333
41605989
23151437
15485441
90420314
15846407
35773039
10228272
236699098
1877831
972651
1652541
7905122
1903382054
14230524
4898091
136361303
21744554
27844479
16193578
70968175
20622594
21447363
1440641
18055737
14399483
155659213
40078375
32453930
44409004
5225991
17481977
14700117
14224719
5402612
110365072
6467332
16913418
15308478
265902729
219240315
612473
173195708
27260086
85626267
36042554
2327625956
22001973
5988062
22009731
15820664
22917508
427475002
35749264
86925202
