4120243894
1127115420
3619947136
3048561684
1436002800
16858228
2639169817
1055283522
1205444533
2431895794
1859778216
306284597
2462612689
164845383
146195856
366144108
73913518
38636594
1254869198
147152167
231121383
280846714
2875454231
1570600711
184506703
3091386399
3093934058
1643296662
521117901
910091264
88995205
3652152676
847010766
1481663862
3580527856
3387530469
3921829395
3852207975
3403046813
4030424237
4032165743
4031485288
3294995985
2304034612
4025426915
4032245609
4023843797
4032888693
4034049088
4026478041
4033764617
2458167747
4027037849
4035241216
4023945273
4037031616
3152363327
3685276876
4036784175
4039123486
4034140816
496316477
4025401107
4040332779
4011114262
4041170357
4041000256
4045200555
4045816522
4045565237
2579076966
4047640835
4041304342
3852308153
3301936731
1868310822
4048459341
1129245594
4033136697
2599828591
2891277045
4054907903
4055107883
1610596057
4048968442
4055545595
4042808061
4009654403
2205360701
4059002237
4026553955
4061662815
4062350307
2502659637
1305540134
4049253982
4062560092
4067839288
3948852861
3840964169
4062432022
4038306681
3652360817
4070199855
3552763578
4060879139
388290138
2996658999
4071562463
3025117006
4078043915
4080765406
4074889815
2532098732
4066549517
4084727123
4085367142
3988357120
3309320103
4085358437
4085400371
309294235
4089171802
4089040119
4090303948
4083902956
4090681000
4090858295
3845469089
4090651768
4090022189
4092214468
4091529029
4092769689
4095817540
635334000
4096894101
4097118178
4090109127
4099912654
3399170668
4099918474
4074139756
3842896102
4106262755
4026421703
4106634622
4106893335
4106248743
4106967141
4107002493
4107797607
4105400596
4086026483
4108784877
4110521236
4111537060
3360086733
4112809174
4113073209
4113433529
4113250995
350744109
4113413775
4113660489
3954916401
4113795147
4019970076
4104982881
4114048288
4063061255
3101171595
2969964111
4119787162
2624789001
3317581841
3558196582
4120358356
4121451676
1591725199
3711566423
1031560898
4126814429
4126669877
3295481049
2378627580
3396867351
4128692135
4120235241
4128842956
4129720877
2907598719
4130205622
4130846847
3235210077
3338691340
4133177897
4130098600
4134450832
3176265934
4099619729
4134404055
3304019231
3422118599
4137404434
4096841241
4149792314
4141297822
4141438935
4142022035
603562575
2242291750
3704633548
4143864375
4144235158
3710978955
4144176898
4144525036
2367717549
4097109525
4145149757
4150392987
4149978971
4151258517
2349313185
4163622493
4136124921
4144630217
4157092157
3740429675
4149240850
3399954988
3872140467
3032815420
333042103
3254627866
4165189637
4159124177
3620109377
2201341188
4130409075
4174933041
4141922355
893927552
4053208953
4177718535
3052054995
809271277
4228992014
4155839405
4185364983
4143887548
4142623096
3172431794
2535002437
2927021870
3192702483
519918097
3205950748
3212892125
3220629387
454863695
332335377
3039379527
2861306566
3231038002
3233582171
2329733303
23469939
3119726108
372733063
371181947
596682078
3230043898
2952771244
3261832816
3213972283
2455568151
1451056526
2958308591
349650768
2246203168
2303856949
2426799180
1128207786
979248264
245271957
354167148
2849966469
3263419601
3295475399
3135304186
1563292076
2826477855
3233950003
1591899336
3304487187
3145151242
3298328201
3289745296
3312193456
3311704198
3312994085
3313424536
3312193923
3315425069
2901982769
3222575185
3258122249
164741144
2736239290
962674999
3316730607
3133191987
3348052048
211454926
3353208910
3354007785
3351965841
124713656
475100353
84586951
3352931327
2932593562
211953676
3247624592
3364146124
3351175937
3357767290
2617100689
3365892831
3370891138
3273823933
3370719515
2969702835
2875169590
3375916133
2593767277
483200355
3374360206
3194795891
3385602011
3353945452
3385728789
1439100685
3387799467
636145600
3293311262
498693248
3394286847
372713318
3397634104
3313441157
2939279314
1737608994
2468920609
2480315534
67780816
3258048238
3440027417
3438849035
106378646
3350409269
3449292496
545440008
3491974936
2911650233
2927316375
3535597397
20585566
3509739557
612834616
88912664
2758710745
2944236274
3461808623
3558696375
3451254375
3604074496
3433228750
3620503402
3368970729
3667256903
3646846037
3673745355
3668307075
3617769259
474455582
3674502975
3175136902
1148316230
1112134260
3785502017
3758927536
3566521047
331575521
3775025723
3312095146
3813658348
2608200164
572932520
3764368575
29029088
1001548093
3845367315
3842592713
3874346729
333390684
3874834654
3409124567
1262272388
3891864675
3442761137
3259424057
753344113
3304771623
111927057
279660263
3939527638
3722629157
2482355275
3974055285
4018705366
4033279245
4060418422
4060604296
4082802982
4067872241
4076341419
806860664
4098851674
3939231117
4120193781
4105435583
4138127170
739293
4133331016
180433202
1349543460
145279120
21390890
3033515464
2451567420
3950163149
3029860464
946548542
2472955374
2433892423
2682497401
2762385494
123888893
1167749850
295670747
1051890974
2868109110
2939081093
2973348190
3051931787
35112058
1109609922
1876816687
2717958793
3033059080
2917290228
3041388845
3051301228
3034508208
2154366305
3051064438
283042009
2978723025
3045225617
1289556463
2956461879
3034450046
3048352131
3024309584
2788768831
1101085940
471772542
3034361274
3061562055
2409436686
1585766156
2384032098
2264600768
3056300769
3044709211
3039429713
3000477176
2578540239
226382963
2971778289
3001185723
1112462120
3102094671
2431637003
74738525
80182247
2825861751
438693325
2985548169
621112914
983290280
3151024918
2334982830
3033235369
210271324
3177689619
3195268737
3011954127
1142469421
3064931135
3051011929
3220550351
3225997287
463219152
3044578582
3021955797
2395628162
3378498680
3703643236
1975949324
2406269639
1596189792
1575039222
1495081328
3540528555
3676616063
3596660475
2180465200
418876123
3405775917
2875646089
3335221390
3439074101
2805614276
324576268
3091735360
2447299789
2972073885
3523228461
2949784306
3862282575
3196267407
2873953413
2329322670
3622921227
3373966727
3937634913
3825492616
3553794023
708976454
3533442436
3211299039
1550125267
3372425927
4027398347
4107094583
3504760307
4114397249
2801715201
4126565651
2494770968
4042358194
2759855956
4081186215
4097202358
2433598156
4091273476
3973352182
4038811719
2418793430
20527627
3438704452
888251107
4062257129
3947640615
4051500783
3577030703
4120492521
4151194852
3322711965
3000600616
4126917189
4069011357
4155955545
4022305695
4122162015
2302818764
4031888253
4150687541
4075381702
281669642
4144455323
4164126801
3220759049
4109301495
4091710919
3356269534
4172598029
4067732963
451177090
4068404542
1864898420
3402939549
3313202632
4165425508
3234084656
4083443451
2797579819
2952107050
4185537383
4185858083
408301470
2784257280
4186616578
4178982568
4187013682
4186772319
4187014169
507129601
4187049143
4235685613
4235795558
3161719564
4187509175
2160503618
4187740011
4187630859
4188081376
4188167217
4188285795
4188812783
4156235771
4156290161
4156372876
4156578736
1116623616
4156561240
4156712945
4156670991
4156702703
4156938809
800439427
3006449890
4157233534
4157018717
4151610855
863396604
4106530161
4157868256
4157880340
4157776401
4157985557
4158348550
4017281699
4158406635
4158480323
4158814282
4063533076
4158550385
4158885323
4155613575
4158931312
4159341855
4158988288
4158803871
4159464419
4159483589
4017664905
4160573175
3369578774
4159744577
2447132655
4162117115
4162868375
4163375793
4163392228
4163211375
4163726573
4163692215
4163801902
4163856555
4163826387
4163869817
4164354616
4164355222
4164384323
4164342921
4150205295
4164435815
4164620301
4164744562
4164785908
4164626235
2218350953
4165133224
2867274035
4165318217
4165267462
4165089321
4165317743
4165049945
4165501485
4165671927
4165743076
4165710502
4165711997
4165647363
4165714335
4165767615
4165822191
3176347216
4166029522
4165943319
4165963191
4166451634
4165993995
4166115472
4166747254
4166612475
4166501422
96328262
4166695581
4166833822
4168013735
4167514221
4167513418
4169177067
4169451377
4169544256
4158345749
4169799555
4169435481
4170352937
4170775924
4170958337
4152233423
4171504690
4171416256
4171559375
3236323273
4171810661
4172063967
4172097268
4172047714
4172242973
4172315391
4166662785
4172921993
4172883706
4172773108
4172937501
4163404875
4173186436
4173342736
4173306802
4058467574
4173473687
4167307354
4173558323
407002027
4173496433
4150424302
4173213682
2692284510
850751431
4173651473
4173851081
4160266216
3253755485
4173957929
4174116376
957080486
4174122081
4174504582
4173095597
4173949498
4174422263
2735369619
4160078009
4175093182
482713335
4174765186
4174910230
4175129669
4175143036
4174285541
3851511741
618187715
4177450527
4177627288
4177593633
4178051188
4177941257
4177912097
4178160394
4178074233
4178168957
4178745748
4171403416
4178394580
4178735327
4157802861
4178890234
4179178835
4179049043
4179016318
4179185691
3092716123
4179313527
4179597515
4179500537
4179687082
4179588981
4179688727
4179780496
1593241238
4179969202
4180227021
4180296076
4055087993
4180556716
4180662562
4180750223
4180757074
4180587183
2891241116
4038085799
1488226213
4181201535
4181135343
4181215462
4181580406
4181446983
4181530731
4181632319
4181631093
2725221227
4181842215
4228020193
584908354
4181860115
3590691875
4227960498
4228064714
4181899461
4228054154
4182098417
4182186982
4228131852
4228569914
4182264347
219544799
4182260175
4228566198
4182354357
4228843274
4229060354
4182782782
4183339875
4182686715
4183959875
4184150537
4184429236
4184546261
4184519854
4184460202
4184610629
4184635379
4184649119
4229205025
4122121641
4228899918
4184931796
4184967801
4185042454
4185557973
4185518865
4185361059
4185603861
4185624927
4185759736
4185869723
4185663015
4186164442
4186173154
4186139175
4186314934
4186231403
2569110176
4186500303
4186581503
4186729653
4186651324
4186648949
4186719567
4186840756
4186897492
127241416
4186785447
2932172962
4187027561
4128567315
4235899754
4235830513
4187164528
4187107935
4187413882
4187712208
4187893816
4187847508
4187711543
4187864937
4186277015
4187999123
4188045431
4181057387
4188094215
4188384382
4188393495
4188447027
4188601456
1109209099
4188541359
4188703822
3123324227
4188653781
4188664433
4188816598
4188713967
4013419900
140216725
282591680
373323754
251688525
14677919
25365536
17629860
33791476
34747631
90420314
31080039
109702885
54730258
29730065
300392950
17308994
310353917
19562228
807095
23151437
28785486
16193578
30973
498663728
131167692
273410176
391272937
20710809
1193749242
26589987
27725199
17919972
82853454
91478624
23083404
1434251
16228398
586198217
14075928
117652722
939091
30313925
21447363
5162861
