320790905
29734447
290663751
634926870
256395301
223419233
2320942224
46354706
69369767
330885535
76330365
295605452
69273158
66628707
299880807
540829281
329902998
180821548
41084885
40188478
214423181
56958516
23737250
859322516
370597968
272243532
1462725421
498560777
1900016467
259791236
306072915
239823191
27147170
4193062401
615409829
2348103798
263594307
236103149
93619360
821081293
268414482
16190898
26892157
157140968
101928415
23613479
27989078
23617610
32959253
79974345
305574843
326097920
1914619908
416183697
546913101
151375195
1719494202
459029745
1107930138
21968079
25805906
2243850992
1247722831
253043533
499184922
129241241
56721849
226139693
284027188
86164797
76594621
2731533127
284997590
67047017
28089461
162798835
64967731
79596159
320316357
51759222
61807562
39520708
886855934
18667838
20543889
177915247
74507957
350370210
280879531
18493366
333935142
252479319
288311590
25985333
117685967
115141256
92731878
138708473
96399121
44116121
3004231
25979455
70394965
147561402
218794176
237189703
38671739
17696167
21303464
183165874
24606439
88749392
95226185
19562228
17629860
23151437
14677919
27260086
25365536
1337785291
17308994
28164096
36782022
63485337
91478624
90420314
10671602
6480682
624413
466680439
30973
7744592
586198217
427475002
222953824
28785486
8161232
407502396
3308055823
30313925
43192807
257059089
585372692
17919972
129480681
939091
24727465
24742040
25073877
16712223
31080039
