918085825
1629884274
1448292338
2152236177
523005874
2626582797
1266848089
569781633
1274701662
1030124046
1443639848
2810683854
3295549426
350141879
1719149316
312204382
91591630
2909794044
3064441363
2333937582
20362684
260760660
3291441743
3573616996
3154219234
1688968752
2583889045
398593054
16437955
341949552
16016427
4199235973
524193350
9532402
51241574
2187820860
14246001
5336752
326255267
59081200
16076032
15485441
56302272
245243568
2357574121
163082968
44335525
742143
23573083
98310564
21316253
38143799
118629205
14515799
759251
826134104
34713362
18424289
2467791
512305837
219255067
251826832
14677919
47301285
71994142
87063281
44039298
399950726
25365536
113603164
14529929
3303720690
148711787
32751684
408338751
37599685
61507091
21768766
482808822
20583993
20578408
25628242
134657984
3192025905
2884771
175883705
18772897
14090948
2525371758
246677188
43032508
874916178
71048726
65356637
5943622
755946470
137357687
106710681
145125358
20972121
471010707
1263292416
199274986
114251189
63701775
5402612
189180763
612473
48100887
25496300
50548818
562709681
2097571
16125224
446821067
242245578
611109758
5988062
136002930
252531143
423656000
13524182
5695632
193194851
41814169
281468209
21855785
3254716050
186712788
101311381
14293310
3108351
59145948
14849562
1652541
15224867
428333
807095
972651
1367531
2517988075
110445334
18622869
5392522
16129920
