264107729
128023009
95465386
209994211
34507480
14172201
18128265
27091468
427475002
621523
17544803
293850289
27083523
64488804
24585498
1434251
24886025
1367531
117652722
20402945
5162861
21324258
15131310
63485337
28785486
14677919
17074714
19407053
16129920
7744592
175624200
2467791
10671602
20710809
19738805
19927627
17019152
83876527
30278532
56768257
54730258
62513246
38110756
338084918
26589987
28208983
19248106
85603854
35094637
268439864
28706024
783214
184910040
30313925
14230524
100220864
56377143
53153263
44409004
813286
26565946
16409683
21447363
79293791
10228272
14293310
807095
742143
101928415
428333
236699098
759251
23613479
157140968
25365536
23617610
90420314
32959253
19397785
104288093
141664648
104249727
23375688
56783491
17919972
27260086
21111883
268414482
1431218611
