2524169334
3633911953
2766809143
2426812423
3905549543
1402890728
1911398136
1040345384
96298689
2421629858
22987610
21702363
123417458
37514167
2821135396
122530604
443215941
68838777
255388236
274119641
23482952
45266183
166739404
2174680237
25589776
3187023114
2691449035
153694176
28785486
14222518
18091904
155705264
2670074030
53153263
14173315
238319766
25537064
149590738
321970500
17093617
20177423
9695312
56783491
104288093
51241574
2653078254
492399548
1652541
104249727
14511951
1344951
21111883
14159148
91478624
216289357
3108351
176566242
2879096756
66591836
972651
2465846750
2509637090
28706024
46636018
783214
196795202
2367911
742143
5988062
17471979
403964954
65992743
46744791
14677919
14293310
85603854
6017542
85452649
4898091
458301345
2547872748
326359913
252992709
16409683
2456025619
761149154
95023423
259162548
742588892
17919972
471771700
445457838
407174134
759251
16303106
348378205
564546676
170822032
268414482
346437678
163082968
413744416
227944601
594541873
2467791
608467028
245243568
221314219
35936474
327601023
23151437
1086973130
23083404
1072915220
115485051
553572500
245236868
393433404
383112039
30973
780418405
244228083
369911537
20322929
10228272
474886468
1321331874
27195114
1175096724
21447363
15485441
42038084
23617610
19923144
375890746
79293791
2560810790
2557521
377247652
14920785
148711787
25521487
755946470
52005401
236699098
116362700
25041618
23375688
428333
243759553
34507480
109087375
354254925
429198266
90420314
807095
513278841
25365536
32959253
377202785
26565946
26257166
1244602586
19426551
27260086
311804069
14230524
305449582
1341775814
210589642
98388319
813286
51354433
20415906
297573176
513738564
15846407
157140968
1604107964
169686021
398593054
341949552
15997770
785512916
16437955
56631494
1640080442
59081200
423656000
1512465666
278108574
65356637
379243126
242245578
446821067
909035245
1506098094
1246062692
463394049
2408881975
786241032
2537317782
19895282
3095865499
20578408
562709681
300758768
1320191689
219255067
135421739
865353781
281088631
145125358
23573083
175883705
50548818
512305837
399950726
57928790
471010707
132385468
47301285
2776057084
630347012
88856792
51376979
146272361
251826832
114251189
475301892
44335525
20972121
3308685847
2357574121
408338751
31348594
2988860696
862121456
393328148
524193350
5402612
93080678
71201743
471741741
136002930
106317808
233651271
1626618560
125796323
611109758
106710681
21078655
2994833939
50393960
18839785
113419517
56302272
37599685
345573753
18681139
1343438832
482808822
101695592
226667427
101311381
477037670
118629205
63701775
18860860
373911698
87170183
20510539
614677467
263047827
2850903175
3138807332
74808755
193194851
234059016
2548435469
3309435636
186712788
97865628
25628242
