122453931
50393960
132493630
428333
317370751
51241574
36719281
19923144
2314055357
19790013
505196587
33995409
1320350810
1059194370
589921934
304596131
434071161
9959702
286042531
2151787854
101311381
27091468
97537762
94628304
2776917840
903495284
3396267663
253199980
210792232
436778619
81048495
2304914658
339040963
54042904
127483019
755002512
50811932
2966774301
1330457336
109828427
452830010
19058681
189267391
298959564
453507741
268420958
2923766415
3301446296
3003816321
62030459
303535030
42384760
2372164754
2559927866
42562446
88856792
132385468
1041453240
35664799
1536791610
450504440
346658419
213539531
127059347
28985686
136932734
16125042
391692889
624896628
1052586019
481156800
17093617
3344391387
1071971844
2585911237
54610518
248900032
3108351
3229543284
16302242
156207776
1245840830
370921974
15485441
51263592
84352985
454435051
56650317
53853197
28164096
23083404
17544803
300392950
86330674
759251
293850289
30278532
9624742
29730065
43192807
15131310
14159148
436266454
20710809
30973
23151437
90420314
1434251
21254264
49061402
17308994
54730258
939091
26589987
17629860
25365536
7744592
30313925
28785486
807095
1337785291
14677919
15846407
427475002
1367531
36782022
15224867
19927627
222953824
