2805293443
302624914
3284521848
3628288220
4091260402
589921934
4043429015
339040963
97537762
1486452606
3138340766
3891665668
3741164719
3817752988
2876781798
3855379817
4189528456
2941676047
1268955458
1264619774
796548390
1122762258
1298188404
1947212498
4197946458
2219366425
1492538024
920488039
2439990679
1220875086
231033118
19897138
56312411
38647512
405667557
68977380
56304605
291960419
32849980
19929890
505196587
113286385
405427035
183230911
577459091
1156489574
1052586019
19895282
1320350810
306746994
251115680
15143478
71201743
127483019
286042531
19725644
44588485
97865628
107318424
135421739
453507741
1429480158
132859239
123774113
213539531
113278275
101695592
96083073
210792232
113419517
31348594
290451534
54610518
742143
2844289835
76294950
87170183
108936259
452830010
51376979
3165290299
101311381
471741741
18681139
1972216999
94163409
428333
132385468
1373313666
487118986
21254264
85530957
759251
14159148
23083404
145125358
19562228
326359913
30973
8161232
436266454
21447363
28785486
19927627
14075928
122453931
88856792
250214270
23151437
1378208815
23544596
14677919
1434251
30313925
1367531
939091
136361303
1041453240
5162861
30278532
252153070
91478624
807095
14230524
624413
18839785
16193578
116677505
43192807
26589987
