36962478
338348961
60908059
510553015
2453527320
2796968620
4970411
1652541
742143
5402612
3012658567
27725199
273410176
1660087447
341813734
2180929803
3054137032
26565946
147808618
2991046730
2784764369
3060160009
2964654591
79293791
45266183
3067714410
4171210695
23181999
528406368
3008097469
2864811152
2957069666
2800421913
3235183086
2547050562
14230524
54730258
355088861
14677919
2888602292
3049069048
2926894570
268414482
300392950
17629860
624413
23151437
436266454
8161232
136361303
109702885
427475002
30313925
25073877
167147294
759251
53153263
26589987
19562228
16193578
28785486
6480682
31080039
1337785291
2499855546
939075452
222953824
21254264
1913651424
21447363
3014848228
1434251
2770041146
16228398
265483421
