19407053
21323268
16581604
20402945
450504440
223080656
624896628
903495284
61155779
94628304
484545844
56650317
286042531
39927901
2936893948
2794916622
2972264660
2679374996
486507646
920509794
28985686
22127823
268420958
2439990679
338906109
300162606
353395568
98342860
137289189
505196587
246247684
291960419
577459091
1320350810
1052586019
210792232
127059347
298959564
256556724
132493630
99458922
589921934
57617762
452830010
127483019
197588356
3986007285
77378983
437957046
3381350118
4008966436
2585569658
706816806
2406772009
178651001
1373077165
104141949
1208631468
448882282
2805293443
212162328
247884504
434071161
97537762
136932734
432293720
339040963
244619342
2879874277
1951786886
959235642
253928055
3912834027
377026626
194226618
528394323
146832501
321208952
2914203912
256410005
707918751
3269983501
2692851446
573802755
2660437470
1894744428
1592017986
3436096934
946179738
3503446512
295083379
3296724099
3716677277
3361094126
3709256957
1152066661
546959622
927719113
2933358092
393696083
2239716365
1269501230
526760986
3607940052
613257429
3500781373
3530817267
3946438804
3546944068
2811844098
1480128896
1344096776
250433132
1410975884
508847723
434684041
1581560352
420458382
409142038
58342718
1970903539
213539531
2985892910
3064820157
421061551
1200550232
5683952
81048495
389985445
433406421
311547137
2841704965
2504491789
3666824774
15658327
44992826
2497850256
112034921
21341080
1034690978
2472020563
2180131974
227987371
1491175958
591042766
2840327430
2523361813
1911398136
1370794735
783947113
2716258471
2385529772
3058043113
162059735
3114858120
51389837
3069673297
707380498
1671178946
2965149137
837571238
960818263
868275758
2966271003
601306988
2419444154
292919324
1086747608
1108386002
2412124383
2168817138
2200892003
3010624969
74749064
2296805255
2179733973
2299353426
262095558
3233380086
2811102818
145766588
464842418
951073434
2903513619
2242132387
98500615
99148522
2481303125
362999200
73058314
2697232602
371083584
2880980150
255373957
2517138274
3049283239
360227121
1110122911
113693414
3283530373
1041453240
1322063118
110506915
51241574
2504382741
1377253957
340774895
2340870137
295511981
3071720503
2378713202
745339254
742143
2266375637
3269742854
185169785
422187864
586840032
446529336
230230039
95383781
144627796
193559239
258221951
2925260790
2877891696
36947388
1013333486
225162176
234711123
2176930599
1680260341
2181651092
96097504
2791017783
2271252492
2485583474
298484176
3145289804
84243876
2780962398
92638580
4154314347
3201485892
2869145930
119494202
3172375436
19281049
185156915
15012486
2501801689
115279565
4089105748
2962558332
429028672
75528616
82101271
999871609
3317850235
2714100314
146183295
428333
187279361
597577057
180753018
3973897905
156996601
1374543962
156530067
1623731383
3232570225
3014536052
398260957
130749898
1234094341
3736410914
254990224
170808650
775705903
754772719
2830277928
414021055
2869070652
3314974315
1253753556
3172050228
3055769928
2990196888
54610518
14293310
3641634554
552183639
4183279947
2739592316
1948831316
1910398267
239264158
122453931
2825314471
2453436342
1675371936
1240827128
148655791
5402612
3043068600
2855224112
1135099069
414658946
168074268
2362590209
927949520
21836409
1165668601
3007213872
3938078494
377246009
364463062
1424610506
1566899048
3237913208
119343680
1548888354
498626942
3272799367
2270185217
43192807
36782022
91478624
9624742
759251
222953824
20710809
15224867
293850289
265483421
29730065
427475002
86330674
30973
23083404
17308994
807095
1367531
300392950
25073877
19927627
17629860
624413
28785486
15131310
30278532
7744592
14159148
14677919
28164096
1434251
17544803
621523
30313925
21254264
49061402
16228398
8161232
26589987
939091
54730258
1337785291
