234825778
2448530395
3048210140
498340611
2941676047
2825343751
3279417703
4176293123
902629262
2829457507
3319015996
2798224696
2211822397
3526772475
4115591722
3147072564
2921946383
3152751706
1670423586
3276036416
1550054240
26604819
4182809439
902614789
3463828459
125806240
36466855
1337608566
3272702640
2329626888
3297098020
4151646976
3572128574
386654472
3293662587
311032328
31927467
103550181
3394869520
3753537915
60963643
3843585254
3653235908
2771451934
3329008216
1560576222
1344446750
2738206857
3311069986
271129313
2845932201
3319531235
2563610794
2656839006
2988453009
2882562277
2163027075
27201009
3172759312
3131889251
1272722857
3091470729
3148456630
3016075704
4150374274
2950204119
2677178387
3852582976
1691181
3305159254
1628114366
3702119835
2940548801
3899884155
3391938861
4149871103
3306996311
3050893915
2940218994
3999394097
237432325
21025855
18625669
20565284
45266183
355307031
153694176
254830969
457554412
85452649
181561712
84279963
176566242
105119490
27260086
158314798
102206697
92333376
122530604
56783491
104288093
104249727
268414482
23375688
21111883
34507480
79650494
216430965
196795202
72064417
128023009
27466653
233183631
1949322061
709778160
4112210595
4095628575
3833164577
16976682
2738494155
2345463103
2785144582
2766703471
2613586754
4174245314
3146742019
553425388
30713421
2726027623
1853469817
305791165
2580364800
314369499
474446451
344316738
2156299840
3242156890
581301629
2800754185
853324519
753430424
1650795336
2765132257
500250033
1556393042
2629502950
101617959
382402366
313087874
2156278138
363961928
153966123
465047990
2976107329
3565603763
3416003052
3040141043
2369970554
3050970857
2954495118
330705266
308297673
2540324664
3055989988
721470494
3348544144
3098333920
57213267
3306367585
3151038385
1163427092
3312192587
3630220342
2720929469
68462484
2329241856
3899904617
1413961910
3164868202
4118694436
849132114
184820279
2433528890
1319599614
3969489015
1567080481
719288594
1065158233
3609765674
3045563891
1864759999
3137435794
2716940960
2893544584
3623573902
3311326570
548171573
3292771289
1396698397
310072711
1906234147
1088207396
405728790
163730859
379408088
278328390
2732035734
2620756475
129106891
2932783872
47319664
972651
262881419
400051029
160926944
551317528
23576158
21661279
31892440
155927976
17336417
166767883
13784642
20632700
355994177
14677919
22906929
25311070
77841951
87818409
742143
20225875
2565232944
17185109
19818494
26053643
18807671
15995155
14824849
522250263
148386845
807095
15439395
278103138
17020962
1344951
19982092
20508222
19230601
3108351
131297376
336116660
471287735
24885558
14075928
23056885
431362068
15253147
21982720
250090860
806133
3437970611
5225991
373471064
14172201
57051476
334565594
22893604
331311644
221122127
24086418
46345843
2557521
215952307
2485685875
45831321
95465386
19426551
265902729
18953259
30364057
330205850
16672510
783214
14511951
130649891
108390812
66967746
28370738
18949452
35778829
5988062
17336372
15317676
527526077
17386885
300392950
21465230
15693493
427475002
2240269165
26257166
500704345
635085623
90420314
14230524
17544803
40148479
114894699
17919972
1396161031
2893216888
326359913
30278532
50393960
15485441
23083404
17461978
21447363
2290374620
293850289
586671909
109702885
28164096
1434251
801281178
6480682
2162249886
19927627
136361303
49061402
15846407
29730065
498177610
43192807
