1151228072
222114873
276939439
180505807
32856931
632988647
69281027
35702722
91551958
343627165
36670025
248332338
631531017
89787662
1148707867
2557521
263424208
69266428
16669337
148685893
133358598
69181624
25912164
48141619
393028587
470130723
283117698
238554588
278066421
346222084
175720690
460305726
1585673845
725622242
15708272
39733613
602752755
372755940
106092021
569053466
263284370
193094974
99269431
485682540
567698622
1228418514
2162729976
943966981
172786205
101825544
129479133
512845362
481833712
128002776
32483780
1147406556
1101887832
245090483
132934048
543866121
794177414
95609825
198984466
168776422
133752402
2415164761
186738339
27195114
17915334
368742099
1576120064
20322929
267285211
24275919
48875209
148937517
45863020
123704159
250515493
623126810
50246444
173744348
46144998
25238117
20577920
63977305
190481460
66857043
203414077
31524221
192947735
153209413
109330328
2914442873
126733638
1492507290
32660559
2160518719
85318467
2929280099
57320024
413428207
403475769
264248576
24852508
597224882
740148150
179006948
115628224
69271273
23377569
599001082
248929204
742143
470816841
398212417
428333
229860431
759251
177583133
2483954344
157011426
3842760555
34082810
3966274831
2616078570
91316071
543487087
2217068947
46392416
1162687218
52420430
23742864
112411597
36617822
39975533
24291371
2879396057
22059388
2402010382
53817066
373978904
15819466
17409452
27528339
586763646
3019677647
3095383311
1126408747
61247834
3435422537
2971554502
1160917645
429982421
973409696
210752953
232825827
155198141
162014652
125346858
25037854
2903053840
3170865501
250738105
1649983477
53379794
117652722
2972269139
17919972
126026281
15485441
1296403195
19562228
28164096
1337785291
1367531
14075928
939091
24742040
1190232019
586198217
136361303
15131310
6480682
19927627
996176107
14230524
26589987
14159148
63485337
2559363526
153778686
14677919
28785486
29730065
1434251
82072482
17629860
449074367
23375688
47459700
23544596
16228398
36782022
624413
