28211427
1891806212
173181844
30313925
222953824
627542871
3333820233
3354391834
140844060
1339835893
3434451977
412305535
57047586
370152992
1020721920
138090747
1272642283
413868970
332887574
1846033963
297308647
17898494
568060722
222026200
883328544
328148027
16630098
708538203
62588452
52557448
87964393
104913149
29141019
280559775
20710330
71282229
2801731282
26293436
746166074
105617918
28642247
32477347
885233036
21295757
3361996102
5392522
3439568782
74121769
46400289
15092914
2798099148
33931483
266605379
311938279
2359961215
29442313
216776631
12096202
6576492
62825870
289038946
490973842
48289662
23403378
1413437095
2348685392
1068595400
22383853
728912102
393026624
565974877
566020202
50282647
299856251
1244716621
2849487641
441391551
1112647784
3070131814
471504594
401852460
1572490724
2313814860
270989169
619324918
3191600304
524803335
326755425
20439102
89211580
18807671
5225991
137645230
19066345
21744554
17544803
321003525
29489280
1315460148
475031930
1706211571
3064031494
484365070
2203372046
110532647
40577439
12876812
2574948108
834519038
46260308
289506239
89479750
2249382674
772177578
103589517
1614064946
269454734
176878617
122059354
16955991
35773039
961231092
843667993
157383981
19541922
48370227
19837528
35440098
468300189
904538726
1863629316
1727753028
52731868
964367696
281048463
476128722
14677919
15057943
19834403
196645621
807095
37683414
250884927
813286
