231311202
982152032
175883705
2159654455
133347409
58913261
25029937
1287908425
2279184996
2916305152
103821088
1944910519
453904248
335042473
1055490565
2466933320
4116096442
2809666809
2932882828
2946796178
6480682
1223525540
483258373
17308994
2465129458
2297114121
759251
26589987
28785486
2890971684
2832059460
43192807
23151437
586198217
25073877
63485337
30278532
624413
7744592
2918471814
109702885
136361303
3022796644
17919972
2219397405
23544596
1367531
20710809
17629860
222953824
1399171650
21254264
939091
14677919
5162861
25365536
15846407
14075928
15485441
117652722
