17900421
3907583365
214112621
15995155
310463188
208711264
6446742
237870401
23911410
21586418
525264466
500704345
815210370
2782689057
460364759
3712975162
2958917474
282721598
1924580317
260259050
310660762
19183709
1090132466
460365590
123915621
502027965
49159163
302209035
1854639792
343545114
21631799
45395795
19050727
18328521
17782124
320810188
390967705
21156659
18915709
84406725
31591773
2424440299
461171857
2940964728
1262017122
2898551564
234590226
13657922
20177010
52530334
16874644
16789970
970207298
73238146
43963249
7402662
9855382
15675138
1917731
15210284
9300262
51241574
742143
759251
428333
5402612
2467791
14377605
30313925
813286
1330457336
278776049
325830217
939091
15007149
2398425918
1173046405
1408528663
551008547
10613072
23981681
14920785
75974281
30249877
65707359
44177383
2808067079
196576780
19681765
2649256520
1563402026
229965600
29999174
3053706468
246930168
510516465
402178073
10615232
14016182
136383882
20616597
6017542
9484452
14159148
20692317
182817779
14677919
37722843
14849086
2836421
303397026
45413198
364423298
11866582
858646280
287413569
1074322939
28011840
739160198
1258289634
3060782983
69628492
52531355
79353134
2746932876
15824288
390316729
22685200
60044477
44433231
19397785
634141075
2301536496
879026965
858532903
80096994
2812768561
36042554
621533
18347570
596893898
47636400
2858151526
48392212
1401408792
11856892
205392468
18812572
292929561
58550415
19079396
135982582
3241931810
86177206
314205957
2965083477
1458792192
58842416
1268220421
587873363
1528733258
3372166212
17841765
3510833173
20196909
325167909
93733494
293665387
294126378
14511951
3302940041
1383059977
48117116
14534931
15925848
21877818
15724740
221875895
15236181
111560327
77332845
47285504
30649009
500060520
2559322231
1347147108
556299627
459614008
18916432
113047940
216881337
1074480192
15745368
23022687
1180379185
25073877
1536791610
1339835893
29442313
216776631
69121742
219937434
429909476
46296304
2289867572
344719254
554946277
1400194183
205302299
16129920
15210776
197598287
9624742
1636590253
3108351
16581604
268414482
19407053
16228398
32453930
2741922475
66369181
3353566654
11348282
586198217
7713202
15846407
582901117
17074714
17461978
91478624
44196397
2698103816
807095
