246919405
150142383
2870864579
56650317
210792232
615983648
53184837
9959702
15933910
73359920
97537762
127059347
505196587
32469566
1320350810
84352985
300162606
3116016040
5695632
434071161
21701757
577459091
122258041
1041453240
286042531
1052586019
104141949
2848327398
48100887
20177423
452830010
225190303
14515799
185314895
16303106
54610518
59624844
21401466
481156800
256556724
59331412
136932734
19784831
268420958
3181469894
44415931
13018112
27844479
19390810
5392522
122453931
130159846
2149539314
339040963
127483019
125944392
62030459
280582344
19148708
40851965
59247894
250911289
28985686
903495284
298959564
14181054
94628304
280629993
88856792
14791162
78021221
21959255
132385468
348379865
38149172
3882055407
14677919
16190898
19247844
221392767
77810669
18647765
72568426
624896628
101311381
69615397
2377815434
14399483
40080940
80655102
428333
223080656
304596131
3242498725
60054156
98942778
450504440
81048495
24047612
589921934
85772748
102355805
453507741
214791922
39927901
213539531
14075928
109702885
178111058
15224867
141052723
16129920
23083404
21254264
136361303
98809456
1367531
53153263
759251
6480682
25521487
372575989
26589987
807095
15279429
23544596
47459700
265483421
90420314
300392950
19562228
326359913
7744592
145107843
76256268
14293310
107146095
15485441
15693493
1059194370
2467791
262359713
18948541
28785486
51241574
115485051
1337785291
130997057
30364057
16193578
