2254752022
2555933054
3407347307
2712936081
3045327625
2556516759
259514966
2533232786
1142575225
2382659204
1580474364
3395626510
13192972
3427356423
1245976982
1440146102
339034787
550089434
3061951639
3511699034
388402788
2180385729
2824418973
2944591320
2932907787
3831670093
118683103
326790692
1598917974
2806526231
1493501778
3344483353
7212562
3286112094
3974375542
1621678124
114571609
1020910308
2657767440
473648522
1529530310
313256016
2453949313
553317466
1107959216
2603981308
3577727293
1624157430
2682285571
103566354
6449282
2257336719
3406852984
262537150
2941113423
2921796471
2405489049
2759438358
2693827270
3590539395
3063779672
3293274886
1594517372
3364868223
260907612
2854215375
4150275017
2951465850
19972228
1120426118
3397212281
3083193127
3316695896
354092535
22536055
3469765755
3242589200
2824293493
166607010
2716905657
3519086597
2451122619
133549800
3016033580
1523574296
446261634
2733945562
3518882236
1663211382
3433801875
1096448845
875662016
2245643739
3304524146
1542412370
3224419708
5920532
1035685561
39470391
935854033
2756786377
2242050713
1635957433
2727906689
3519049697
3013557430
1514807947
137460929
2956836241
2205467947
2941367296
1477823112
2386043016
585277053
2793384361
1588606861
2653437830
2512466595
488176442
1618584091
26911623
3096971807
2322847319
2629502950
2463866089
3253275780
3113662406
2282859268
918348703
244576943
849839371
2796406737
3307319335
3165298118
3315437299
3407749733
284801873
3152005237
2924435155
3595140916
2353153680
3290489774
1572667410
2738494155
1070778926
2578737487
1456806264
87499775
107459534
3719070021
3397177599
2906655354
3147072564
40372122
170317727
1494791550
2488212483
4040744361
922405364
359579210
2591843629
207489653
100220864
925640756
3140721523
451142462
3242004148
2946563930
2998954334
1214837275
633341371
2956910402
284426825
324797877
1494620676
980806436
2872186543
2591172927
3103441236
1095920161
3001182239
1275442807
1276017692
180753012
3781942633
902655752
221568062
3340006385
623584562
2821359556
3316747423
2727762665
2891225304
25230815
206319049
248597651
3842010800
1663400348
3259720358
798427081
2915955888
1398654900
4108121920
158314798
1260426396
1078386504
555448789
4094244734
4124481898
1205196522
3000648080
2437766502
313358140
2463833016
408160870
181561712
2863421702
3136389515
547056264
2402787444
3230549728
4027302147
3109277666
4076516601
3387288190
1060552886
2295243548
4183822334
2912814683
3080712581
3082564292
3160292450
3254439650
3001504335
3198329001
3012317197
701391068
403245020
439125710
105119490
264107729
428348482
41238653
4086965242
403255314
297240433
1660003310
403246803
380828348
4124499213
2521465748
1595137603
2453988973
473985889
3249707323
553425388
3257519911
4150191798
3133670414
3273945134
2440030439
1031269568
18208168
2709748092
1462677938
738176071
1457166564
2968531427
4165295531
4145593818
4093881743
4132776688
4022097492
2941199118
4151497527
1459799162
4133968642
2555722754
4181416879
4050924913
4134773849
3408415294
371678594
50397341
4088976863
4143485362
4163501817
4133633183
3481946415
218079025
4121926539
4143305867
4085185337
4128653414
4144874409
293983788
4072415002
4172582292
4150950672
706274353
3445202301
703843916
4122489495
4065368414
4152068241
4094390654
4138799315
4129179372
3435027418
4130423481
3209990121
4183738874
4150273814
2934928900
4130829622
4157475974
81825702
3045408485
4144883181
1267128462
4144647802
4174134552
3425143265
4151407066
4104076579
4152390616
4151399592
3874792793
4055318716
3171330324
4151750545
3259058992
3046845514
3523917743
4152377591
1104346370
27466653
4173171439
3423205744
3612960146
1540418209
3777738256
4144996071
340724417
3763458974
4098146005
795495019
1528551631
4122564797
4165217240
4020774386
4144731322
4151808347
1544460860
4172857034
1671715128
4183810272
58723759
1467854322
1546295857
3622915152
4134675539
3171389168
4151092813
1354956541
4153804934
1082840610
4144673374
2941020429
4130648849
2387327995
1465135500
3911862988
3300114242
3435387249
3937286472
4151740692
2494529375
3298413153
2888044883
1085396792
3067235869
476362131
3171391124
346836110
574876533
211225391
14619266
3843585254
1033499930
53690751
3254331953
2362445323
1064924413
1495751292
2999734511
3171826577
3805221792
4173039374
2840412345
14230524
19923144
35936474
23617610
32959253
95023423
16303106
157140968
116362700
14920785
10228272
236699098
115485051
18493366
169686021
26565946
20322929
34507480
268414482
19426551
25521487
23151437
27195114
26257166
2557521
813286
21111883
79293791
14800270
19397785
119509520
15762708
4898091
27830610
17919972
25365536
533085085
91478624
23375688
14499829
2868990450
742143
155659213
33933259
27260086
14293310
27860681
500704345
759251
50393960
103550181
3108351
5988062
51241574
1652541
2461821548
428333
2467791
364830542
1339835893
783214
14159148
2854482238
2382117350
2695663285
22754762
82615402
1093090866
849106484
1330457336
237727634
246841572
333438168
2328937074
438443784
1906234147
821081293
339789356
236806968
379408088
68382599
119958687
70636581
300789811
2301252554
3281853858
3907577966
168055010
323216653
30313925
79596159
1556393042
330705266
320662182
154036419
1536791610
382402366
395194959
205343566
285690437
36670025
60337277
277169830
216299334
110121475
101617959
30239268
313087874
20087934
363961928
226139693
1088207396
1396698397
147561402
252479319
39520708
320316357
405728790
248697646
310072711
163730859
278328390
333935142
1543282292
117685967
38671739
237189703
138708473
35697740
1593695947
343326011
53037279
21303464
25979455
288311590
29730065
1434251
624413
585372692
436266454
16712223
31080039
70394965
1367531
43192807
54730258
96399121
14677919
30973
36782022
25985333
17308994
14075928
21447363
44116121
90420314
115141256
23083404
15131310
47459700
7744592
25073877
15485441
30278532
19562228
92731878
807095
15846407
28164096
183165874
21254264
19927627
8161232
26589987
