1427418440
308054559
861662941
1653237805
2413358214
36344640
219294551
8771022
1639618166
136187574
80943051
116362700
186875951
31641658
716427466
22156181
321896344
274599233
375359508
14880616
2867410613
22799750
464993455
103130238
202142089
358387467
793589768
330312923
2485724912
56736161
1277793578
48442572
128148457
623537969
2571891423
945312614
82593440
627673190
65611155
1956371485
27083523
1065561342
100345678
15485441
1222467985
236699098
19058681
222642262
343627165
190192590
88236340
222812566
346598264
932134117
26553086
1684193240
28164096
17444573
26527812
18128265
2349606377
169686021
262151226
40448264
570655700
728664781
19777398
35664799
14872237
541847469
28428838
201021905
30855079
1481861414
71026122
37344334
295784620
2510976989
613558261
726739472
293850289
2386681291
17008726
1002513900
1828905342
232240832
583716160
20661539
18676177
31183437
3005215509
16331010
865549694
212626311
21915666
772476685
429795273
10228272
2256902700
1561088509
2285339359
1148068880
148496087
298565095
542726891
146106708
2650993980
774233906
27091468
21324258
30973
20710809
15131310
30278532
21323268
19407053
30313925
939091
1536791610
1339835893
1330457336
14159148
289723207
3350715959
1255627208
2293641545
158629203
369885165
1864123538
2899376301
238011844
793807950
117862606
149659642
357465734
3054755752
222182856
3358646891
31016521
442745841
1341630247
633655022
3762184096
915489799
426413338
747124915
156720039
175009946
2795135388
524751238
2485523001
27548008
1584437924
62157539
25048816
38164846
2478976689
175654223
1849177236
433902517
3352962977
467835357
255030147
2198162667
226890990
179530581
520398033
2651900647
245517927
2749694442
91050738
969542197
2992697931
3135586789
2265392014
202592857
224628328
1374462655
589476990
732441721
1227100878
119509520
79293791
18220175
594372342
316676984
18936161
3404601119
1643343830
1209554372
588610099
2168552791
438561033
1575993600
373620696
612394621
185786915
1354780520
873690348
66083959
551793603
2164496390
1137573714
3416632152
2225346026
516412272
741508248
465759602
771606164
1961281788
3130782887
242637589
724856754
154681028
3437618673
1148536368
393474189
172932304
15369253
24744541
32861321
529846182
861767784
2185150014
2233168812
705776352
3364986293
16164520
2582738235
230922138
936588542
1006226329
994416320
322576809
2713351223
277938223
2368377445
589098150
291667583
259748934
383577480
413795435
512591650
2715116963
182888315
394530841
586041381
103821088
350355393
2444471792
2617801352
200505849
1373928428
2518348245
2207019409
1964769258
615461564
21744528
268470804
188690840
1967476206
534732993
1338846756
2831778976
1001123084
2892401379
2477312611
485629715
1648430132
1322720522
3130194883
404093949
1334928384
791712342
1561231622
585091694
605599901
3364462823
1326446018
88708920
3367517074
2400591540
1046563572
330500847
1061934139
4098899895
1185620156
1270225886
2965953142
2716662652
3406668171
1367531
16730355
91478624
265483421
21254264
27260086
7744592
268414482
36782022
14230524
15224867
807095
51241574
8161232
759251
17308994
16228398
20402945
21447363
14677919
26589987
17544803
23083404
19927627
621523
62513246
49061402
43192807
17919972
427475002
23375688
86330674
1337785291
29730065
624413
25073877
300392950
28785486
1434251
54730258
