60983781
47796779
22851407
2834511
524775698
67310723
789833192
541056395
35369214
178812809
100322679
101798589
180463340
2984674484
117189136
16955991
2696503964
27692165
25725698
73060860
6480652
16573941
1477879639
401080199
14939981
6480682
15485441
14353392
293850289
62513246
2359926157
11348282
2517988075
3108351
5392522
14377605
390361521
1634183510
2226901674
325830217
15824288
139162440
3665025257
29442313
216776631
251433567
443350004
1339835893
30313925
813286
20479813
500042487
19697415
16303106
14075928
970207298
7334402
526624220
252124716
118689933
23602600
604416116
15521075
618283989
14624975
56038149
1891806212
57351028
2411780180
110794236
119432340
2232449930
52357982
1536791610
759251
179624973
22156044
19728966
5402612
2919059845
1190999844
15164565
14677919
35773039
15754281
807095
51241574
2467791
357291408
621129193
2909421461
3127671149
538547125
3329789777
16589206
330214121
1330457336
9624742
15224867
14159148
1093090866
1434251
500704345
428333
50393960
15007149
46696817
1652541
23818581
