197378295
3350680894
1272343002
44196397
2281822982
529421753
74163992
2326237526
170578983
300883126
435734459
1427061618
2344374100
219496700
1129526964
317062467
263138784
350763722
159873369
224978943
1262131004
347829246
28089461
217470221
175534392
79596159
68999404
300789811
16896485
93594149
154036419
1330457336
277169830
1339835893
333438168
2931932457
750256027
558507044
3414781577
54509007
33014441
14800270
30239268
2467791
1933042237
397353923
320662182
22972326
2769947658
110121475
285690437
252479319
246841572
18493366
14645160
226139693
45182880
320316357
38671739
20087934
323216653
237189703
2553151
1261927122
1191174439
516455592
407822663
138708473
3486331744
3151478337
16153562
19407053
1910442895
46354706
14700316
205437050
14159148
2246380904
21303464
608925219
15947602
25979455
87818409
239760107
343326011
288311590
39520708
114396856
191765987
44116121
96399121
394813392
378668764
1322307331
740868193
117685967
16076032
1536791610
2916305152
2613969411
282423007
26850858
497705446
378626921
53037279
25985333
10228272
70394965
559273381
15907720
521621205
14116807
452884296
3646356259
1620141726
529257179
215371424
168055010
2831420532
1171061924
191183225
1178684294
401581334
115141256
8161232
92731878
725617740
67564298
68382599
20944649
1451404969
16712223
781793294
157625878
504808761
364830542
585372692
168151548
823905
224982279
333935142
2611715077
273837735
297253073
1459407708
183165874
502614034
1292189556
637200757
564039817
261569233
861070674
1594100689
239051546
96144268
1713065335
371186948
337441808
360110427
293500897
537442420
79293791
1416513277
2422567505
707693212
886778402
496758053
328405086
117652722
477996676
6480682
90420314
14230524
227596816
58433945
109702885
443892446
27260086
14677919
23083404
1105990070
147561402
19562228
1434251
807095
14075928
463576708
47459700
23151437
63485337
759251
54730258
10671602
17629860
16193578
326359913
24742040
25365536
586198217
1309981932
136361303
15485441
19927627
1337785291
17308994
23375688
498983243
216302379
