4127399591
18704092
21278412
486955518
29844055
26027481
166747718
22736017
31652181
23065354
50184013
28331519
20322929
22733444
9695312
3353566654
205302299
26585095
157140968
88287364
23617610
49616230
2280905126
23734551
234344628
96448406
113722629
26032912
19882775
15677036
21255978
20620967
22959589
435802919
23228600
15830716
42655526
21323673
25726723
44620271
23019705
24291858
185314895
37457377
29611918
110827653
154280902
34782637
92367751
48177728
28036872
65992743
69373980
32225642
24929621
59632108
23395456
23396761
79650494
23511303
109660695
48399528
196795202
233183631
43018238
64090343
24263801
171682388
34097876
26892157
171682730
101928415
27989078
321970500
23613479
32959253
236699098
15933910
225843445
783007309
2249844091
437155695
1357276188
741818208
816649064
3080862334
3286218516
1280309252
250311135
3400661745
852620676
2735036187
182805442
1657502436
2572844671
3397674287
740954192
1004953550
27485848
1550712710
3008437509
1157555426
2173536281
1693947092
2158614247
15433580
867827407
301082495
22926625
3000642615
335329730
3017000010
3288985221
110445334
2974881371
3024026482
2266017475
19023470
438062756
498981985
14173315
222370599
2980942533
225834299
102406191
353031276
3910965400
3310902746
1408302618
2228773680
1367194909
3397808962
983100463
2269480633
3001551377
192921472
3043744869
417947467
1652910324
3400078257
2218834993
1339820185
3108351
633185358
2365689138
520872937
245172704
3155950505
400732166
3288855141
1198515008
288811855
3823652901
3385687793
3860844557
3357667222
114498803
60147004
546325043
2829473377
2770863051
2827290361
3009002397
2937522610
2709701876
65017855
104810014
107370684
3313210497
28644174
114151085
3354066646
442389096
3400744996
2983917674
85653101
1094619972
3069793762
15012486
251645841
15633626
3330602110
2607213896
24886025
3349020201
2290556999
99148522
213923097
3400780600
3028403812
30504003
14360757
3374410413
382774585
3347103219
3302443634
3411209345
2815351649
806415632
711242835
1693047680
1591813056
1210123381
269349550
28164096
15131310
19927627
23544596
1367531
15485441
49061402
17308994
43192807
326359913
109702885
20710809
28785486
31080039
14230524
23375688
586198217
7744592
16193578
136361303
807095
27260086
21447363
427475002
436266454
6480682
25365536
759251
36782022
90420314
15846407
29730065
1434251
23151437
30973
19562228
14075928
30278532
17919972
54730258
14677919
47459700
