35094637
1004716405
4200941121
487118986
4184161546
73359920
348379865
44084633
78021221
72568426
24929621
1339835893
69080437
35727881
92367751
65992743
39364684
28897926
268439864
24967668
34507480
53153263
25365536
23375688
19397785
79293791
10228272
783214
2367911
103009843
35269664
2557521
42663408
232933179
64926647
43982535
33390855
135032268
79890469
322744081
218606509
70725301
154280902
187664250
79332579
79863704
139242827
19248106
17733320
221573745
31927467
185449401
23617610
18681139
85603854
21111883
32959253
44409004
184910040
624413
90420314
28785486
14230524
19927627
21447363
939091
5162861
10671602
326359913
36782022
8161232
43192807
23151437
586198217
91478624
14159148
1434251
759251
15131310
30313925
26589987
24742040
30973
15485441
136361303
29730065
23544596
17919972
16193578
63485337
20710809
109702885
6480682
300392950
427475002
807095
23083404
27260086
19562228
16228398
21254264
17629860
14677919
1367531
15846407
49061402
436266454
30278532
