24343698
213539531
286042531
453507741
130159846
35773039
15485441
5988062
16303106
21982720
88856792
104141949
6385432
14515799
813286
1052586019
18625669
903495284
28987332
14159148
256556724
158414847
451586190
21787625
615983648
145125358
56650317
577459091
155705264
81048495
54610518
101311381
1041453240
27476141
3121224769
35727881
50393960
2467791
481156800
22642788
59399268
28985686
132493630
244655353
9959702
5392522
2557521
136932734
15087011
2183816041
45564482
18622869
58550415
339040963
589921934
807095
783214
428333
434071161
113420831
14669951
16017475
452830010
34713362
127483019
450504440
14412533
210792232
102355805
15446531
97537762
14514804
84352985
12
16399949
223080656
94628304
3108351
130151627
34914032
15164565
20536157
300162606
127059347
303535030
15279429
505196587
40101400
298959564
132385468
24693705
624896628
21568477
9532402
122453931
1320350810
19546277
1330457336
304596131
20940081
39927901
17019152
300392950
624413
14677919
16581604
130997057
62513246
20402945
21323268
86613184
91478624
268414482
145107843
1059194370
83876527
23083404
621523
19407053
16228398
265483421
8161232
14230524
19927627
21447363
427475002
27260086
176566242
17074714
17790667
17544803
23375688
21254264
54730258
24886025
17919972
107146095
98809456
169686021
1337785291
26589987
25073877
21111883
1434251
