48054535
18533317
268556198
3045748655
270435439
28601983
229305726
2988021716
3722871736
62352918
2314575901
2852645840
553425388
189947791
4136397622
4053390759
4190243381
40514838
619568001
4234498152
2460702014
2649177247
3205904020
2941581964
2205618662
18545675
16589495
64929124
16533079
2451063607
82726142
813286
23156823
4004017637
36704352
2349683363
2334878506
394328859
3152540806
250884927
34507480
1536791610
196795202
20962674
14677919
48177728
154280902
79650494
59632108
69373980
4230990314
348876915
3310273065
3325010925
3634270523
3348975131
3437828183
3222677124
4170431237
2613562101
4095723507
3642945316
2236348839
4185857135
4185972910
3103002927
4181730915
2986619114
3819683179
4166696537
3376273185
4234323852
2429284290
4055163257
4083403995
4234680914
2368968090
3779174007
4041568473
3388063199
4235118566
4186989808
2843113889
3338833174
4235552065
4174914712
4228339099
3303649153
3105153655
4180976554
4235760373
2941001524
3803683287
4002127965
3657397055
4230565214
86352435
3366765070
4187071996
4235623334
4179976474
23655608
4184218726
4202508193
4029513733
3887033718
844558518
3632750243
3308482118
2952335369
2192861918
4167498809
4187730526
2705410268
3540232215
4187915512
4179747867
4228170258
2863220043
3415135175
4140299025
3022988583
4188040347
3013762624
1035217776
3399224530
4000171227
2609703372
3973122623
3413502713
2704934358
2574395813
2443956047
4188506776
4153096999
4237679894
4237703534
3990920242
2955916937
467048692
140584592
63822383
2916590951
135576961
34969708
255388236
1881094016
470542127
16458297
17833574
998819586
23620920
19882775
29641317
290939196
16283221
319728872
147352409
327019649
327014098
86876958
281268896
332947392
293850289
28164096
30176295
15693493
139847759
29730065
300392950
5162861
94129050
26589987
10671602
16145224
478976630
427475002
45564482
90420314
27260086
117652722
436266454
23151437
108454369
1367531
6480682
30704824
63485337
807095
14353392
21447363
810424
1652541
15846407
40387025
15485441
26257166
17919972
17086831
19397785
18948541
