2815265611
624111207
508540545
525264466
2316295832
2787008220
311932430
812613596
474779359
18185862
1310200944
965706379
522421494
393727145
273360241
1024582968
413198660
104268014
1448217636
36928660
610019690
1024926798
516605530
2796525984
2928211910
333268176
287743937
839984340
625484585
2840414563
201690895
311291245
987827208
478044159
311943740
368157378
3515931794
500704345
232347060
1024632600
1025068813
1463478192
622349231
1024400059
462004145
470307418
31080039
562381032
154820247
44409004
113514650
44084633
106846483
3004231
113087150
19022934
3132833716
188282409
16998020
386244525
139137509
17004618
50291522
259383077
26565946
14677919
18395177
16409683
2097191
49578426
39538010
79293791
205302299
30364057
24188722
157140968
147305691
60054156
49573859
59949396
169686021
425365329
308094016
150644308
372753094
461922813
16190898
348379865
18803879
28201743
28208983
26312008
24407244
3176891
21982720
93899982
26589987
74535284
37706685
14824849
1339835893
23375688
50374439
546692680
531809889
69615397
20280065
1536791610
435838389
25125441
27195114
185314895
72568426
100220864
18549724
26489325
236829188
268414482
180124279
244573900
338084918
24855923
759251
32469566
20177423
19533569
132173768
24856019
15279429
136361303
21447363
427475002
326359913
29730065
14159148
6480682
17919972
30278532
23083404
90420314
300392950
10671602
109702885
24742040
28164096
15693493
1367531
11348282
15485441
17461978
1652541
293850289
19927627
19397785
26257166
49061402
5988062
50393960
43192807
91478624
30704824
3108351
30313925
23544596
14230524
15846407
586198217
5162861
16228398
1434251
807095
