598952971
33392971
2937551378
1615897724
50725573
348283916
15736190
2813629164
1921507278
415953853
2835610593
49360278
1938428413
3025263545
525423055
19329393
224726988
95687734
1687502336
301828732
49061402
26589987
436266454
1434251
17308994
25365536
1084112168
19397785
807095
1367531
15131310
16228398
238299148
21254264
192874886
136361303
91478624
3074257102
15846407
28164096
2243891253
14230524
63485337
5162861
555476477
43192807
2455692637
586198217
109702885
30973
19927627
320480865
908344002
23151437
6480682
16193578
300392950
30278532
14677919
759251
