55338739
2557521
23151437
807095
6539592
30364057
14955353
571202103
25521487
52422878
14511951
26565946
428333
31312972
19879313
742143
66379182
17919972
25365536
27195114
6480682
21870081
5392522
250884927
14677919
1636590253
23375688
586198217
148496087
265483421
98809456
45564482
1367531
28164096
14230524
268414482
1059194370
26527812
21111883
813286
3108351
810424
94129050
169686021
17019152
5988062
23544596
15485441
30278532
24581397
21323268
972651
26257166
20962674
21447363
1652541
3303293865
16129920
15846407
