2293611265
7573792
142196169
883034568
15029947
16191793
16583846
500042487
16153562
1877831
14159148
14677919
759251
5988062
813286
5402612
14511951
19543062
23839835
16589206
104561488
16935292
32250446
374268208
978688532
788524
16973333
612473
87818409
4970411
76067316
50549750
500704345
30313925
62513246
427475002
1536791610
972651
86613184
19397785
14293310
1581289837
50393960
1434251
428333
17544803
15007149
451586190
23544596
3108351
1652541
2194696542
16129920
19927627
59157393
5392522
807095
30704824
