18948541
15279429
14075928
216299334
3108351
375391930
26257166
236699098
15485441
19397785
1330457336
25521487
6017542
1344951
115485051
35936474
8161232
19923144
471287735
14293310
23617610
14677919
28706024
4075192936
15253147
21008866
32959253
23818581
176486829
18051149
19426551
27195114
484631786
5988062
34507480
17446621
631366264
91478624
428333
95023423
10228272
15084853
30973
157140968
79293791
285332860
19927627
4165966331
14920785
2498274386
432054563
759251
16303106
14159148
116362700
44196397
3061724594
20322929
22179997
55117855
3302783815
6480682
326359913
28785486
1337785291
586198217
23375688
17919972
16193578
71876190
26585095
109702885
21447363
169686021
21254264
3353566654
268414482
23151437
14230524
53153263
15846407
205302299
48410093
178111058
90420314
31080039
47459700
436266454
262359713
27457788
136361303
25365536
27260086
21111883
1059194370
23544596
