259613031
2193065139
360298505
296877861
577219530
2330339574
753502614
2460388885
706106731
921183236
1721432196
1861737776
324913236
2349598190
1967481254
1530217297
761601067
169192746
1617392988
741677936
2512240321
1504689301
521594223
2699271292
1514259720
606597980
2740349088
1495175646
147849237
51115469
167381924
288488114
230991260
1061733420
1916975870
86586081
498902677
2348470908
56498197
437724247
2160708205
126797788
2428057749
1731430640
199079151
96878489
564825492
74371466
537636567
478994020
239366408
591411408
288940170
1141273724
2290742683
879628280
82866761
45318884
602723384
59742406
240766505
224255447
134731956
757817340
491628658
384635309
24166202
530825864
449297488
446615877
1694757848
2154724951
1475798977
1084045525
145644359
287211737
777714151
2618116474
68655391
1970118768
149134376
374475452
57586438
443270272
2708065704
144151701
2905163009
57416548
2646457357
83427517
117204552
54515063
85649864
1469721073
282422486
152809899
739236847
86503103
368278803
3093610888
2377397917
68816221
2649864011
267153969
2504217091
573143156
3124611461
1937528556
2171328045
18680539
2189125921
125417873
316380788
3005438477
50725573
315672854
2228839956
352184307
33913569
2447887982
817367486
279815219
3621794055
98023553
72015111
466331658
44684574
1251827575
287620360
299043192
2462255372
1190823396
143810425
21990126
424128484
225474494
249429735
3309103527
1090315902
2649115687
1518804656
340244237
238362033
23009961
866185837
67703451
269738134
1076447958
3092697063
14323945
1693956518
239285506
115698429
461455499
567669744
27111234
494585991
972001802
247846270
851896872
42707891
404722734
189631331
614123788
369583954
618305540
297227261
115676683
43192807
63485337
21254264
14677919
26589987
23151437
20710809
27260086
36782022
19562228
17629860
29730065
586198217
16193578
436266454
24742040
136361303
300392950
90420314
23083404
30278532
326359913
624413
6480682
28785486
49061402
21447363
91478624
807095
1434251
15131310
19927627
939091
30973
15846407
10671602
14230524
17919972
30313925
109702885
8161232
23544596
759251
16228398
1367531
5162861
15485441
14159148
427475002
