51241574
49264411
44409004
5402612
428333
49756751
259925559
49573859
14293310
39538010
26565946
87704434
742143
15012486
85803369
10228272
47913878
259379883
28201743
102062347
14677919
21447363
21081767
759251
47459700
8161232
30973
136361303
28785486
220068303
6480682
29820945
5162861
222953824
90366224
14159148
24585498
14075928
25073877
21643040
17308994
17544803
54730258
436266454
15846407
427475002
488371846
49061402
80316128
293850289
41563162
30278532
63485337
25365536
807095
17629860
1160766902
29730065
7744592
