2176569698
2938277331
867814982
53757167
2874877485
247348454
23772832
1937807484
55800081
518491928
280897065
1589297430
138816564
476614438
2373252676
813295862
89234716
947708048
816938563
86298659
57979244
216426455
1387452324
19791548
92255900
3367700501
2275096473
151412386
57180459
182791629
1969094377
1084081058
1211786593
21568301
17261005
14122603
2163217679
1470707125
3064844535
251509366
79188223
228838614
2323982664
353911833
288413933
328695608
112687215
1533840589
1449744306
28420994
2245931407
28312346
19346439
2946689199
2413933369
145387410
320903052
2235439223
3198853123
232138606
382336581
49783954
20578883
3420799672
4091501213
150783687
3796593921
305614939
90470840
456528324
174727432
88789500
18721583
355867191
3178391555
1267962756
91041719
2767761024
3062117956
191139184
35500483
1348809205
3278707752
297605205
582953166
2871427329
480520254
3186821009
15177739
344768700
3654128967
19663896
3232588311
350258494
1578736663
32348951
2585530172
276595994
20161306
189123405
20935906
614165574
28445754
32402143
1574782297
105541406
780104972
98465822
575427349
811584283
103945025
188292711
628782225
83100594
2215684530
20036099
14083693
2505693247
315278156
611159928
41084386
339697820
34330232
15804863
225553867
584932507
2189530990
457338834
4108050373
3063762394
455304129
2868388486
3397442531
3647561719
188668186
16012783
791836952
4091932761
2726777680
2425538291
140553355
450896910
1020058453
3763070541
50835094
36635596
20135921
6260422
24807616
600961272
24057266
714342679
355417030
227482490
22120918
68145093
3340019559
289823617
3429017230
17929027
484610866
19562228
286229335
3654962723
20567939
15467144
20447743
14921869
324068333
292861893
389110689
138101468
789746551
166207058
25994101
413012086
20159502
4170415332
3312078911
27747313
23519360
1535759593
453028636
71777521
19885912
230615088
90348895
2162490920
21880626
16753116
310846364
63989758
351401486
17174257
2389623869
17477367
18062580
14184026
172306490
2817208003
23561980
3642301514
1663530960
16331010
1718608849
579024945
1273645914
260362411
1375202778
336447819
69533893
30506284
15438151
317955109
220325856
1868155944
241382835
2543780833
22609435
19448798
137053627
1287447402
2216005819
268436770
25859687
5695632
3819701
279513123
7144422
3957234947
18671559
441854978
2890961
26237362
30261067
176854843
104574581
17441447
20244875
18774246
166557563
114709222
310960217
43328711
199009284
271367149
61781260
19598680
19979086
270628655
29739553
94357028
237727570
121774110
729301274
39366525
24468619
20098015
47651867
404466914
1448691001
2372164754
176362619
23930286
378143252
194322777
23993642
17753033
121562670
18720595
17948810
134492423
52439351
53110793
819800
21095905
19182078
43313304
202331807
58546726
101012795
456916306
26003792
154474160
14372486
2244340904
84125491
17336372
2291791765
1183041
10760422
33423
2835886194
14231571
19767193
19530624
1636590253
19111767
93069110
1586501
3085835595
3099993704
17020962
19040598
811350
2195241
144112800
4519121
34743251
44196397
586
6705042
817386
9207632
4620451
69426451
5763262
5746452
717313
2445809510
44874400
18678924
275686563
2549011969
15865878
19742143
20
50393960
2847649621
12
2857397298
14511951
19534873
1344951
19394186
50055701
372575989
742143
3015271772
2735591
2244994945
13
2314055840
14515799
13058772
816653
6385432
18887526
2328002822
573918122
1330457336
14834340
20155652
2097571
783214
2884771
17179368
19224439
4898091
1071777608
29442313
28785486
37281592
252531143
17060020
757303975
20778387
19394188
75896448
31080039
14246001
87063281
17910554
972651
10615232
27901418
233364902
62513246
23188724
17093617
41814169
18622869
24447643
14293310
1339835893
20608910
263292498
88749392
80617430
155823836
79366215
17293897
14529929
502281810
288452305
22685200
2377815434
16892481
120176950
53120768
1367531
14173315
36047098
244655353
91478624
130617778
16399949
34713362
17074440
6539592
5392522
135575282
14075928
113420831
453319164
2467791
50325797
336116660
196917975
14677919
3108351
2382117350
3907577966
2169098419
45564482
5988062
325830217
23818581
15164565
16017475
1536791610
15764644
1093090866
15473958
139162440
9534522
62290422
130516054
136361303
112508240
500042487
15439395
19725644
3281853858
18948541
50374439
14159148
17004618
274649460
87818409
23544596
2695663285
28422142
2458567464
14506253
16129920
35773039
10810102
17073913
15446531
19697415
2983206962
55117855
21268897
9300262
20015311
17006157
14824849
193725962
44039298
183697115
30313925
443215941
35094637
51241574
17659340
1652541
30364057
19397785
26053643
242601417
238319766
28706024
89760824
1152279248
158414847
54904679
21701757
6017542
14780915
11348282
22084427
5402612
19777398
19000033
21238524
16295454
360751055
23690344
1059194370
120943272
53834054
203123011
19636948
26565946
27947088
58646914
303806325
25365536
268414482
186154646
116362700
23002923
157140968
807095
115485051
16303106
90420314
52818366
278098811
47650483
35084169
54791458
17919972
23151437
759251
16252784
19678937
18638090
2557521
15256225
19923144
30008146
26257166
23617610
22292529
12848262
100300056
32959253
21447363
7401202
23375688
119106683
27260086
14216661
169686021
813286
41468683
8736882
10228272
21660529
17881732
30973
19038934
236699098
55594930
19426551
35936474
356185329
79293791
50004938
485182129
27195114
16608381
73406718
15519886
23083404
382177545
14230524
62894963
38491229
17093604
428333
14260960
15485441
14920785
184964515
24224425
25375962
20322929
15846407
6433472
34507480
4532891
18177126
95023423
25521487
