2683521387
1348063604
163679233
4156404089
2875649499
157631308
4104573921
4170502573
4058318476
1975073083
2892878296
580004719
3235820119
3309759429
3220910298
3220896834
4144532909
4058189176
3220957304
2971031085
3312674909
3090860994
1467740275
3220937528
4058323162
4058190298
2690749454
4123870520
2704084728
2938006714
2513638741
2644114758
3580829953
1322584464
3324435154
3931978348
1155392994
3830688376
3288461559
1655668759
2923309945
3307471796
3330333905
2995211071
3256325257
2258405539
3318354994
3556307664
3289351281
3009626509
3245628166
2922053681
3863816961
3754944557
1638831656
2799004532
1222422961
2385564730
3432332537
3387544007
2276765174
3412761501
2962512492
2950580518
2893618510
3252997306
746747336
3923968048
2577269413
3151548516
2827644854
1945738118
3970643212
1382863466
2431190839
3839126113
2789867071
3870938353
3683229433
3178780333
2873618510
2497430473
2610176946
389320918
3927050131
2761070622
2409145301
2379348834
2598284372
3633184632
2861080787
3172388048
128370415
2660235352
2379583677
776656525
1888502244
275770002
3000996743
377620558
19684839
18706362
783214
31311757
20536157
23515283
205437050
239760107
10228272
16102081
160777278
30323817
55253922
16886986
47963435
15151395
144316833
23946417
2890612345
33410270
3252990957
2498873731
573755190
56677681
19593482
18625669
118527732
961253773
19286081
1581160345
456354916
461688027
3307218826
169686021
15891115
27943891
2958642883
19788277
15178186
89168924
26565946
28706024
18863815
373471064
35762475
76652862
978195788
74580436
1381211
586557308
1458553555
1593195907
1859043583
26794388
193710120
39674996
9530552
57827274
3237579661
1621148839
283582298
40984300
478925642
14633767
53624107
2949880815
29547045
129630017
44002542
25608250
31123249
19823837
3721916120
232678818
376571847
65123084
380761494
1000377050
2771567047
1132123754
3717728472
57566591
85599305
272500326
89087775
124806851
1496442764
19575914
102751077
224251640
66441151
3221090088
129873530
43919759
2790867426
66307327
3036741831
3988845982
1260027090
3066914498
2867087934
960386827
2331795555
233674473
2199620807
199039988
2356620036
974667913
1631092226
1676527111
1519153837
3460297340
1044403016
2984682343
3919792452
2660114731
2688415154
3385338113
3225612788
2880216052
1707827539
614566776
1146643009
2782332519
3327627493
1921832748
53137107
2199577128
75330628
4091512277
4144091085
3255399806
1219915340
1389295129
36230793
157072764
1453670557
49767780
589542035
1045869732
42334223
114200226
1967698550
388959624
2870778834
1043449393
1630556502
3814698436
893630742
2532515844
151978149
2174428870
209097554
224880912
621983847
2953038294
45874082
3000532060
59913966
253938013
2475542136
1939904778
37819610
345172899
751921056
197241143
1096496894
345210095
362888465
360423913
249990157
96973902
1536791610
1307366604
82736613
58528137
16600574
20091694
8735882
16085557
268439864
54147149
79293791
18301196
39008044
258604897
202194744
14230524
247926089
17792620
392837526
29578613
121889459
2411756953
1330228238
853347270
500166726
491629570
1588743638
2929073659
1785597036
500508711
621550674
3018049423
2978884103
2539939838
2343104464
2809654185
1132977223
22253715
857183442
63865544
42545643
2167633220
37495601
445896294
158603024
108105431
30994306
18809732
346386701
266838172
301169349
80584563
30438291
70964771
1567564662
2870311912
348163298
59085351
394145272
261664298
2227116124
2860996105
859214442
551239941
3417906963
1030028557
1535290262
502234968
36962704
159614741
50639168
246903725
2958924890
27557098
279741865
1090795844
1333196190
20315055
197917801
24112066
1056722558
2318446358
371363276
69939937
238284486
335978747
16804747
65995593
26321210
2246017954
1500790543
170118209
359566223
2228548065
73378689
22263690
84829047
15349002
240422600
208246140
1108504453
910617044
29417304
280517020
166568144
1154156479
42286738
31123052
3164290793
341852021
130721379
1232047495
233835294
37371214
58858930
28247906
17248165
607404629
207300125
19235437
434672348
27763152
37367041
3006360519
1942819082
17504870
14329589
35888020
257094713
46902161
56265051
19608297
16616067
188684410
181214694
2247564157
58735641
2489553980
2563336933
315833613
19230279
188888069
65459725
153474021
60054156
14791162
36155311
250911289
428333
3108351
44084633
807095
24047612
20710809
19546277
32469566
221392767
14677919
14934818
225190303
19397785
19074134
28164096
20177423
624413
109702885
14304462
47459700
36042554
500704345
26257166
23544596
17308994
21447363
10671602
43192807
25073877
29730065
1652541
28173550
23375688
326359913
5988062
50393960
24742040
14353392
117652722
18948541
15846407
23151437
17308428
39682297
136361303
813286
17919972
32453930
90741779
30278532
15485441
30704824
