47459700
125346858
67358777
373440253
4117704263
34425121
28140646
59422383
393504899
163910337
1198337172
113420831
151658141
1552534422
27252612
19546277
117087700
245848277
153836629
13334762
378809160
120176950
284663241
66369181
118668927
1536791610
9624742
30313925
624413
14677919
186874954
91478624
28785486
15224867
25589776
16129920
16228398
100753591
43192807
15220473
62513246
399328447
86330674
23151437
83876527
858808783
19927627
53320487
25073877
308997977
19407053
17629860
222953824
25365536
427475002
55284266
1367531
17308994
90420314
1434251
292943627
14293310
939091
232704014
1330457336
321572161
