3097755097
15865878
407054921
219255067
13784642
403239402
11348282
87818409
148711787
619293948
21751830
62513246
275546719
14677919
571202103
23573083
397036704
19397785
199943245
474886468
476925674
351528904
20693661
28631535
60327493
14806765
783214
243711009
14172201
807095
122969292
275558381
98388319
272577256
3300258885
33933259
314547227
296663621
798699296
175883705
596025144
14361155
19066345
383112039
2517138274
972651
404063624
252992709
69231187
1072915220
251600033
1244602586
2495949541
254152016
14159148
220557145
17471979
416298818
2589703207
242245578
1434251
140118545
265902729
252153070
14224719
322606204
15898172
317337788
701177444
437491139
136002930
135147668
365344176
15819208
357812328
18953259
3096410291
16153562
78010944
399177856
1644033385
2839995611
334752396
705126140
73301369
109812542
358398016
255949459
17487733
33546465
427475002
14700316
35749264
18055737
85626267
110365072
15589815
22009731
20155652
15439395
20015311
173195708
5402612
15820664
34613288
14399483
17020962
44409004
166739404
1903382054
47319664
17632266
14700117
558797310
85363141
5225991
22001973
17336417
17481977
22917508
155659213
19583545
14824849
612473
104969057
21447363
18980276
20244875
