402947099
24499591
33205675
90501249
101858989
392000865
447232797
468633992
504797617
867892549
96100953
129850196
241027939
410293869
453340945
115436050
784828658
987003174
107325531
192619342
195706828
202220952
335828175
337762253
416476798
420240475
426708964
432360020
436206316
443505905
454297359
569946597
424968480
414978578
479863188
503295711
1005827778
16559133
86342473
254462097
391904736
395990396
106182253
368215654
252512780
165724260
116311025
438375790
417090716
474031171
398269073
14711301
201658727
1364383692
421179224
2362751720
358737719
1490767735
49305772
45258647
19067940
29416653
27195114
30313925
258758307
485511296
33196091
1952002572
2244994945
2226981830
34949757
1536791610
2576137600
183387449
14677919
52424550
428333
14123683
26257166
20609518
14857290
15846407
25365536
439722592
732819391
500711588
34507480
351921957
94122848
6439122
3054144994
85626417
320603385
461578921
419622371
366630843
482317995
7996082
54174268
23083404
1546467320
15254807
239784688
1339835893
267138741
2960741769
240714255
1337785291
1344951
50393960
150725695
14060262
813286
19426551
23151437
1385321737
90420314
500704345
14516324
326974183
409917074
3350498171
2934426785
132887265
1188853219
26565946
581157170
434884843
606211203
273507934
132539757
2278995820
313913938
5988062
253508662
228264692
1059194370
101532373
22949587
2261808925
15485441
2201944979
21447363
28822067
41667342
92403540
25521487
809633437
18762875
704635687
587333483
2791591838
19356964
378611487
17220934
395218906
2557521
155321616
79293791
886426412
344634424
205011496
420351046
6253282
963938472
71114686
18935802
438212411
2159273424
221902171
45363552
96948912
177533004
16913418
504329588
331617619
17919972
85772748
373423842
249075355
386420143
70971449
60865434
3170408717
19586276
29255304
97185399
5894372
962228174
122728088
123899370
271476597
59401731
70926844
126614785
461922813
783214
94666311
586198217
259925559
33508220
22748358
149060372
108369004
5893702
