3903390918
3911315235
3770628927
3311171098
3905846607
3938582272
3924960135
3302157941
320801980
3869021661
345815084
3780828743
3751089497
3776504662
3382384067
3553843643
3225945317
1174284956
3905318965
3026929725
3912307943
3992705607
2823224273
1569837337
245176432
996745718
7278922
17344200
2555627401
13709152
3254274339
27844479
162596550
15632759
20054788
3190423589
84176739
3987537958
3881246601
4000775182
3399209261
2151676320
4142870487
3415465468
620009652
1084432201
7589162
1151862776
1327750428
134029617
51241574
3108351
45369224
14293310
2412771637
18807671
253974265
94785566
5988062
401633362
108568373
194634136
1624224157
17185109
178001258
2814865321
263760836
15687399
262881419
24885558
87818409
862058144
250090860
2330556342
2427051300
338237494
153744603
31892440
110192320
2215789429
15995155
471287735
17753033
21661279
17020962
15253147
400051029
355994177
148386845
130660211
66967746
2664239108
224827977
17482471
397606862
38142380
394107806
541164445
2837985399
527526077
287582311
611935321
943325359
19982092
5225991
239466019
19818494
20225875
807095
2514773280
354568897
386654472
194709431
160926944
2368417192
3395985699
522250263
431362068
1567418395
59481499
551317528
1349806818
17386885
2899554834
22906929
20508222
108390812
263690760
23576158
17336417
14677919
221122127
144451680
15317676
25311070
473360378
46345843
600378246
64744399
1480759380
334565594
2254110170
330205850
806133
477224041
215952307
167890091
3147761413
47319664
311048346
20632700
68687646
18953259
2835625816
