4189198360
2941676047
1251109788
600363559
3894983410
3071874308
40274251
3808438402
412022338
512502254
1117018818
1025993828
3440937977
1682385973
1647611995
1066287414
197082622
342966518
966774205
465945534
1965144558
261250175
2653515314
2170659848
79152062
957110420
1227978313
1191802184
197011482
2922874516
109702885
23083404
1001808661
17919972
19927627
759251
586198217
117652722
15846407
123543989
34616856
14159148
63485337
17629860
15131310
1434251
21447363
26589987
14677919
19562228
1091950729
20577579
1367531
27260086
524400433
23633284
43192807
624413
25073877
14075928
90420314
28164096
2773999226
31080039
15485441
47459700
91478624
454795095
807095
