790728
2180371
1371618385
783275180
1548409490
1541324378
1887140797
2234816707
898058054
2438498226
1561866168
1691574356
1245355056
3187466815
1735233216
380331767
1724326232
1159577947
2363901937
1132620468
718592708
710782545
2629356009
455078941
14674260
28684404
2650982358
1102742017
47448563
372966348
3290519902
1404590618
2204491428
528970301
38804737
101756062
143896671
2597522432
53153263
146026726
579184558
1339835893
107223327
2878500231
268414482
3282094968
315002750
327577091
196080512
742143
36047098
239108786
2169098419
34713362
25365536
4898091
5695632
2342785898
3274977122
67249778
31891798
157140968
10228272
2339221920
209455387
87818409
23151437
3238122292
1536791610
3907577966
9300262
2485930448
9624742
430528153
121178638
34507480
5402612
95023423
3281853858
2222555054
51241574
42229452
72776262
2467791
6017542
370367198
15110357
17726404
116362700
31312972
310974948
2557521
18949452
14677919
27195114
2890369809
115485051
20322929
79293791
16248319
2839789891
15754281
1330457336
2457001724
32959253
2848376055
2695663285
428333
5392522
15274836
113034662
2613140472
105305259
816653
236699098
17471979
3137822972
2382117350
3423735975
25521487
17619526
14920785
1344951
237619318
720515401
14119238
78577336
16017475
972651
30364057
30313925
16228398
15693493
5988062
6480682
23544596
11348282
43192807
1652541
29730065
300392950
30278532
293850289
21447363
15485441
90420314
586198217
1367531
15846407
49061402
17919972
14159148
26257166
66369181
807095
17086831
624413
30704824
91478624
136361303
14230524
326359913
3108351
109702885
36042554
28164096
23083404
19397785
