2414530716
3258281682
3986568563
277805390
2753490355
1367974088
3343467493
472246425
3437255313
3995562171
2752494235
4201880242
4007953755
369245377
27558050
251393497
17291393
254117355
18227519
21619519
89820928
50325797
11856892
15675138
5741722
15458694
9300262
1917731
7402662
9855382
17912982
73181712
115749048
414331122
16613128
39384517
25398075
16560657
16631904
23585395
16116288
26548315
60919240
352548417
254186356
114497182
356885109
114547989
244655353
115979444
38477209
14466538
14676022
14377605
920277192
454624329
582897408
1143368888
3028400688
22509548
237348797
88784440
17078632
15416505
58379000
18217624
5561412
18891923
14344823
15207668
43963249
73238146
15764644
16789970
357606935
970207298
216776631
15647676
17629860
29442313
120426428
3646911
17483878
18800265
47358610
15823855
17534598
23425024
33045314
15918501
28223477
19678610
50435228
2315834778
385373193
1668569274
1071626054
3151936118
3538652658
474464413
17386885
17310915
1313401015
2610053203
3407749733
3004335640
2940188821
2927308028
2889012624
2857793895
3290281720
4097629762
2242879260
3213683638
2358302612
16940993
3939131596
1733307968
3327848321
3004343470
2430919921
1583056988
1939515006
1111320422
2836981547
328191165
1122506204
276605848
1016592655
154817834
2336232122
2994993378
2834701245
2802714426
2776512383
3082386509
1072065818
1389580422
561848902
1426708435
739181922
1235409144
724856515
67385025
408836215
290835178
214078879
139399835
332788870
207426991
89423854
792626372
486612546
156000200
811922833
498292566
1117957238
2440252190
1130356441
1292362992
862551800
865919816
834316544
900894660
1557315432
1582853809
1086485478
1598644159
1641150530
1349082427
978908012
555928038
954590804
1938585510
1915534530
128472974
114685387
129845242
2371644853
2371663399
2357252378
835083097
1407277784
953278568
405056781
1041346340
2269130208
19658936
573997792
210131101
44960859
3749353094
14992591
18371803
19564719
26074296
20196159
16201775
16727749
19409270
17292143
15900167
21308488
7117962
6395222
19077044
22185437
21840935
169194549
18063523
24924252
103081588
728704993
132915237
17235069
31214807
86139022
390955720
374616581
608499479
347363150
87486551
69116089
833167063
20274611
211267402
119379422
2825188225
2618695954
563064408
246571305
382271636
95749490
80094297
38234856
84092181
201242392
382243880
349291934
254107562
22679585
501270202
475294870
543506881
263758909
50055701
2371155744
733751245
75541946
18916432
213795411
39349894
1347285918
33750798
39344374
65691824
113047940
52544275
52939106
156818636
129026349
94636858
58704064
17681513
17427779
268883748
92636901
539004555
178117805
27758112
74712538
27760317
15074642
59518571
541566047
2230719675
102795247
1687006033
1204917396
473183870
72413228
21321280
19000122
23641291
143405250
890871660
111133717
478476287
902092974
2205471258
67164062
543728251
332955744
362419965
1636866656
1301529636
341378344
843294978
636318891
1722260701
3311083947
3344078920
2216995308
1522382102
243633817
1615636578
629948965
849545952
2484593785
3067284788
370598593
935574139
836978234
741271837
351184115
347461873
71414389
2742994626
2264422117
1035362395
980883362
1411091012
1643935483
1635744822
1407370807
54449062
61959361
242855522
67651002
34274375
91403692
18807671
330205850
148386845
112856192
108390812
31892440
22906929
806133
36054262
19180118
20531146
19780648
17632266
3115678678
46384815
19659316
976298065
193757722
113114399
402626442
1582843344
80096994
2812768561
208019751
216299334
160926944
220619913
326652980
345620232
289843609
1023072078
140118545
242653461
187335696
360494428
407683112
402637402
290525588
228925158
15227791
14663955
41634520
19091173
241747585
12369372
18279333
20798630
81164242
17388955
586032653
17525171
22087062
15435890
512429686
6329632
17045115
54663425
14989395
44209991
94672675
191129552
38436036
38439578
21178623
17343757
20086450
17207243
36144455
19080178
29337732
78411917
29236490
29484644
12378512
67418441
63296944
18742360
36947388
17992258
78670429
19981142
3291841
20727819
18086960
23990483
14353891
23560015
21217034
14497313
23603092
203162990
14840869
21904217
15291335
17446621
30274144
1428219750
1677283748
190804654
15036232
57333521
6446742
310463188
3138260611
19923144
116362700
10228272
236336591
21241131
30909157
3327588793
67995848
17201277
16212952
6761682
307749870
129928264
239863024
2279625822
26357971
3803745741
517854580
574241647
2770572522
2448589914
3227535445
800889805
1732888782
256131756
522537060
4145625262
24083704
24502450
31293110
27930140
16264006
21705931
20641995
53297035
19524050
38311892
46576295
14230524
110692863
49110693
31641658
39873397
52551600
28669612
23967578
306330832
57408986
18002296
28380724
246481013
23911410
237870401
166270127
281662957
38913318
278072240
229033316
57190161
456123087
456094189
39338684
507979196
510368392
174533632
111912589
456080788
270383088
257555769
102790509
32629211
109285030
58528137
6427882
251496825
16873241
23872098
456090528
256573865
45713517
17597065
124003770
112508240
43283406
16579345
31239408
36690579
28348955
41259253
36528126
64297333
32939851
210512942
24407244
208711264
19209687
23690344
73992972
245992215
7428362
78385842
44204341
242516347
53717630
18130749
241161753
25203361
27761011
122216533
33978449
28208983
34641269
133936708
275215221
487977202
322803070
571083342
22898904
563940069
407977463
25743813
22549812
492399548
340635228
1058847528
472623389
30271564
258970724
243905905
77645932
64790822
61228608
27685955
87239242
15033845
30163946
32466494
19341804
18216512
14401698
33946296
39931366
21442298
199349169
127315301
424640281
448239509
36600922
19248106
265220767
107512859
25158003
28897926
24967668
20012204
97272678
51574477
79853601
27109019
132236776
91390383
233430873
58598187
125017845
149655776
221490219
138503785
268439864
32469566
876627072
95023423
169291609
1152279248
2293276483
52672768
262794965
2731976573
111556701
4048732336
21879024
216881337
15745368
1180379185
23022687
19939451
1074480192
90651198
28290661
36491624
18980564
40892059
72726085
75904087
97821192
92291578
172793825
21878458
29082972
216379368
256278201
16032925
318674334
348630923
25401494
67175886
194204186
271098542
74030198
344329693
337766578
317139580
166533928
354407330
364637421
355934700
407142726
354915608
342325172
527076006
1143878389
27702749
390507110
1240144051
387978466
270079789
44482542
418323586
2182787329
2243378234
3104121056
2828119556
370422480
3426517972
22026871
13218102
5357812
2704951
17563655
18791763
139501320
63783555
19291441
35548003
354073788
19286059
26598593
51354794
457984599
44513878
2604502926
835942825
22811375
130739067
28962737
89836466
21826591
45840174
17582355
333533135
19479771
5162861
10671602
24742040
32453930
17461978
36042554
16228398
15007149
325830217
239819612
86613184
46696817
62513246
17544803
1434251
21323268
624413
34395888
3066007731
14934818
59624844
178111058
47459700
20177423
109702885
136361303
326359913
25521487
15279429
436266454
27260086
3353566654
205302299
1924364738
71597660
78728861
14860319
28758060
570290656
30614676
28221296
2826526677
47737282
16950863
608763605
44039298
1715051
18948541
132655244
110798209
22029553
71019945
19344825
29221344
44442099
119521385
252233089
15822969
16619904
16027546
16878156
14342564
454313925
15740491
8510242
19071682
116559622
20998647
1564177926
1020058453
5695632
3666690863
1397082944
2198059776
37926723
32784263
20281882
438603218
25327391
121618916
40295741
29814453
246146106
104575707
1284754238
364603955
597001601
122692833
577633622
24965993
261876546
319461188
467789629
51473146
18953266
323033649
129573808
1071507092
32302843
2238466470
2382607496
847698594
240005560
1301821932
1262460578
1075586551
42741029
20246721
27111447
1129656038
1129514654
587639295
274072400
23151223
19672235
25170126
1260651416
2533352532
2397113652
382785428
482809774
527698055
255706796
257201078
24199349
25598390
584544822
360577913
107454765
486710828
207597130
195232905
243741598
36997905
87745219
20377251
21682561
21305771
36905105
19287919
180531059
197034645
21255118
713993413
20255162
23089228
300114634
17351972
415859364
12044602
183310940
138600717
316756361
21414413
336116660
55117855
155823836
23151437
238319766
42519612
170002596
47285504
443215941
436292177
258868912
80700514
111199728
172887151
57097104
329746058
124335068
32117870
267009091
57982473
89556802
23494080
71339449
112915037
179932936
250831586
19562228
115760945
3907612584
14619521
156132825
185314895
2299833806
386244525
946372675
96851347
19329393
24929621
24531730
28036872
32225642
26885308
43018238
34097876
92367751
65992743
46136803
110827653
259379883
19713933
44799843
334949286
19058681
49716013
71876190
34507480
21111883
2911191940
17919972
882192152
3230342813
582681311
305791165
157102563
19688173
25472674
24264939
342150329
33694840
15641532
62934462
19659605
56405314
38536306
55748107
22676390
32004130
373617611
182161200
14515734
7025662
79293791
338084918
24807616
41229669
4898091
21114659
26792275
15375383
20442930
17895820
16887175
16973333
788524
5988062
87818409
3306872460
330155741
22408691
22554666
126593063
30690871
44851382
25152867
121786197
24853215
18213062
136019788
81278017
436886259
16540041
619136286
238309428
573979102
401086515
60252808
26289292
20017604
20627870
28041265
87482380
98984565
153001132
153120718
27983358
36428991
24641044
47030797
357286757
71294756
17036898
86141342
17718497
5392522
14569869
6107422
338985020
26585095
24744541
868112707
1994321
34655603
95431448
380648579
7313362
14662354
17469289
15438913
16664681
7587032
32359921
87416722
621533
14138785
21866939
16343974
22240612
1178700896
1339835893
612473
18424289
4970411
1877831
1330457336
27457788
813286
21982720
14677919
14511951
2884771
205864193
48802204
2097571
2836421
15754281
28785486
14173315
759251
15012486
5402612
2467791
6017542
742143
51241574
351243208
500042487
75974281
22450947
2338551014
148517828
619200282
31442497
1375199924
1064561396
1445534629
22199141
22839066
18132032
49153854
28343967
312818868
39797450
106838858
16203162
84660476
20847350
17105161
38423170
44205959
1615420753
397284869
3307345782
2935901544
875819690
921948216
715012902
1343581202
3997248736
388466103
262190291
234267541
1063540297
868854079
994346971
863654772
726630714
534944689
944951984
987802622
1029131892
928844414
829642831
482241821
759911858
4016817552
4228578018
2967119053
369938594
4180819283
3285968606
32611562
25589776
386370914
524989441
320544451
136072828
25644150
173806089
299459705
310800399
1623270654
520783057
410363837
300565032
502305875
2391359107
216348190
307641809
275137782
245947377
448572667
308537920
353021139
474286103
243098820
74773917
202495093
2177758722
2327468738
1573864159
1605460861
1618736281
1708556292
2337244273
2335631112
717459933
1625649000
2476672849
2222098286
2589773061
2618458928
1945721280
2303963048
2453738881
2409594064
1591540244
1959844626
2348072881
1591784282
1591521978
1591747230
987079518
1343514889
1152416293
1174194086
976213579
771041412
1301907090
1959817111
411573333
558814834
3091664697
71016845
3246977883
3228005493
4066301717
432832791
153814508
232777182
19848391
191184478
464302868
446712660
244084189
85415713
26164251
579127066
578363289
121501567
589483363
198022729
39673522
284810448
18633089
18633689
18744959
44612689
152997131
24102455
38341159
372478746
29788239
47373117
28253243
24574631
20399422
34878358
1214603820
97336638
902620063
146626118
265794143
190064233
49552436
194666861
55420036
130951790
27285798
41259809
23375718
34887124
18747685
43178855
35776176
29650929
65349969
143838544
49681360
137106216
372280277
151752289
164024647
128485149
22598623
96046331
420633941
403558982
34160922
196345622
547911587
2830051135
18691824
21024997
40297195
7449842
37971731
2573271489
2785793167
323305899
145499533
112948063
18333645
8735592
16352599
33549858
40076725
62591415
52536879
17243213
9695312
2367911
16807528
35762475
28201743
468741166
318571154
66515223
74594552
24019308
48436234
82978967
15272920
968706080
519779422
82652901
266045636
2896205809
130997057
1059194370
265483421
23083404
300392950
17220934
451586190
500704345
50393960
906782533
1249982359
1536791610
2359926157
11134252
76348185
7713202
9624742
1093090866
66369181
14159148
30313925
11348282
2776686992
2421806214
243469797
240169552
26291120
36229703
199139882
71314666
1589550936
18064372
21910850
45900567
14791251
44941818
14790817
74773211
251706984
168552582
90541857
31428361
21305757
25395727
50433228
14791044
15098223
157463771
18745640
176048522
1925094788
17219499
14444926
103130238
80943051
17444573
1337291258
7215082
1686544976
78693749
32193728
35407181
151739057
33029535
2472520471
2256813764
2276659898
2266363638
243839905
36575862
58348369
56813879
72459514
74825607
115485934
85890834
1921305014
161211454
13929092
74872146
24325657
24326400
24325547
19435547
237997733
36149771
122555803
182033179
44527648
24529777
141664648
168767461
139848744
546003807
355708717
1482549794
15290441
7517222
262310943
368703433
1222639789
217546128
2458256605
18382902
1187763794
86096933
218167872
18906561
19084128
31936896
402406639
2875485611
2317351705
316389142
158414847
19697415
20015311
85603854
31927467
40255499
16409285
986235307
1413938804
975944918
561566566
537550889
770054797
381688396
940280202
418619898
228184292
15635604
33434326
31672638
328049243
298320111
148807607
14724725
65184105
2892604855
1069186628
110895343
1363300766
3586063332
2802245029
74206280
22959589
15830716
25726723
22109593
24291858
29611918
42162472
21681809
621284187
30973
126146818
148496087
23518723
53925101
15441074
112236047
36117238
18091904
53153263
118857505
16190898
316717267
36098990
16331010
22179997
1775731
27091468
20661539
20710809
15131310
17242874
17796018
18129528
25170188
15380717
15519430
2869531
3303706093
3485190014
2941075884
2941662624
3138115068
26307302
17595745
16713771
15679641
16656350
10878852
15933690
15694286
15937025
27557391
29840295
27778893
24263801
236699098
157140968
23617610
32959253
101928415
27989078
23613479
26892157
109660695
48399528
23395456
23396761
23511303
248917209
14824849
125481462
133093395
27042513
133880286
62290422
22657153
30364057
139162440
6539592
115485051
16303106
47786101
2233154425
1195370804
1105455990
362559925
1087492124
1045849016
2917979448
3133857727
16129106
10126672
150658659
490333720
427475002
19407053
16581604
25073877
91478624
86330674
17088779
16581734
15220473
17308994
17086831
49061402
29730065
43192807
21769127
26329195
3015271772
26527812
28164096
14353392
16145224
30278532
1652541
807095
1367531
428333
3108351
972651
15224867
16129920
14293310
110445334
20978103
21506437
15693493
1198406491
17602896
16312576
19397785
50374439
26053643
2883841
25365536
15846407
15485441
90420314
18220175
6273552
24775528
50826280
169686021
3004231
17696167
119509520
22940219
74580436
373471064
413487212
14780915
23006794
22832029
24963961
23375688
268414482
28706024
16409683
26565946
21447363
484503742
14920785
17074714
15966494
41265813
34738598
586198217
3303293865
31122496
26257166
2557521
285332860
30793542
62902439
288563075
349290706
348666316
11856342
240734425
21454322
8824902
19426551
25460615
