2393063119
4134118525
469371578
373697915
3666576917
2230150110
4114691055
3368665990
27998901
127036213
15912890
125453969
2281421358
274556937
352451204
184267522
4194908892
51548893
16478244
310397292
14839620
15404472
366461663
1206261061
27161260
82939015
362151388
17995040
446324324
1933090626
2932791093
21999551
379168071
35028876
73957988
1898490806
740021478
821175588
248439984
214817103
96535088
4188785721
566894130
2584587805
979767212
2238852438
2648868182
24382371
1267085329
2342058490
222975264
3309991115
2510580016
105814194
23326221
26874107
255515919
4235966174
4026119117
919788337
23316726
137790790
4112573319
3019627560
42544014
76635285
2784489788
3297662428
164088473
3148564102
3464007492
30837118
2753782227
54520134
25831306
272198163
284505743
389634191
866731993
357222234
625590401
224177450
34587521
20188060
2836219287
1244854064
3016925774
18882837
327715898
45916809
27142719
194663746
16508253
37490861
261749735
61441824
18894874
608471241
14855994
21740304
54159671
199875709
544840210
56039856
38274009
139328853
4003432639
269188684
4188190521
334537188
2455699765
19841902
969629694
334869752
2852040209
23227213
2369808782
250246829
2827299613
406525423
2657359771
19179651
4107077472
2414882947
167708017
4063213755
213103357
3031989986
3189201672
14707122
391291875
2853524803
3903975388
51856557
376186166
493479019
522381938
3116362399
176176104
62104858
1142516047
378790200
4077387231
17839398
2771253744
2255800033
795670292
17362232
2337728514
3904522521
737668819
2486266566
4182648134
3486123913
252259299
2860385375
105622097
479811047
3320452796
3569277075
228705996
2841816075
3389396145
14584151
2265465887
3064574308
3240641194
2204794344
4158483935
264099812
263691946
45170474
4181312741
4167832402
102837987
925651622
3777576192
2690582802
1383523938
4171109380
3253524091
2472017715
98586605
99382766
4233635412
2435493050
1008272796
833683376
873105440
4187665163
2764714807
226316651
3232695582
3766067352
3178914516
4152696267
2969776875
1004178318
3337657384
47586577
3434624249
3145601770
87818409
742143
2884771
1202108654
90918950
436292177
14677919
14293310
2756720878
268662889
18025377
23818581
508886267
393469195
310374952
811377
852269288
45585297
233484761
3840
18950712
55334133
845997336
36743910
19697415
20479813
392959314
25521487
