44945327
472246425
2345486096
340298107
1398649160
20020846
313557552
1206040658
2463510024
3264525033
3284900144
3077470023
3888601633
81305054
3216196206
30793542
245494691
1345067388
38234856
234552226
339143341
3908385132
89084561
3617462177
4234194974
200670878
35880417
2981591117
459660893
17214683
47322894
30216764
892115894
36822750
15027207
221898261
4149547011
19846676
265999845
3341732091
80441410
14677919
42958829
19329393
30973
8839632
28479547
86141342
102700680
5120691
610904887
105231326
27860681
20012204
22650211
1455870853
25589776
20596281
17137628
16153562
14700316
69231187
87416722
788524
7587032
21317077
14159148
178016914
30313925
6017542
612473
87818409
2097571
2884771
742143
51241574
1652541
15012486
5402612
5988062
15754281
3178775522
3292286790
14173315
14293310
62290422
329746058
57097104
50374439
133880286
105302922
608855648
166739404
2565848877
3377770574
3524662043
3614306123
3595220476
3497119758
176523273
185764300
180878215
15247825
246542637
213501060
795109046
571200736
15933690
16656350
790230144
190297598
10878852
778365439
792168858
47737282
78728861
28758060
68462484
2401089565
385100876
15084853
150246405
24726449
249782350
16331010
17446621
1038726722
3266949458
44263560
3581108131
2851618727
549304456
18735716
22228476
1394399438
37760606
27028473
21035529
67607870
126973174
103550181
3534688998
2251052168
87743114
3322988559
1696328028
2768887988
1558455330
463205843
589595961
451093004
50739414
95567752
135259171
899950165
1849490192
1327642256
14532539
211267402
19496182
20274611
5820022
174533632
10228272
54728113
612885982
387930754
79293791
45628339
8824902
2924354929
84358766
17365337
2942304402
1222235652
16513416
7212562
22536055
443250493
75016467
701213996
759251
22179997
28785486
26053643
1367531
65733755
2883841
3108351
17919972
26257166
16312576
807095
15485441
23375688
22185437
428333
2517988075
24581397
59145948
972651
21447363
14230524
15224867
18622869
148496087
5392522
14920785
28164096
18101713
