74979783
46002396
86177206
14377605
19417492
14730894
73238146
250492272
3135241
10168082
27055034
640893
43963249
2704951
15207668
15450996
142721190
18791763
354990034
14344823
15837659
20733972
248845681
11134252
46557945
733751245
37918511
5357812
16081831
50055701
37677496
5561412
1367531
28785486
18891923
242423151
7713202
13067732
86141342
287309941
18916432
56440142
42958829
252672612
213795411
140286364
8839632
8496762
33750798
243337600
25300308
159904799
1180379185
398088661
91386979
378800745
113047940
747876121
297532865
15745368
327577091
78694788
224320485
217284148
216881337
48125246
12354832
401625957
1074480192
388468632
16072058
23022687
407013776
138479037
46479416
21768766
237403203
19186003
104299137
118756393
14870670
33222598
222622640
18227519
22703645
93876666
11771512
17291393
39308549
98543618
16297707
90077282
14669951
14268812
24439201
16379018
457984599
79743108
10774652
147649517
17454769
21307076
123327472
277165873
38495835
12272322
607289206
113758100
21612122
7744592
158769098
19354391
22650211
29216764
112526560
19740592
223970563
222554961
20067354
166990746
77032777
15234546
14335880
217550862
20522862
228747444
39155029
22799750
371465104
21252618
1375289149
334053327
86129724
534494917
14839147
59331128
20109439
36452050
59676104
46817943
25101996
308233424
22771961
27311044
21844854
15931637
28628850
56700964
60680268
50073507
15441965
48459553
18172905
45671898
7702542
5336752
54208274
15976697
18097821
21862217
196168350
47694175
44134773
50769180
80638910
69193833
41634520
108617810
475286355
23970102
30043495
49698134
110445334
27901418
18646108
97474887
112047805
71294756
59031230
69773058
227837742
453319164
16157855
15224867
46176168
6527972
77986665
3080761
77989626
22046611
1168762868
25412522
961079384
91220126
116422140
401017313
51263711
191085626
453843586
13027572
2186358423
77184360
114007914
65304372
19594736
6751502
71938572
304996763
19530527
118450225
430083320
95161198
593515994
1976092548
86525980
570709907
955287361
193773207
570723463
754029248
122651119
108559862
339472254
23397027
3436954516
2361979572
48219621
262796796
352243116
21518722
2904888700
99116313
271878140
104578228
283982485
256058952
79730012
84132400
289251366
421160402
184767357
209890848
266752354
1088679084
120878940
353010835
1061268944
34924287
25377159
414170851
585552680
86501625
361911368
173635982
202779786
414127760
59006599
219205947
466398808
374621087
1653500072
1487650249
989409930
115417081
35746478
617849270
43170750
77187186
281246772
83260346
277997152
905807498
487586401
2449915716
491379692
716154366
24862758
59335008
25105711
218797772
1965629850
325937721
2806253912
62926741
25637889
2841627707
79179874
27028248
21211639
196278137
280826651
59532374
151835897
140034669
37391190
27726303
1173393175
55340882
2209606452
23072537
2472675862
117793057
1623309914
44323093
175795941
205782776
60957050
51918727
93475451
40533752
54346649
87266285
17813487
382451022
66453332
252134272
35013719
195875098
62512359
50562028
117109734
62537327
79483727
53678101
55060403
110821941
78781078
399418161
136159169
75891845
70759130
220139044
67530129
15012693
198540232
23635084
99596811
54973156
83917616
219652357
115144000
156457300
14119371
473338133
89799361
248976058
54697319
18497097
41462167
169098615
99561835
156441937
338472735
248981322
48531794
53778621
213051585
84078498
104212211
65728343
151088536
106091939
113965079
77103484
219990061
1247896514
19624913
70689901
69432342
906610164
496493810
126672796
79289858
326920504
53787241
2300018521
131596061
154294030
39874069
1460852580
478892632
66740100
56684856
93354829
75400667
337783129
83706953
2361800418
345214995
334921284
41626835
68469470
615721665
15930883
62558322
66214812
371797057
134855279
72627916
56790332
131273553
174492304
82790893
137908875
306248882
67108831
84725346
161306075
80197195
41147203
20646380
49658852
19390244
24376343
312887235
14114420
75883996
143285665
64839766
84195118
85867670
61097151
187042474
78723428
60954521
106496565
197095948
2802545808
307549658
119844526
248010159
139727749
301388143
242448965
26778965
150397339
220055314
119860149
97190495
629751450
252176459
2951183376
474054623
49771999
1900199550
2584482330
990607232
204951406
28999283
238722764
15452686
246723540
30271086
435859251
237842283
33766143
18515521
518029225
16338550
152835605
38290074
26402930
515361021
66236070
621073416
60637549
142509771
41479334
747877376
197217290
118743846
17086120
72927328
216264092
197554405
29518466
311248738
26858294
585620743
12034642
364523515
100842674
18652307
276136404
14392636
887095105
14892665
819772525
82120358
360680603
36984909
34225599
50657158
74092783
1307791
180887271
373683618
335896144
310754553
953410416
2313498388
1228094082
381781910
102397481
219361536
24000965
17271007
17684375
454336881
116502194
203123011
66509519
19038934
244890770
6433472
345938366
14216661
78242617
98405344
39798884
19618747
24906326
19900973
17710206
23339387
234035533
113592560
17508660
5856932
14389177
8707602
28565356
47185907
28332028
57909846
69255422
51815618
79145543
131575343
93484066
273420645
427288938
486427827
70385068
51543886
18814998
490332198
490126636
272401679
376190102
413839619
186194504
83784709
191161083
87886754
77664629
390156878
286074326
17172319
218274158
374184532
23458148
359979086
258345629
551669623
105116603
19438626
49969223
37509285
174985278
519339693
140776364
27889439
137253079
92564226
24744541
338985020
38395124
34867057
18396319
133663801
38142665
8350912
8460572
13353862
68440549
21313364
19976004
47399805
101664219
16222469
356902110
234948120
380902292
267084550
310157882
388981507
369914677
24023754
55254676
17001333
18027903
14089418
18120229
10652262
52394933
364885285
114037178
302500864
29707536
300744871
8736882
479587052
12848262
460005853
19636948
259323371
14705603
48163821
12993222
462747348
13896552
17659340
250038860
94529866
44411598
19000033
138717046
16351521
410070653
7280572
97268285
1223101
6361512
21238524
348345136
57268394
19377913
23116875
517527227
16295454
8105842
214924806
45114987
89760824
60741791
104922293
19025957
52188923
18910324
1633273298
235764167
538409644
18189672
15906034
960840066
1425467906
353100505
348998058
948506076
16181376
480196886
187513637
143390584
947424764
44135322
317055524
14174793
40206633
31570500
257428678
103155170
111022588
47207043
201755115
75066258
574603085
19881931
21896535
90414301
14955620
102052772
17560195
213242419
171941753
21919812
67570763
331803536
140886940
16313140
19594963
16625091
16683301
775710199
24010471
140766236
37438474
52818466
24549260
20087888
297832758
21684013
59073563
35829796
89744621
54655632
166605167
267286854
95218816
274552991
514904329
512174178
482986494
117118928
299961304
972757645
82162775
791263158
111700487
155223794
305658643
205919296
67070534
69011444
39768084
50703368
141695764
61762853
553617044
425229436
132524407
820113764
71201575
519896282
423396432
253043017
51178084
71023716
510059438
200551494
228895521
168603650
20551423
121084283
20932618
21214274
59101726
63485178
59458901
70989872
72407393
34795502
26152149
16312001
14179165
16668573
32627702
18369812
27785451
19303107
2994853515
3877254514
3370123223
188360402
3316292635
1593947084
189532376
3963629414
3915632712
3976558870
3924480560
40879241
29775372
16585797
116976098
230859829
259249046
358845253
764488398
346738824
195884473
51091805
32554508
28985443
30740100
17516517
286140497
205502812
132036365
121275320
14747289
25769305
24016611
189200128
18419179
443326270
444217420
34740140
290883957
21415216
182864135
18490288
186598799
48091759
19708968
43698856
264257996
16100125
1329545508
48100887
15169907
199016497
172428877
726413324
38473231
242935735
50385277
183351675
58742577
65458533
245511321
118812449
22946533
77384798
10389902
1304012262
31138753
23795692
15794057
33825276
6995942
16186675
19066998
75978764
250287338
18685740
16439779
128991770
8861752
156395674
26458435
241481855
76659035
54734403
18081913
37052689
16312540
72981571
78908249
114552552
16398389
102788713
20409859
355577408
15183411
133372639
84164699
15414842
22832229
21916640
2573013741
327571822
90550383
2238744096
2773239068
3302940041
1689973212
118830369
474170774
3302984134
38292024
104307355
3192189387
3096056741
413957969
3148708206
257110173
1969949022
168897873
23681362
363276652
3795264493
486798761
3352132083
3291480369
23019062
20475180
3145976032
3431668119
3260823685
3346532045
62395005
3929798595
3278849570
3939543435
127641547
52852973
39301878
25318801
1855700990
1089594594
179103996
1359934838
19508838
1378677487
140093395
49701578
185782618
304003172
989787583
52425646
169512661
1161879818
3871630394
36719281
4214030293
4186274473
3323226678
1324457737
4227861133
17074440
828167179
816259062
4198347978
4217515814
2870333857
4176509654
476537557
22103425
3876396198
78408666
19948202
16669075
4208182574
4174251013
1248868412
217373175
23323100
131914472
2577913992
3799311193
593884503
589570428
78138151
3612401233
4019856314
146821447
3509628258
278776049
166252256
147370183
482960745
91957462
4213074498
23641343
2225952684
315431630
4164608593
1594507346
43920155
3983366114
3871211790
76580570
4076495952
2260439173
2848345921
3219720878
3939100098
65104337
21208444
15162193
44415931
39601084
19028615
4117760781
4107157820
158414847
130617778
19697415
16129920
15458694
13493302
55355654
15727317
21431618
20818801
24431892
136300373
21316253
21268897
15463671
16016427
14412533
18678924
14606079
9532402
14834340
16892481
7138532
14647570
13524182
14717197
14046504
125547081
11447852
16076032
2172
767
12193342
19826509
20861943
8383592
16686144
17004618
71256932
16935292
18978610
252531143
119625403
2886120104
1178700896
3301508964
1947301
64643056
380648579
24506246
15865878
1586501
2384071
22240612
18424289
9207632
4970411
16012783
16955991
73190286
35773039
249758564
16906137
961132338
5845492
1754641
11107172
573918122
40532389
258885469
5695632
18949452
12263542
22429979
15164565
37269308
14348157
8936082
13213122
12245632
14289197
17006157
17698956
197869772
45564482
20169416
27810354
22396478
14230772
5402612
2890961
742143
156651229
14594844
612473
23777889
31458109
86158118
243896198
2097571
16343974
16973333
51462013
788524
18816166
22522178
50058630
87818409
25709609
35002876
14940354
35123052
1222018640
353344542
6576492
50446226
36823
20951512
15163466
16246929
16026783
13029
14515799
45565185
49753604
21009948
32423136
8525402
100531396
16399949
24622734
3092848174
2195241
8479062
2724125749
14096763
60783724
17198424
3034814919
2244306842
3224616765
2280900296
3034842802
20778387
27696993
4898091
23518723
34713362
6730222
1775731
15110357
20562637
25053299
15553222
18129528
67358777
32359921
13784592
2735591
18038269
3403314244
19063323
16870853
5135521
14800270
67819221
17796018
19809471
14089195
15279429
28166836
15811181
32036992
14677919
12369372
41215523
14631598
25135956
82507743
17070113
46966900
5741722
24980246
38530157
88749392
14878485
17379685
15962096
23989491
16017475
40280441
586032653
237620107
283895895
17358750
9636632
16510540
95073890
37534994
17036898
16135536
14511951
9300262
14662354
17469289
14991920
17525171
17446621
15754281
15012486
36218435
17718497
2467791
51241574
16664681
6487292
26776045
254186356
2314055840
393562221
2485930448
31453711
16642424
33435693
43409523
22086608
80325373
16829266
114497182
125453969
3065900255
3071251042
19107878
19940085
3232054991
15008386
12897402
17603183
93069110
26186655
19548166
70144495
15520732
3193526130
2207588833
16668771
277719684
2800630026
20704132
21619519
2695663285
17527981
18587457
91180720
15220768
14173315
2836421
14962779
55257161
16302855
1106501
182503471
2565952662
4207961
46211139
158426909
115442332
22501380
205864193
48802204
3246838764
14251225
56485787
1873091689
184136149
11856892
31127446
1394399438
14529929
21220931
89820928
16250929
326255267
69295996
3065348142
50325797
14327933
21634627
14246001
146167871
2504452635
991745802
210833051
15446531
110823581
18622869
1967216306
1111940934
20281013
113436175
18215973
71569841
3245135844
131144091
369246180
236485849
3317590708
124763921
83668232
42995067
2332617303
2922928743
1071777608
21867341
23911915
1563426390
562385224
24404039
2546445150
1861751828
1601549102
2377561969
2283772130
28181835
130496027
155784594
1135388684
1342861723
1854981890
1378231782
2169098419
1135399020
1702571186
596661417
2750358085
1623730970
2151620534
1881128166
1712989040
1639207880
1729062162
1603419038
1665386791
1665298740
564106953
369232105
14625398
44783853
1393155566
76348185
1613223313
110541296
14615871
20437286
244655353
153149305
337742544
113420831
1281405877
1530850933
120176950
369245377
1615463502
308573576
1604366701
15764644
11348282
14700316
19674502
249722522
61853389
44615672
73181712
15647676
66369181
33998183
595515713
14159148
2458567464
2382117350
369505837
2328937074
9624742
23617610
19923144
30973
14230524
3281853858
35936474
23375688
16303106
116362700
44873497
325830217
157140968
759251
95023423
14634449
10228272
93271408
48734917
14920785
3907577966
116904515
5392522
26538198
18743568
1093090866
71876190
17899109
85603854
110827653
16190898
75069067
19080046
14293310
50374439
236699098
15614141
757303975
65992743
807095
183310940
30364057
169686021
1339835893
27778893
18732075
1581289837
12044602
1536791610
2194696542
92367751
19834403
15007149
1330457336
36042554
16228398
19397785
30704824
451586190
44196397
17220934
321970500
23818581
30313925
32453930
500704345
17461978
50393960
46296304
25460615
55117855
197598287
3353566654
3303293865
205302299
31080039
23544596
21769127
26329195
26585023
36980342
65733755
3015271772
24581397
148496087
19519252
26527812
14353392
16145224
28164096
293850289
30278532
59157393
86613184
239819612
46696817
2233154425
62513246
17544803
19927627
427475002
1434251
19407053
1636590253
21323268
25073877
16581604
5988062
3108351
624413
91478624
34395888
89563994
171682730
3066007731
14934818
305217958
16271952
59624844
185314895
178111058
47459700
20177423
109702885
136361303
326359913
586198217
14075928
32959253
115485051
16894706
6480682
27260086
20322929
18919286
20440823
16132022
268414482
90420314
34507480
79293791
19426551
28638126
159143990
231175831
18741652
161969197
18741631
23083404
26565946
26074296
67673600
23274387
37072633
117839957
18777618
23151437
21447363
16313592
8731312
25365536
25521487
2557521
428333
27195114
18597641
18734310
19759749
17919972
19093936
813286
19032473
26257166
15846407
17451031
8216772
15485441
