3899767882
16967612
30364057
136361303
23561980
3245135844
40908929
19697415
2467791
2216088536
849006404
19777398
50374439
23544596
2835886194
3133320593
101928415
422665701
2314055840
2293276483
3303293865
23613479
500704345
30782495
39364684
1330457336
15279429
31080039
62513246
50393960
55117855
14824849
16190898
30313925
16303106
23617610
56985219
1339835893
20322929
236699098
2541363451
30973
3108351
91478624
1582853809
783214
19397785
807095
328941811
14677919
14075928
83663427
10228272
23375688
5402612
759251
22256645
14230524
47055387
16409683
60937837
77888423
115485051
17915334
116362700
5988062
1536791610
14511951
20609518
3150940290
1093090866
14293310
17560096
972651
2222673457
17790274
16331010
1447949844
555928038
17525171
14920785
35936474
2878094030
169686021
51241574
32959253
256881576
155659213
1343486720
157140968
347035710
95023423
11348282
19923144
141633175
19426551
79293791
26257166
23083404
65659343
2183816041
27260086
33801019
68399705
19895282
813286
17919972
15485441
268414482
25521487
44588485
107318424
2557521
21447363
102382667
130104041
57928790
90420314
26565946
88856792
277434037
23151437
428333
44345790
25365536
34507480
15846407
27195114
77732185
92726549
78259714
30417501
1317076194
115341081
3102011598
2469605695
56304605
1492538024
51376979
79708561
56631494
195703895
769727912
144755081
18354016
97865628
54829997
113419517
68497896
132385468
18681139
183230911
101695592
101311381
94163409
2609430862
472481286
972827402
