2201794429
2205471258
2828079384
541566047
67164062
15074642
307276586
2427756660
450886647
30269153
22650211
7744592
28785486
35773039
17134268
42958829
2836421
8839632
14677919
15754281
2884771
86141342
2467791
14293310
15012486
51241574
14173315
14511951
807095
1112307870
321445166
233930436
332788870
137478201
55728361
204887235
139399835
148760908
237634998
207426991
312230865
89423854
93167589
66339576
55010030
29517812
20697346
34305899
20009684
55033682
56758031
419035380
62945797
123682412
18358273
16575888
15320400
14541208
19410179
135731468
71865957
69656547
26347170
20702052
19341413
19661294
39184406
16685316
19117213
108382988
101894425
82714804
68412310
297047872
14780915
27055945
19081001
288205018
43969388
21584475
1711406461
14401698
15155074
22549812
40139016
43383705
18307793
57778499
22720074
25743813
41305464
98765275
314792669
217518231
27150723
27760317
539004555
118483749
45707366
39887890
21163600
236956880
19114743
24963961
238475531
22832029
95955871
36880083
241264057
19656577
14422993
67995848
19373710
32116654
26098254
20195191
15126599
133880286
73992972
28706024
184910040
30973
24959025
2691293785
2667569593
2097571
742143
759251
5402612
428333
178882886
581381740
52952786
19166368
292139410
47459700
1434251
17544803
178111058
6480682
66369181
15846407
90420314
30313925
20177423
46696817
5392522
3108351
25521487
1652541
427475002
15485441
1367531
9624742
23151437
