24400702
4243075033
783214
1432977446
480782173
264107729
288039854
1591789693
4134392958
261557829
536889795
472428172
4179882257
3284754181
3970275981
4098933208
1205715049
176566242
84279963
3291908624
35787166
2820700538
1052749182
105119490
158314798
2467373443
2378065186
181561712
881351162
1514868744
1156344793
381613210
2536686270
349390574
1790176466
549872279
1392236496
2260678456
1970421085
3143131417
3063586893
1671957470
3140045798
3078049233
2957461426
3054785761
3148451455
3161084697
3301358399
584693105
3886750582
2154879523
139876086
92945681
171117515
92424604
109275593
92724677
92211391
78941611
87118217
70179948
135421739
232378544
3439469566
80404504
1388909042
190692903
757113872
1425732632
373489013
1419867823
57998991
70903729
109241992
108936259
107318424
195703895
115341081
70349548
87170183
18905975
543533194
301921037
550122068
267274202
1269425228
2550652224
1073336054
620034505
2359476565
1283561876
533085085
361150095
1670174994
342599843
436702610
152720747
142001958
366520644
330446733
139092348
1964571728
171840420
260299316
258758307
176210542
550202880
60865434
282064204
488731085
205011496
333534411
304596944
34949757
90836187
932429090
183387449
740336334
151123001
155659213
4061482875
3638127921
3998871140
3003470379
251521725
228370791
1021419306
123255923
947192262
139022142
68497896
597301440
950165300
230140702
144944472
366947884
131442654
138387944
317034396
64049044
291557277
79708561
436266454
1739337762
70088937
3146414963
2420403982
277033805
33868638
457448023
3314827220
3264434195
14677919
103603559
35773039
102594253
53556894
15164565
122995784
122928781
16955991
15093629
76294950
1402880538
1947301
75854417
1067910619
16935292
53790896
1149194030
23839835
53555106
1382036904
2329066872
68399705
434238942
16076032
24258355
787223666
118024094
113278275
1874716356
115754870
64643056
585422993
97865628
57928790
56631494
54829997
95917731
58214898
126309470
2186474334
80194550
4113440572
3116676128
4190906174
3164933707
363536119
4087189752
4050584832
4125960020
3125092171
157496375
4010972692
89244452
92548402
42607080
3291302576
4107300856
939712842
4131876378
201126041
4097322732
274685282
4124909794
1667170219
549812317
3888399280
3193146333
4003065316
4071315465
3513433332
4117642040
231795597
3109658798
4139879832
433559813
571948184
3187974075
4190834659
3106733908
3290358278
4119800337
1684286856
3432876425
3435834432
4127460373
4025010618
4018846577
4190999592
4015076953
51674513
3192871521
4149702076
3126045806
2722757679
1068848329
3884635333
4102198993
4032415899
832549543
229693701
250707907
3917408726
2880234757
888228403
1056195000
2991691509
4133409979
1923475478
1425507000
4124364073
56021595
4191078493
1239994832
4158191832
4179915072
3774150974
206030232
456348013
3148942350
4149404423
245453748
2398192974
45454350
3273018098
2419436353
171579048
4149491247
4070133142
573747175
2617806733
4149469041
3318400672
3949158313
4127208575
2991589637
3233973331
333114409
126882940
2444465897
2613257268
4168696943
4172058165
4220225232
2970691095
3002967472
2665548361
3035947566
2993137374
3049427036
3145875404
3153999940
1567912675
3184806859
2165676145
398770067
2969216906
378205013
3292415024
2986449423
1934776716
1456336345
1732750082
3243660510
3047455866
3624835593
2560764284
2791305420
26589987
1622444628
2626353947
1677387697
152525483
153646405
632500842
162160987
3240538777
456898329
90105670
87807524
2388131258
1437203868
378406602
2403160135
389930791
992215171
1544430618
2271212281
319560382
2334511843
961601586
1086869100
790013586
1122696499
790344403
836693858
721257134
1390740235
2892620623
45843450
878474238
3303879956
920331650
325998361
2984496757
2197301240
2937269116
1219751900
809983812
902957323
540580785
2757611915
51388481
338614276
1676895474
2935718502
914394590
1494574268
1547440568
2957393144
380134453
190956376
1684346072
358103019
34567398
2425021033
3289576254
391537637
216190358
829003693
3672981456
3220902348
3073766718
939489822
576549203
259508886
2336087197
734293639
598822866
1062247844
129805796
15290441
533858274
23375582
19383317
222932212
844290768
581103662
1236524364
2256409058
487118986
22256645
91478624
2401890252
123417995
2597413135
56304605
2222673457
3175433616
3282045398
51241574
20609518
34713362
347035710
405427035
2985871892
24705126
60937837
1652541
2541363451
3002789437
2183816041
11348282
58243368
68977380
1856414335
627673190
343627165
30313925
471741741
1330457336
2907605552
26257166
3241480459
261073238
18839785
3177475255
14920785
256859727
30631881
95023423
807095
21447363
101695592
420931744
157140968
365918709
32959253
5402612
364761398
361274334
354838265
90420314
14230524
19426551
1105470817
759251
23617610
169686021
742143
21732631
2308483814
115485051
64698539
10228272
236699098
15846407
399923070
23758430
88856792
17588033
28116759
101311381
26565946
139671758
23151437
145125358
23083404
191774720
3098646739
15485441
30973
132385468
31348594
35936474
16303106
258388627
27195114
17919972
625760052
588991231
116362700
268414482
1200433244
465410950
84575949
1568130360
79293791
113419517
25365536
58743813
336297505
308959719
2835736254
19923144
51376979
27264594
74679662
333508967
94163409
428333
23375688
27260086
290906404
20322929
18681139
34507480
1310180700
25521487
1598007750
813286
224589285
93589182
198172757
2557521
