213958105
14182050
81900278
61253025
14677919
65894668
750247956
24705126
2797279038
17380167
869356358
14075928
105710210
364754416
83212615
25267500
3172100750
2656307786
108025010
467348923
136479128
136304297
2915766225
389974129
54829997
479017004
1335844219
3310453322
18872373
27260086
16983244
153816142
1846342081
153248015
2739302983
18869240
100585972
110972842
3331113917
31348594
1243173036
333959328
28273722
310679156
58897829
701441022
63662120
1045469684
575485999
127509023
947192262
390249372
1492538024
2185781914
63796828
233070139
2583539371
328613917
304804960
141664648
57214438
700568101
2858562452
57188977
2854220652
2258993721
1419487802
2339960954
2522350946
2650758884
2253915800
2247383438
2683585567
2699169380
2744531738
292842681
2475346920
366947884
137017726
950165300
33801019
34680131
43440033
94163409
183230911
56631494
18681139
57928790
101695592
113419517
20536157
101311381
132385468
145125358
