807095
55117855
241382835
115485051
2203666609
20274611
8824902
174533632
629097517
38234856
84092181
303862998
96013710
3004211085
14677919
31672638
24216951
41634520
33434326
88749392
44039298
71597660
28221296
19777398
34036028
26053643
238319766
336116660
155823836
502281810
338727056
64857643
1228516999
142157505
57084769
562381032
500042487
14824849
121626258
986235307
328049243
3229848788
17525171
813286
228184292
14499829
218167872
620571475
16409285
2916305152
30673492
298320111
432832791
1344951
816653
26257166
2466342182
341190477
2201794429
16573941
6480682
45564482
972651
14780915
2835886194
16303106
9624742
759251
325830217
24742040
30313925
500704345
50393960
19397785
15007149
1330457336
1536791610
1434251
2233154425
3108351
21323268
25073877
25460615
23544596
265483421
14849562
428333
15224867
15485441
1860576272
37989554
16233170
15846407
1428672535
