152251488
92726549
38403110
33868638
392881155
84554399
195703895
33801019
230140702
1652526218
4128705736
2514519317
183232819
2609695490
2469605695
950165300
366947884
2805358944
624462023
2793153962
3165290299
137017726
3172100750
2310181052
3769724833
3900209294
4031605636
3603577696
4021347078
3916200975
174535083
4066708095
3948969801
235855853
3189585589
4177546212
3804080354
915759114
1413683407
361816185
2702454934
614968526
2661230042
2678766978
1348483322
3230926380
3582312132
2940419804
251521725
1978851349
283916211
1021419306
581579728
2784322220
285475285
110384388
173396404
795795030
3271054164
197096640
3222384295
2303160742
2913602803
2547666630
428017196
108017492
405512459
2431802989
3228323186
2931586334
101172369
3241090513
1357026972
2677195884
184447858
3242977956
1303050121
4180453634
115914257
302388937
3687841220
2565343451
955650103
4112857585
2467813267
2597598312
526368961
4200763814
1828217294
3246604818
286778954
115259903
3858714681
3196325275
3983768025
331574081
1909927514
844757299
3109204789
4201180092
2922407628
4146971654
2671818152
623371115
165857203
3328753604
571919824
1443731508
604311701
3584868374
2929360609
4105214074
2449254163
3323423178
2649805023
4198622414
3189250302
3318260868
2419513250
4179761723
3825528312
374336114
3324477794
3166868083
3789010639
2787969684
3064521807
54827884
167293878
115839691
4148222012
412953603
3064468365
2889506911
3242221416
4080531738
2363958276
3046768958
4186641492
2177957312
3892215078
2801210730
4184923589
3888330253
595241043
474631800
3032821888
468031676
4074372613
2991628732
119103007
3143475349
718459830
3255305640
1171310791
237403341
1603026835
2158653273
854443460
2828157694
2895562544
332819439
3319946371
2890840885
3613571234
3858675012
20171829
98188901
351492354
895620398
857946978
3295115262
3853985415
432477276
3020382805
3278280925
4210150105
1492272542
4157071377
4087258512
3261079658
2545077668
2850674072
2261291462
2645204442
2180006085
4153341979
2880557323
1354691610
131043864
1401520172
2287833204
2938404415
149266218
35270044
287326496
294105060
75069825
3512892918
78612218
628263016
112968903
363531890
200811728
144156092
61440547
1268417846
604460097
4018725076
372951428
428949514
95043111
1084584842
3749056033
1830580837
98875623
355385533
3215577988
2871905184
2300929100
339513364
2741674775
1697580391
3307812312
3892863916
860131502
2759005566
596234491
627331884
50327873
149776151
3162313399
2582486220
390880168
29463800
1138703790
140705373
442810872
614934428
542385183
1971494947
3204906906
321249992
483831831
18532324
2149106256
2354218100
1167508345
1859738694
2952409248
1117283443
2311644853
4234805174
2895811526
2288325932
3307972922
3408362158
2909639851
887212094
3052293109
2896385166
1672764188
4180978212
3492884894
3183353149
4194715365
2913246522
3419281880
4194732861
3286170756
2923178127
4185186312
3535936585
2192253264
2237544020
3308884357
3728433931
2729060442
4022951782
148213079
4172008695
3317505752
972358981
2155392779
3356607733
83398331
4141359258
3254494231
3100029476
3146486798
2334687152
230673100
465777144
224130146
3942010275
3472509254
595498995
2485764247
468563630
2843795587
1082874522
4067229329
4179979228
134217234
2528007703
2507547013
2511030757
2832944258
3370718411
4187708952
3065887309
3948476896
4111132109
1454546348
2530603630
2475816674
2412818148
463700505
2989775967
992792796
3605983149
2197229085
1961016775
289385768
2656048374
1273838768
1722351240
3567407239
3092199505
150648723
531515788
344247912
4241702173
2933184684
2592642110
2603925554
3311775451
1140431672
3222032036
2349793423
3474213974
64951475
2642421603
1421070458
3018579273
3018272202
812749872
1900693339
2279582227
233888180
784668150
94783228
3144778329
327687597
141170479
54853453
159400168
2320535479
2988977909
127803784
3168730338
3934709159
3139324147
58214898
2734720034
4241992879
2838101196
3248018899
2737349410
100416795
4103176154
2583874817
4084354468
1165461060
1472171683
222747067
4181328622
2679388825
1274058426
2848584842
4015617256
186436973
2835228708
2168260777
146750597
469349970
380896320
3839472613
2892322166
2938985466
2815087580
2299971396
389933655
4212355220
551899737
2906668596
603340520
4109064440
1904541025
288178960
2430484091
3251924052
3171141020
3273613609
795584022
3270442117
102112453
86892017
307814843
1430621149
3844404436
3189011090
2873472796
1203223718
2995493195
3181395648
586188089
2539983841
1422284282
196934424
104091399
183538178
1852295210
901862509
1620550010
292723000
3270261288
1524497503
4229406919
238905332
2196402145
2839384795
2401315764
335266659
2160388034
3582045554
3263050704
3837371353
262080728
444541434
4137889126
1225821198
3149756418
1461968264
1694611075
149548411
2748638928
4192148000
3670025592
262991419
3546955213
218592651
3280686355
2648440518
1407822738
158717422
3310619390
3180173142
113840066
425897738
2816356460
1596040044
1548196603
1967314566
2950929734
1841333305
3176980500
1270295233
3022020428
2310027454
2256082651
181584214
440723878
306857853
771526872
33435320
4235817806
1334218118
2291149057
3113295126
178736813
2376844446
4241566459
2701443655
2593081550
1691565541
3018739740
2371056545
2977034491
417722131
1224953886
2409201151
2355670544
388133039
2440903267
2853914896
4175526567
3285248780
3186808626
3031730931
125397957
1821188677
2938248337
3161438366
3660538212
2840132465
3743610734
3920304865
2890707337
2567422164
579616915
2757546890
1466795131
137658463
146356305
81803850
2536971246
3493681165
560338888
2775772916
371848564
2609477468
4103296634
1925933000
2567278326
476758417
3006030335
295541330
2732489586
3045629305
2864716797
2259177384
763292478
3071341448
1524903480
2354714568
247629051
3108345313
2180682535
3118895981
4011839899
89505108
927618055
738183217
1540012352
4198027098
863020417
1948968138
2611925528
3994182674
4233890412
2321629130
3220298820
393907774
1874716356
1545534374
1149194030
1514458921
3986493585
1601454931
3632957895
1700856104
3243055519
4071179958
580846506
2900183396
2363828041
3011160846
605208757
2360547890
560954632
2177750774
1402880538
2897417719
1363910538
60999896
90557011
1970117786
136911430
741758042
3757921152
3992808974
2826771146
1683210984
25510927
3237171534
1619289024
142946997
2959975296
365612385
3284229768
178451939
2611149494
2958454797
1438513676
2299110869
261115146
1044003888
1093483688
3304511866
1524851288
2459680674
2364117546
4141719975
938985577
2758793442
2937863055
3233887370
2875258084
35556410
118269051
2182593386
42724192
1588275794
54848526
3526705639
3920981353
3318646472
432538804
178355702
3825545478
3131164024
2926755925
1246612332
247219711
4120859315
440978212
1479111684
1108915976
269002710
2844171119
2926599109
3308770501
934708106
3044645529
3036500524
320401945
2301912668
3934647980
3361928272
1116975554
3298072519
2920726292
108196863
715162314
2601970165
94284891
383045089
522707465
1582959235
2528125843
628255258
3242186422
2505391860
2901153985
182044601
3381713044
1618362440
3303942327
133020446
543505147
918967932
3336456971
3019203254
3250923632
105622049
130129658
3232984453
109023207
3144620640
3197085530
846260876
2755306821
2245782845
583895882
2270431866
4186588510
2917183734
3931071005
3225259946
2946196452
4186206193
279488368
2365851475
2734958157
704499834
2981449222
4185906058
4066352712
3076368622
3326002212
3190890500
1704003433
3725818705
2765476930
3277189514
800910762
4025960473
452802002
814799761
3593115493
2418421062
59996001
4013305940
277637314
3112554718
154066988
2578963333
43989325
2586614659
175916645
4234571180
3764975832
4186381575
1476462068
3012028218
3316619059
3902189799
4226305033
477358961
23708945
2832757336
2705877144
2315940973
66924920
120052473
363270723
4230780680
2815226078
1556298044
2837112149
2975997518
2899424000
225470835
1161110342
4200053594
228605074
2893033002
4175061792
4155330812
2330829613
2861077369
114991247
784716498
629179215
1612019588
3016741304
587614443
61945916
79708561
94163409
35927341
1443400729
1229246730
110087529
563565412
3438037660
4113702314
1268356501
2723097127
3268835688
3268895071
4179428475
2786275146
850906279
100943871
85069586
3687922702
269228823
611369112
2914735171
1227760062
3698352493
2984297965
162341068
3578959937
187078483
3321287568
87707276
2865325908
1866329144
3050609647
141529401
3506584646
1963370870
3593752992
142722336
3245839327
2896351292
3146936341
3166156394
3080633684
2955692066
3228204722
3193718777
2879166483
211460806
3192498666
561414417
507781967
2210723488
442558444
256391693
425927424
348833294
2289054835
602791699
3237265422
2927628774
3136829657
4076019563
2584236355
172394528
1384245248
142219053
363714280
2911928094
3332168975
193206068
3112379809
261611818
717566052
132326446
3136326829
232170199
11759272
3590577980
98413448
129786468
35695228
4177866855
945993187
598309230
2412209052
2571165193
790035703
3162737132
3791287633
1716675204
2402196960
341440863
3368676905
3241998620
2645853919
2253168216
3232341534
2887012286
3231856862
2676805394
424003254
2887308606
558580972
2154469459
3130922037
3308753952
2527023111
777529015
3604565772
2876102744
95619703
3165113796
982570490
2886112106
189344423
2806810536
3277050468
2540619008
905257238
4221729072
2951908025
4119577403
437054383
2170355449
3960179354
2249579373
272313124
2949398534
2332078932
164876037
1719596809
458570404
3394735024
216022700
4186644400
778047360
3296624598
1880827508
3061055377
396578503
461792773
4185209380
3144884017
3241414732
4025139734
4230631034
3277327466
2556139226
2988257593
2701453706
3458081113
3705352223
1343772805
1095623323
67273046
1492538024
31348594
101215084
2927698914
2797546705
614156493
23061619
2994473828
2793932169
1856975102
1019559120
3114658051
14677919
130054475
2833280540
2584513027
63796828
947192262
3155547345
317034396
2177710981
102382667
1302871633
1139649950
2957634872
2517109201
521637851
597537313
47571031
56761423
82949914
103603559
70903729
94816809
122995784
122928781
57879889
66306024
15093629
76294950
66334209
75854417
56913467
53790896
115341081
107318424
53555106
51376979
68399705
118024094
57928790
113278275
56631494
97865628
87170183
18681139
101695592
113419517
101311381
565744605
834842894
1190555929
1086642313
79694885
18839785
3012524917
395169754
16824146
977764832
2277126732
3137045791
64659547
101713043
275621454
2647039614
148785582
996669444
135821060
85089837
3168091260
627301298
1098231385
20751449
241832290
71201743
405427035
1153045459
121044171
329922204
18238260
155151279
37600239
1559985589
1892845975
468479147
1640449530
59808841
493353999
132385468
300686968
145125358
92708272
38479920
73635568
2545331568
87174678
98932084
183230911
3611471594
92724677
15875921
55520719
135421739
207809313
341363220
