14800270
556793833
119935159
119609847
134885429
134196350
2549012761
40908875
8288552
32315956
2606711
8151462
18949686
10136262
61376191
3203731
8148292
26538229
28175577
23484039
25053299
67358777
621523
28140646
16334857
15110357
14677919
16664681
20402945
14159148
30313925
18949452
2557521
91478624
4898091
2255103726
300392950
1367531
5988062
34713362
243381107
265902729
3108351
5402612
15012486
742143
807095
612473
51241574
428333
1652541
791197
19701628
759251
10228272
17874544
360910089
201673987
6253282
216566780
783214
89421672
15066524
44302863
20845447
50940456
19641868
18307901
54226675
6680662
14444758
15861355
151877169
