100363256
17731036
84352985
428333
50393960
56304605
24705126
97865628
813286
43568964
17730742
118957997
73871975
807095
256495314
52339151
22103844
108252113
53355887
37168231
40453512
20609518
18872373
38479920
86734482
65851020
512759635
14293310
17482727
146468921
87484569
41814169
5988062
14072047
30826229
14677919
15308679
9207632
2735591
23061619
15066760
14511951
56312411
303059786
14120922
14159148
18452469
69181624
972651
95023423
57371662
15846407
436292177
15143478
936149312
886268384
405427035
33235771
16548023
10876852
145607857
34197952
38144082
56948878
45564482
1542533869
17514354
838464523
270426592
860237030
15492359
2707085628
2915019577
275686563
18839785
30457335
44597179
41067945
711694309
101311381
347035710
2183816041
518426321
3268235359
41799998
16983244
38647512
29958928
251521725
494747331
19897138
471741741
197150180
63390627
240649814
144755081
108253263
6509832
279449435
104092776
207809313
20751449
103791628
186388502
134758540
41364508
78022296
368779416
181850923
98932084
42606652
223383707
37600239
37034483
360029609
85221650
15875921
55520719
240768575
1153045459
109241992
219617448
36327407
39240673
134666628
155151279
219273338
57188977
