68497896
38403110
240649814
115341081
135421739
18681139
128829414
97865628
25365536
236699098
266714730
2218274526
57998991
92726549
88856792
1368738830
581579728
291557277
1021419306
139022142
597301440
363362774
44256533
38831675
40453512
759251
14293310
14677919
63662120
48410093
110025421
326359913
73359920
18071597
132859239
3159791394
32122637
269842159
21931363
94163409
44849431
17337554
2856427892
14182050
1978851349
1536791610
75884219
405427035
56631494
157348096
4165318454
155659213
583545411
16983244
51376979
3312164768
57928790
3279075600
213596353
66092787
107318424
28427374
49712658
155561448
102382667
140070953
1320753612
2855625031
79708561
310679156
137017726
2729506932
3104389980
251521725
468229219
2177710981
2305104296
34613288
3172100750
86254626
133415247
1652516689
31348594
78022296
950165300
54829997
317034396
33801019
183310940
132385468
183230911
87170183
76294950
2891889826
791517902
37034483
101311381
113419517
1196254680
428792888
41364508
145125358
197150180
16507391
360029609
368779416
468479147
219617448
155151279
144755081
55520719
101695592
223383707
87174678
508656152
18839785
39240673
