97611573
3343610081
107318424
3251305220
15093629
3226973946
950165300
122995784
366947884
50393960
122928781
115341081
84554399
291557277
228370791
144944472
230140702
123255923
131442654
575188047
142722336
195703895
700568101
66306024
138387944
295026890
118024094
68399705
57188977
109241992
102594253
239267224
114785416
99642673
118757160
1196254680
1368737382
41364508
208417986
355989081
68497896
614156493
258283931
52339151
24705126
317034396
85657578
39743812
32843303
120965579
41094453
2729506932
374526155
3571037838
2469605695
113278275
1642669674
75509967
87484569
441636351
17717614
2381667174
177886974
21551205
458451038
18373968
40400019
137780376
34197952
83529586
245687754
57998991
1073676020
1251083774
16184358
1288175774
252018855
1856414335
79708561
87174678
373410448
573918122
1100927498
373280952
36327407
40884854
751400048
371730289
53556894
139189823
18071358
1657730988
105710210
231033118
243023355
2574232910
85462891
53355887
77732185
56312411
32959253
2222673457
759251
807095
1344951
816653
23617610
41814169
15808647
95023423
14159148
14224719
157140968
19923144
1072993274
20751449
61458407
74286565
218984871
97442036
116362700
138822469
15333047
6253282
236699098
1447949844
1056850669
1536791610
3171712086
30973
1339835893
1227253801
97217966
1244137812
382267114
2602959463
56505125
31311757
115485051
256495314
2312262702
38679388
60937837
169686021
38647512
35936474
2574072036
14677919
23375688
920488039
2549012761
2857397298
51241574
783214
30313925
17710740
130649891
16303106
742143
1652541
14230524
205622130
2791245386
207809313
2244994945
10228272
177829660
22763833
14920785
29958928
44196397
94530194
2541363451
20536157
103770785
2253142422
19897138
141208596
6509832
124258971
11348282
347035710
39240673
130151627
42606652
2597413135
155151279
130104041
1346439824
14120922
16548023
20940081
34507480
18863815
97865628
3108351
70652594
135421739
121044171
18681139
405427035
21447363
277434037
71201743
20322929
23151437
23083404
51376979
78941611
77888423
23283603
240649814
54829997
21787625
56631494
87170183
285332860
113419517
26565946
18839785
30826229
78242874
15485441
25365536
108252113
68977380
5988062
145125358
428333
115622213
813286
101695592
128155589
23002923
76294950
92724677
88856792
31348594
1389693252
25521487
37034483
44588485
26257166
2908316730
2557521
23976386
259379883
65659343
16983244
230845588
56304605
1676078360
1492538024
2183816041
47753886
134758540
40101400
27260086
352145373
216299334
40453512
268414482
94163409
37168231
90420314
47459700
44084633
471741741
27195114
15846407
332188446
79293791
19426551
33801019
132385468
412867311
57928790
17919972
18625669
43568964
18872373
343627165
36057824
19929890
137616033
101311381
19895282
219617448
183230911
31632905
