79708561
17915334
240649814
60937837
78941611
54829997
20609518
128155589
2183816041
219617448
121044171
471741741
101695592
87170183
68977380
16125042
33801019
65659343
25093616
20455625
22940219
57928790
97865628
1536791610
50393960
813286
88749392
26565946
19895282
1447949844
51376979
14230524
76294950
277434037
44588485
42606652
2303751216
1346439824
207809313
15492359
136361303
3108351
35094637
183230911
14677919
1598644159
20565284
56304605
18839785
8161232
21701757
972651
16303106
1059194370
16302242
20346956
101928415
405427035
101311381
134758540
37034483
17446621
22256645
92724677
14824849
135421739
19929890
91478624
56631494
133880286
42384760
130104041
94163409
51241574
42562446
34197952
71201743
19058681
113419517
132385468
17919972
23613479
53853197
2966774301
39240673
1582853809
19564719
145125358
31348594
18681139
1492538024
5520952
26257166
236699098
23083404
118024094
35936474
25521487
14920785
2557521
428333
32959253
27195114
23375688
65992743
27260086
34507480
268414482
49573859
92726549
21447363
14075928
19426551
759251
17461978
95023423
169686021
10228272
3172100750
18583722
23680913
115485051
30973
23617610
20322929
36412963
54951973
116362700
17004618
157140968
107318424
338084918
807095
19923144
79293791
15588657
113278275
88856792
50374439
19397785
18101713
2883841
16312576
26053643
25365536
15846407
15485441
1198406491
17602896
23151437
436266454
90420314
15279429
