157140968
486711396
375474419
16303106
268414482
2381667174
17919972
58243368
23151437
27260086
38403110
32959253
34507480
75509967
20322929
2534310320
20571756
78259714
25521487
75237089
2585154385
86479411
236699098
2557521
465329295
19426551
10228272
23617610
17710740
169686021
35936474
30417501
1324334436
373280952
77732185
103770785
27195114
813286
373410448
116362700
145607857
245687754
428333
19923144
1072993274
25966181
1288175774
95023423
137780376
231033118
1317076194
26257166
34197952
30973
920488039
39240673
115485051
97217966
25365536
2222673457
6509832
1368737382
23375688
14920785
759251
1447949844
2785480981
20751449
24705126
711694309
8161232
54829997
68977380
225190303
57928790
240649814
56631494
57948579
17899109
31348594
471741741
15905103
14677919
130104041
5402612
1856414335
221392767
26565946
1244137812
20402945
347035710
141633175
1056850669
36327407
1251083774
33801019
56304605
132385468
2253142422
88856792
76294950
44588485
101311381
94163409
405427035
16955991
65659343
71201743
79293791
14293310
4898091
145125358
19897138
38647512
1344951
60937837
87818409
2467791
19929890
128155589
1754641
624413
28140646
42606652
59486068
183230911
87170183
219617448
16334857
45266183
3112136270
2183816041
135421739
2597413135
18949452
97865628
14800270
101695592
1346439824
19895282
113419517
236526490
277434037
25053299
37034483
78941611
5120691
3423735975
134758540
32359921
2602959463
92724677
18839785
18681139
51241574
1492538024
2541363451
121044171
60054156
207809313
51376979
1877831
5763262
816653
8841372
34713362
5988062
109702885
14230524
3108351
50393960
91478624
15485441
11348282
21447363
17461978
807095
90420314
300392950
136361303
2955629413
14159148
15846407
6480682
28164096
19927627
326359913
30278532
43192807
1434251
310463188
293850289
23083404
49061402
24742040
586198217
427475002
460903377
29730065
1652541
5162861
30704824
10671602
16228398
19397785
30313925
