1263292416
14293310
2097571
884378714
265902729
612473
352947624
14372486
428333
759251
2890961
2467791
32359921
87818409
14511951
53646743
46574255
51241574
20015311
972651
5402612
18949452
156889951
742143
816653
169927844
199274986
125603760
1344951
18676177
98310564
34713362
14677919
15439395
20609518
44196397
26179896
152966047
63701775
4898091
45768931
8161232
23950960
50393960
1652541
136885994
4164688093
3108351
14800270
637313893
15492359
91478624
488103057
23922797
807095
161419220
16898427
130834357
828742454
5988062
