1611630812
1410801408
30478944
1849520222
263218907
483492083
944635381
170816440
92727084
53042951
1624074696
333731798
296367944
317858772
20632700
316204123
141662318
547812152
1020866658
187881022
1023258176
584927811
606043490
2215076597
501417713
148957491
399497076
41784190
345491568
3376142302
396779192
34284820
948811464
176296473
146249200
311910661
2904737705
2209187462
87496940
2436765555
22906929
14677919
20508222
17020962
311135211
25311070
2308997756
37083818
3116895400
409758872
17336417
160926944
24885558
151544201
47319664
17185109
215952307
15687399
87818409
15317676
38142380
267418667
923962602
5225991
108390812
2209993898
807095
110131482
240899654
17386885
363095497
19818494
2983335167
18807671
355994177
338237494
31892440
806133
20040003
5988062
