1935212492
3100266157
3215164585
3897338836
2218614180
3410393174
981057535
2951781884
62513246
24886570
101855008
575099748
3327654242
78948297
398125514
76937259
89489836
2848375214
1637397061
1311505802
3371992042
3426786472
5402612
612473
14293310
742143
343627165
428333
35177878
627673190
759251
121579395
807095
1337785291
14230524
36782022
109702885
118359898
24742040
30973
214791922
300392950
117652722
2178348949
23151437
15131310
30313925
586198217
26589987
56174631
276702080
8161232
19923144
90420314
14677919
49061402
14075928
21254264
14159148
436266454
25365536
16193578
17629860
47459700
624413
1434251
16548023
23083404
259925559
21447363
19927627
