1672977338
1693359115
371737311
1741967130
17985671
158254460
546647555
3011419018
124258971
118024094
973079670
35695228
343627165
140070953
61156375
76134964
333982951
29385549
14492632
26792275
2303045042
22256645
1324334436
21114659
58243368
49551150
98362607
97217966
245218929
78259714
30857481
2190026348
287156977
64049044
80778751
24705126
166665752
479809444
461841349
403304445
231033118
83212615
2381667174
2541363451
268676434
68497896
42606652
2222673457
144463830
53556894
77888423
27602673
99642673
624462023
428333
143409075
366947884
18872373
295251095
40884854
195703895
207997374
2597413135
1346439824
468479147
2469605695
350128848
1447949844
786958314
183310940
61609661
102382667
207809313
759251
16983244
3165290299
18071358
107318424
122928781
3172100750
39240673
950165300
57998991
113278275
87484569
111615736
513067381
372754427
79708561
122995784
87174678
614156493
105710210
14182050
317034396
155151279
88856792
75509967
183230911
33801019
68977380
128155589
17471979
94163409
2183816041
405427035
31348594
44588485
135421739
277434037
101695592
145125358
56304605
20609518
15279429
14780915
92724677
19929890
18839785
143766231
57928790
56631494
972651
138822469
78941611
571202103
245687754
471741741
10454572
11107172
14434070
18681139
20751449
14790899
17717614
132385468
54829997
44196397
14096763
113419517
37034483
52339151
130104041
87170183
34738598
43139414
9300262
6509832
240649814
15093629
101311381
97865628
3034814919
37168231
125547081
256495314
36327407
216444984
219617448
26053643
711694309
56312411
134758540
17381587
3224616765
34197952
41265813
14790817
19897138
43568964
3034842802
60937837
71201743
121044171
1140451
1492538024
76294950
19895282
51376979
65659343
241964676
38647512
39743812
1317076194
121817564
17093617
83529586
3092848174
16955991
2557521
8841372
14920785
1344951
32959253
35936474
236699098
813286
23617610
5120691
21447363
169686021
23484039
816653
19426551
26565946
25521487
6017542
23375688
20322929
30973
2836421
27195114
14230524
14514804
15754281
10228272
17919972
25365536
104237736
23083404
115485051
79293791
95023423
116362700
23151437
8161232
34507480
1877831
14677919
16303106
19923144
27260086
7905122
120176950
268414482
26257166
157140968
91478624
1652541
30313925
15846407
5988062
36042554
66369181
30704824
807095
19397785
11348282
3108351
23544596
16228398
6480682
14159148
15485441
586198217
90420314
