15234407
2317351705
15165493
15165502
16580226
28543386
136501409
17248121
132665049
50115087
86977818
19789439
18648926
33187921
2734713482
180200031
15473958
495279304
36711678
454313925
16878156
14342564
17220934
515545670
465143733
62740714
289049839
2282707520
1582853809
15637375
299724983
129992461
338240032
1080753187
324978824
16264003
15460048
316389142
158414847
915726438
14677919
16303106
14075928
1968962180
5692542
15021918
44513878
7313362
21268897
14717197
15012486
3108351
14173315
1367531
14511951
1652541
87818409
759251
11348282
17781165
19802879
