27699738
2904324016
1607747846
2994209825
2894667845
928897314
1376646606
441061771
2314237220
2900114858
2914617524
1957984368
1377648546
142637705
2270628396
2611715077
403936699
85603854
3286810939
1228278002
3287402282
1949307980
1264387652
3067129675
1202222803
241776425
1009866876
2908861405
289164417
866504532
54363094
1373635098
1536197846
2211150619
2589241770
100804117
807095
249664966
3036106582
309497567
1074607604
428333
2417626128
3839178434
124121965
629037826
454933267
1114750118
23544596
7744592
28164096
759251
15846407
8161232
1434251
326359913
14677919
23083404
203885755
30313925
427475002
21254264
132503908
939091
496560048
6480682
16228398
589825452
17308994
222953824
28785486
574368562
2883612710
17919972
47459700
1719032383
23151437
20710809
276399582
14159148
21447363
5162861
371275311
49061402
43192807
23375688
2903554897
624413
