59157393
199928455
34517814
2476413751
44159806
20291394
733751245
18916432
37101732
88485347
45886194
130690609
261006598
584064981
532465322
176595253
22504089
22323319
729589670
426260556
239692519
40116885
35474809
21394764
21148783
158426909
14251225
184136149
86129724
123327472
119491006
4119741
156424055
14780915
453319164
18871227
36155411
82655893
16312576
195963264
3108351
15754281
164412502
48144950
633980404
259395895
93069110
308233424
234519793
437474926
115814829
1537328342
1435710336
15679641
14677919
19079396
58550415
17074440
450941680
205392468
11856892
41634520
21619519
89820928
50325797
14669951
14246001
9300262
30313925
