37972440
24613756
315150746
27466653
182048795
217247939
156516240
184936820
46832898
68835298
1079108184
185933542
1210851440
380436513
253542078
29903518
476495217
2467791
15898172
27631430
30080029
35936474
50374439
1330457336
357573400
20322929
1013461
36669114
15640215
116362700
14920785
351668860
10228272
30948732
16312576
14075928
742143
19637934
26565946
972651
16303106
43383705
63296944
36947388
23151437
28027757
20093858
22776999
139162440
17525171
562381032
16296659
95023423
19058681
39556712
51241574
606433843
19777398
25365536
621254841
2557521
23617610
21124400
23375688
166739404
269992801
17446621
25354366
17288548
15823826
41796688
157140968
15145073
17131180
84358766
32959253
30973
34507480
759251
169686021
589417617
20536157
15510999
16017475
14677919
18147014
236699098
173865180
79293791
813286
572069333
28442098
294380360
27195114
402594268
15485441
427475002
43192807
15693493
3108351
30704824
14230524
1434251
109702885
11348282
24742040
49061402
1652541
23544596
90420314
6480682
17919972
30278532
30313925
1367531
136361303
17461978
91478624
326359913
300392950
16228398
28164096
586198217
50393960
23083404
26257166
14159148
807095
19927627
5162861
29730065
21447363
15846407
10671602
19397785
5988062
293850289
