161455964
2176282656
110675273
136107849
238763290
82678132
28307740
51742969
24346793
18381396
24275419
33602577
18704092
185487499
23043294
29844055
18653699
20567939
22736017
39392910
23561980
17915334
64770337
19028953
41488578
27698202
55024309
32959253
158414847
204887235
2458567464
25521487
34507480
23375688
813286
14824849
783214
7744592
105147032
2983206962
22940219
18988524
45564482
15876379
5392522
23151437
16303106
3907577966
25365536
30364057
23065354
95023423
37823344
3281853858
23642374
16312576
1339835893
211050464
18927441
1344951
35773039
30973
116362700
2169098419
31080039
759251
15164565
115485051
5402612
23617610
9624742
14353392
14920785
26053643
428333
236699098
255388236
15222083
55117855
61003804
14922225
29758446
38688377
27195114
27260086
19426551
2382117350
36969785
19923144
32765534
157140968
18393773
19413393
19816859
169686021
14677919
1536791610
45892981
561684253
26565946
20710809
25170188
11178902
20322929
405728790
1093090866
15234657
10228272
35936474
2695663285
139399835
13784642
2557521
14293310
816653
79293791
2201635304
512613427
14075928
30313925
10671602
1434251
30278532
586198217
24742040
326359913
19397785
109702885
91478624
90420314
49061402
28164096
14230524
136361303
15485441
23544596
300392950
3108351
293850289
15846407
16228398
427475002
26257166
19927627
29730065
17461978
6480682
14159148
30704824
17919972
21447363
23083404
15693493
807095
1652541
1367531
43192807
11348282
50393960
5162861
5988062
