317034396
54829997
183230911
1704998570
309340221
155659213
366592246
2427418736
46143892
265902729
1903382054
39360648
138372303
140070953
8159472
789605024
627673190
343627165
22910295
266135518
3047570420
46423291
558761486
3326939008
2960580233
97865628
31348594
3285096337
32453930
101311381
17092592
134707099
240649814
121044171
65187067
71201743
135421739
3583004053
499721940
36327407
344634424
57928790
3854064927
3257596730
259925559
19980499
92724677
132385468
17329538
1059194370
38647512
18681139
2374830372
26565946
915105644
24705126
14857290
17461978
37034483
19929890
711694309
250831586
405427035
56631494
66935683
75509967
1492538024
3513916645
288333760
131506161
20751449
128155589
145125358
134758540
50374439
88856792
3254790493
169686021
33801019
23151437
5162861
1337785291
48410093
17544803
23544596
21254264
54730258
71876190
21447363
23375688
17919972
107146095
21111883
26585095
436266454
14230524
19927627
14677919
6480682
90420314
427475002
62513246
24585498
63485337
265483421
24742040
28785486
10671602
15846407
300392950
586198217
23083404
205302299
117652722
1434251
