2379366141
157597785
201095003
123433969
290260365
787581625
265322105
982755558
40780532
237480773
199274986
39453212
17602896
18101713
1198406491
25365536
26053643
50374439
23151437
436266454
2246341620
379408088
20322929
14920785
176566242
17019152
17074714
169686021
21111883
268414482
23375688
27260086
17919972
3303293865
3353566654
205302299
31080039
292691834
850326900
305217958
14934818
171682730
3066007731
89563994
34395888
16271952
59624844
185314895
178111058
20177423
47459700
15224867
428333
63701775
71256932
117662694
2695663285
11178902
2858304655
1486371858
17471979
15012486
3039219572
3171559513
16312576
30364057
23544596
51241574
1339835893
9300262
85772748
60054156
14075928
2458567464
3177408408
7744592
44084633
72568426
17220934
16129920
19923144
18784113
17074440
17086831
2207588833
18393773
16581734
158414847
35773039
1093090866
816653
3281853858
3907577966
783214
23617610
2169098419
348379865
2382117350
972651
14677919
14511951
14824849
30973
3061724594
20998647
446898545
69615397
2983206962
1536791610
180124279
5392522
78021221
18647765
15164565
3766216220
36782022
3302783815
2467791
1434251
586198217
30313925
326359913
29730065
300392950
136361303
427475002
30278532
293850289
807095
11348282
63485337
14230524
49061402
19927627
500704345
19397785
28164096
17461978
6480682
43192807
10671602
15485441
1367531
16228398
15846407
5162861
50393960
23083404
30704824
24742040
3108351
14159148
91478624
5988062
90420314
1652541
109702885
21447363
