3106723941
2870647530
3884453069
2917327453
1823451961
1894744428
3897338836
2649000691
3816817115
3216057289
2453979266
3069172464
3080760273
958197470
2646992208
3140676283
2841891824
364204000
3306222089
1523700259
3247163845
1529876466
123915747
1520232710
335097253
81428317
2454871806
3502367052
2322731712
2916241435
1528519837
3087924734
82495426
3271862173
19827010
382267114
812114226
2993243660
2941114069
155659213
18839785
142722336
560641368
16409683
2271777536
1515487112
150429478
545473222
2459371
33801019
183230911
57928790
2148583214
243381107
97865628
101695592
158487331
261120159
18681139
113419517
852261223
49979793
145125358
2645188440
1155955051
843514286
3625210939
813801973
2209799638
2960068703
2937747275
2931380705
2988188696
2984973779
2978034093
2148069213
2933387111
3049168411
96283381
2929214285
2929251557
114096191
3062944122
2457717097
3029745819
159960739
2177606293
4186676481
1449233329
947473494
338639689
441269052
2643950610
31006373
101311381
3094601215
2407675167
2840548079
79708561
256964232
2970701351
1967592296
1449417390
430832265
3094381002
2659933528
2314968708
2764569850
132385468
2573286197
427475002
15485441
326359913
86330674
27260086
3989071345
4213256473
316577087
48410093
136361303
85603854
28785486
1337785291
265483421
2294169906
23375688
1057211
144013025
15131310
268414482
6480682
25365536
30278532
14677919
21447363
293850289
53153263
47459700
88856792
586198217
109702885
436266454
20710809
49061402
23151437
19562228
807095
14230524
