19740592
57487222
245824095
13397202
276891481
80380326
136002930
27867017
19743385
50683521
21881296
243711009
254586696
242245578
50393960
110823581
226925809
320688699
23176276
60919240
251136712
67300789
325830217
338954435
343512064
14824849
44335525
381055636
18503677
813286
15754281
37344334
4970411
972651
17004618
17074440
164412502
742143
352505515
23016395
21258337
19394188
14130784
18650093
320759523
71294756
32004130
14529929
22676390
86141342
22685200
20182089
18812301
33514869
69181624
21982720
34713362
372575989
2467791
14293310
16129920
51241574
15224867
7744592
1367531
807095
759251
144130505
336116660
44039298
21506437
30364057
115485051
25521487
18948541
15693493
14075928
19562228
15485441
26527812
50620668
73206956
148496087
14353392
25170188
27091468
21324258
28164096
27083523
293850289
30973
15131310
30278532
20710809
15220473
16730355
17088779
86330674
17308994
36782022
29730065
49061402
43192807
3359851
7861312
8369072
48485771
21378183
56768257
19738805
64488804
175624200
24585498
117652722
10671602
63485337
24742040
5162861
59157393
83876527
86613184
24886025
17790667
62513246
54730258
17544803
1434251
19927627
14677919
427475002
183734502
72598780
76256268
19546942
59624844
15279429
141052723
178111058
262359713
53153263
47459700
136361303
16193578
109702885
326359913
25460615
55117855
46296304
197598287
3303293865
3353566654
205302299
26585095
31080039
23544596
586198217
28785486
6480682
141664648
26280712
7517222
348190400
73790682
113047940
1536791610
1339835893
7713202
1330457336
73181712
15764644
36042554
9624742
222953824
14159148
17629860
939091
30313925
17602896
1198406491
20108560
16312576
25589776
20196258
27457788
48410093
71876190
25365536
90420314
436266454
15846407
23151437
330356323
23573083
260436196
291922856
303802752
376914446
61300247
219255067
251328083
163372643
192309454
291067539
304356759
383411410
253714495
69188130
107768927
175883705
251069109
423178801
300405085
214341317
251527829
232113528
108264070
302153627
305708964
21305757
57061489
14790899
212944975
14791251
335166299
24264540
14790817
87373109
84620593
278934052
18124756
15651878
216444984
18326837
563389965
92730317
36690579
19772559
14663955
225305750
256409561
251731458
24291261
256380390
279864843
14920785
17074822
49503011
40768837
21910850
17074714
107436986
1319921
386244525
15966494
41265813
18753325
