31431081
2220186606
1552363844
164651716
101311381
57928790
194028861
113278275
339564751
45452226
79915337
97611573
1397958973
759251
139876086
177547780
57998991
1356593833
1968865952
175041371
124139016
76294950
66334209
65659343
66329707
427475002
25073877
19895282
21254264
109702885
24742040
456593827
23375688
350334760
177838266
23083404
17919972
28164096
16510448
54730258
25365536
21447363
939091
6480682
350224247
8161232
5162861
43192807
30973
15846407
49061402
23544596
326359913
63485337
14159148
15485441
17629860
28785486
14677919
