20609518
135064055
14800270
189503518
18676177
14293310
18949452
87818409
79355995
152902472
233829774
3423735975
100294792
245708540
44196397
270176702
152602003
1610204803
23950960
612473
45768931
145548166
5402612
1263292416
5988062
63701775
2288033112
131264923
884378714
169927844
26179896
1344951
816653
136885994
130834357
34713362
53646743
16898427
15439395
488103057
1652541
14677919
828742454
152966047
98310564
8161232
637313893
91478624
156889951
125603760
742143
161419220
807095
174266952
15492359
4898091
199274986
50393960
23922797
3108351
