3186408612
57084769
16225240
32002507
500042487
1317076194
28644174
36728196
39275966
31869934
30417501
47055387
55117855
19637934
16228398
18948541
47786101
23544596
3910731500
20609518
83663427
14511951
3891013698
15588657
72034591
612473
19058681
31080039
50374439
135075440
3961677435
2574072036
2729506932
373416209
17525171
783214
3888913154
18220175
2878094030
78259714
204832963
1582853809
14939981
169815769
3910913060
16967612
3298663207
15439395
3150940290
207111596
3911043672
56985219
14506253
141633175
16409683
19028953
52339151
88749392
122995784
19018401
33801019
30364057
17915334
100220864
36327407
20012204
26895879
142157505
471741741
51376979
277434037
19697415
14075928
57188977
113419517
371730289
121044171
101695592
68977380
155151279
205302299
75974281
37034483
145125358
135421739
243287822
23561980
1492538024
50393960
26053643
166739404
138822469
219617448
54829997
38647512
28165335
134758540
316756361
109613944
30782495
124258971
18839785
139162440
1251083774
18681139
2506662439
183230911
14824849
25233746
34047021
21111883
15093629
128155589
132385468
23680913
37344334
80700514
6539592
19897138
94163409
56631494
19777398
24705126
71201743
450533398
192576793
108936259
405427035
2272803770
2183816041
87170183
22657153
85452649
21401466
288452305
57928790
158414847
19895282
19397785
53556894
373280952
88856792
77899932
2597413135
44588485
76294950
20751449
31348594
97865628
92724677
34036028
101311381
26565946
267921808
35773039
169686021
238319766
15635604
25365536
15513604
18170896
3890873472
2557521
3086443188
14159148
18791763
23176276
3105161319
1344951
20322929
71294756
2097571
90420314
23617610
56304605
338084918
23375688
25073877
34507480
14230524
10228272
240649814
17093617
759251
32959253
5402612
3253202383
3033173234
44039298
17919972
3016155583
27260086
23151437
95023423
15846407
3231353473
30313925
236699098
2927781103
14669951
69181624
16303106
15485441
9624742
19426551
20608910
157140968
116362700
20713061
17220934
3289595932
25521487
21447363
5695632
19923144
51241574
25589776
16190898
1093090866
30973
813286
336116660
27195114
3436414187
742143
19929890
19329393
65659343
35936474
268414482
14677919
79293791
4124804658
78941611
14920785
115485051
26589987
1337785291
15224867
5392522
1367531
15220473
14293310
110445334
86330674
17086831
145107843
2517988075
43192807
16581734
130997057
26257166
428333
17308994
107146095
1059194370
49061402
21870081
807095
17088779
29730065
16129920
59145948
972651
3108351
98809456
23083404
3330060909
1652541
265483421
300392950
