3301976661
134758540
17696167
26565946
347317279
706333268
2466457926
2611458349
103057640
54829997
520158413
64379365
84358766
2297772746
448699801
325539957
595177715
2650270941
19637934
19777398
46842061
44588485
74720637
106997678
128155589
278928571
11309352
33801019
56304605
6578252
456120395
97865628
183230911
198599840
145110824
57928790
151156781
159743257
1009015890
31644736
29869042
77732185
179963734
175479697
94355884
607537371
421287133
990930852
507209109
62771496
26053643
24740625
86355616
27195114
444151435
395290410
377627157
16303106
56631494
10650592
817132776
1254278226
43535070
93935698
100772841
6591872
1477596180
485363500
403879317
188513041
83651498
38802447
3494274386
2555509106
18216186
287578973
198179597
529875399
24606439
186935665
769045224
368297783
6539592
3472904957
92724677
392482724
334635978
127597959
121044171
14506253
114776155
23625221
1036895149
277434037
8926082
521318971
2863201295
374768787
266477080
27269834
20978103
15485441
25521487
23151437
55117855
16900536
6480682
21506437
18948541
336116660
15693493
148781366
44039298
30364057
3258664212
415696652
759251
88856792
135421739
3407054246
350862570
101695592
5336752
13524182
37034483
2097571
1479928484
51376979
19895282
207809313
15210284
87170183
327165866
788524
21316253
35773039
72530581
742143
80991817
13850422
15007149
471741741
36327407
24714215
18839785
28785486
413796793
15789023
3724668852
156327493
331895230
31348594
711694309
71201743
405427035
141633175
87818409
1391472200
2830545333
132385468
14677919
12245632
236026761
358251690
2745649261
9532402
39240673
6017542
1640376726
113419517
2840931900
72571943
145125358
57948579
15012486
383104913
219617448
1492538024
2183816041
263549162
258885469
51241574
2467791
17004618
551284760
29465136
137580178
18681139
93069110
609136139
7848802
370036984
34713362
1346439824
17006157
130104041
48986564
474894273
101311381
65659343
2242814930
5402612
141239066
14173315
68977380
15463671
1447949844
16076032
11771512
16664681
76294950
1356941612
94163409
2526797978
14437914
42606652
87627979
2517988075
110445334
59145948
428333
1652541
18622869
14849562
15224867
3108351
1367531
972651
807095
14293310
5392522
16129920
