3320701626
2916305152
1425295999
202230373
752673
18080585
5444392
52593
91985735
372475592
245661179
16903992
13334762
507309896
20941662
5637652
15851832
10230812
3116191
14335498
131102007
115080162
39617149
16222737
2938831835
4054172118
759251
87170596
44341873
285375816
3316217699
32005018
276328726
24674153
4110365234
345397275
12161
14912687
45917271
3374261534
14387941
964186902
104925342
628073
30778626
23564257
10969392
17485558
2341754148
11041992
3363080541
2979493161
238379579
13911552
4084234456
2887061061
32157876
607436586
2950923361
2500119439
14561327
14761655
8526432
284225770
15067554
3385035309
2333733037
5493662
19407053
939091
17629860
14677919
16581604
1857184105
427475002
1946943042
