3242081107
2474518904
2870291212
2367911
453212698
2724446684
181927293
49573859
235235223
28201743
346962930
2163374389
4070637760
560533612
452307182
354997673
2685256195
301365713
253017426
3250650692
2474031654
85603854
74594552
301364763
1488138938
256611500
1028269218
1860508831
233374588
434135514
3187311582
567279897
253018671
18863815
65992743
1935403080
1450851402
45266183
26723109
2784701286
1186341655
73992972
1579986373
3298492382
517445248
3514946489
353900639
463588975
2692900982
2598642260
454247238
16409683
56783491
21111883
539194431
2945206417
526390474
171856314
2847649621
27195114
14511951
749291934
3015271772
23375688
2795577488
1725298488
26565946
56505125
93711247
30261067
53732896
2857397298
2459371
23617610
115485051
527718174
35936474
31311757
14130366
2557521
23151437
25521487
19923144
2244994945
391859276
16425197
236699098
2445809510
34507480
2804321128
311938177
9695312
10228272
20322929
19426551
207773069
817386
759215754
169686021
13
116362700
2244340904
165667244
2890961
38679388
717313
12
197505545
1492310880
2177602562
2735591
27260086
30973
2328002822
1875671576
20536157
79293791
16303106
14920785
4641021
26257166
74286565
25365536
275686563
759251
3060519686
14372486
32959253
157140968
10876852
15279429
6385432
2549011969
268414482
14434070
20
3307218826
243381107
539097577
783214
14677919
382267114
25053299
373257377
297169759
14353392
278235826
346582615
30364057
5943622
30614676
20837438
972651
271917339
240128931
71303154
462004145
46247180
28172926
15087011
336563803
311932430
18949452
17525171
247065226
51431207
136002930
383718202
37181562
5695632
16312576
50393960
66591836
16129920
55227248
15110357
742143
14800270
15459053
24924400
474779359
30878232
428333
219255067
23484039
242245578
500194345
31353077
16017475
26053643
204832963
201690895
19407053
16153562
1024400059
18185862
813286
34713362
812613596
16334857
14824849
624413
55043362
95023423
1344951
2467791
1754641
67490839
96083073
332164742
16190898
273116920
78010944
311291245
321180322
17446621
122969292
5746452
470307418
14885549
175883705
23573083
6017542
410764075
821359926
2797701
1024582968
368157378
104268014
508653668
816653
111237194
25098482
36412963
32359921
51241574
33933259
1024926798
148711787
5536782
243711009
14700316
16228398
3108351
91478624
14159148
90420314
23083404
29730065
24742040
30313925
326359913
17919972
807095
1652541
1434251
15693493
28164096
15846407
5988062
14230524
11348282
15485441
43192807
19397785
30704824
586198217
5162861
6480682
1367531
293850289
300392950
10671602
19927627
30278532
109702885
49061402
136361303
427475002
21447363
