288215711
50393960
19248106
85603854
1288144051
1698429626
1044512948
158000032
1212878946
333894986
220422743
592966515
127312143
285177416
448746696
619602908
611688912
382548607
57289662
176224244
2222537690
2217994038
494966314
624257399
62513246
1282825766
1454174839
1530456774
109702885
293850289
91478624
23151437
43192807
592406989
14075928
326359913
30973
21447363
624413
121363722
17544803
134069528
4097768232
36782022
16730355
3313767420
345098016
142557721
28785486
17919972
29730065
8161232
16228398
15131310
71876190
436266454
14677919
262359713
23375688
86330674
27083523
16193578
19562228
268414482
