1035170330
768855936
553252069
3142755276
179176655
525833895
24523011
222620993
2439698509
3897338836
3236381188
2897450873
4001180901
3299058977
972551660
2934899202
3005083838
2876781798
1894744428
900466764
3980990009
3170819840
1243173036
240856549
2165820774
290232738
2226113918
624858985
432293720
179241025
713661486
1076374458
244619342
113286385
2151297172
1105038248
554734580
2202088742
1128800718
27260086
98342860
264812054
378225074
49310906
437105935
77891991
377007216
28985686
1016074518
29632725
625011177
2931292275
16316161
1124652631
99790128
2396063839
15034132
590513442
500512731
402599427
562105491
363970126
790689810
551736727
752200620
863826019
330965172
134956043
1592509308
201058809
2715391180
1057046856
2974597410
3547821135
596546597
213932666
2717900734
2280368245
3401212000
2267898258
425838107
2895947264
1275607158
1009840081
3097147872
2206348264
1467216408
327021947
617987860
1622441606
2492600225
3430572797
127542264
54030287
568000132
536457707
2984577565
485520154
327571768
277090982
474554569
442567469
910507297
419108586
1132123838
1939623271
2950014276
97842281
211697537
2520317726
568986532
2297238965
17651728
159950062
1658303227
37099707
918441192
1215871724
2665402728
1320661441
69235986
1530241297
262718359
200395091
1169739894
311996466
2592639451
2424965068
57360887
226992621
1900897736
1568119940
1613651623
58319221
2857904654
41406559
3224235829
766233188
1860596305
391563926
39241927
2924048540
1917379280
1086768121
1131557714
1163122200
43859502
3025547138
161402227
1094762930
1297546687
528723613
497398341
3362545709
15326384
2785615044
443427668
449204674
444110887
2226206931
496471795
2284328437
2594634577
1255243411
2248331514
187136612
2162945724
2572453447
50888307
1527370466
409811670
190326374
2519314776
1172479261
332160163
3253524224
1736679026
2231043603
2957234190
322565837
2750822304
2919779144
340836571
319437616
176462613
2898727028
750034944
3226608985
3013409437
107244305
3004426080
1055578777
776514624
2436695961
2302563370
1593691574
1303156837
3166239889
339040963
1600511815
298959564
286042531
2847594518
3254483797
486847970
126065083
316276585
526430068
632976389
527436141
3345645198
2975641309
3316407328
2201291034
3233508440
2512851876
177547780
42606652
256556724
2496658273
434071161
211872659
966949813
2763344636
130104041
573810110
2355434920
3029956762
407714744
3314460936
2754194395
719698375
74985668
1368737382
912139657
1251083774
34219402
577459091
136932734
127059347
231033118
57617762
75660950
2261755123
1627620962
1346439824
903495284
1320350810
1366686156
311974113
572244692
1073596670
589921934
3068624419
3312199839
3281231429
4187520070
956845177
2822116658
3302334104
2407725793
3016925774
2521081879
218403614
42192689
2712070494
3364066919
2915279641
435629103
1898938777
2897906335
3269995068
2791551158
528183517
2742452514
2768094863
2976991056
1652260807
3655686794
3060066848
614587070
258872165
3277226371
2201739579
2855345736
1188647797
957588824
384902702
3280475588
3214488813
2907882439
2590988246
1352591420
4156363702
1236585451
425745911
3252881065
3382362132
453286929
18244386
3016970532
2423033809
285620675
2543623679
24318028
997024932
421649439
102575755
314213409
206054069
350457285
71201743
3430300300
1407607885
2945268842
3115315003
3277031875
3370995969
3371254372
1130097836
33801019
307201047
593723751
78941611
1666873268
101679866
122928781
122995784
135421739
1850282965
199418584
3253213544
1052586019
315013415
97865628
76780580
2992559994
231256015
18943662
79399304
3245539766
442829677
1389792864
509813128
2761154780
2371814820
2786152411
381698021
1017334963
2559307619
57581485
69277077
2351423545
584180736
160081155
157422607
318594535
71750729
1593699884
25965046
90939020
914185195
391870576
2368663945
1324785570
135091276
82276921
2508212787
2287759037
370903387
1000594688
585922404
211573955
2494674086
21602997
41833444
3096108961
118324772
634423684
1106411671
96298689
1591254643
3273063757
440662588
151145107
90004684
2451164856
450504440
459295184
14251801
280155869
286297658
29085908
228413328
271577437
187638674
316136494
2183816041
2527805598
2655911689
2773521736
471741741
233423217
3283604216
309245971
350702865
56304605
3237762372
51376979
3257092045
713994409
1142131626
101311381
783214
906929628
105710210
57928790
1492538024
2469605695
61156375
950165300
38403110
366947884
183230911
56631494
19895282
69229721
149198901
145125358
113278275
108936259
113419517
87170183
94163409
76294950
82949914
68399705
2675947616
220228167
79708561
18681139
53555106
57998991
839432198
613321095
412681753
50386039
68497896
417632438
155151279
124258971
769727912
195703895
1652526218
295026890
123774113
440172131
65659343
115341081
101695592
84554399
45075214
2927698914
31348594
214932400
76269509
536520481
1133920393
55932637
775887091
2403063588
139118162
1019409817
581123710
2527235522
275564493
606237669
323469361
120990817
597301440
26274978
144944472
139022142
65636227
233070139
100847526
69739858
800999720
228370791
123255923
118024094
76141896
2909860692
2385639271
86252928
8510412
575188047
50393960
441629139
107318424
54829997
36977710
559870234
64049044
15719929
57188977
141527741
1176135546
15163777
624462023
137017726
3226973946
1139649950
317034396
85603854
31927467
393227168
2729506932
86254626
2805358944
63992320
577086924
88856792
18839785
132385468
99458922
22127823
210792232
15846407
26589987
81048495
19562228
453507741
15131310
54730258
109702885
49061402
10671602
127483019
213539531
30973
16228398
28785486
14159148
15485441
30278532
452830010
63485337
586198217
759251
16193578
43192807
3120443210
21254264
1041453240
30313925
300392950
23151437
97537762
326359913
122453931
54610518
14075928
1337785291
14677919
1367531
136361303
25365536
