804388
1943710710
560205477
2393031997
74706277
4020701273
2797735346
1104139872
780722634
3299861594
114682015
3229293248
4208257286
3759308533
3831513317
4259223620
4102674207
35762686
3889826063
2944004568
767381952
42936819
475292738
211800056
16588111
5577902
15809249
20545055
1252806792
117662694
27489519
21850078
457164241
20431922
1875210830
3214621054
351001143
1655073500
1444000188
9130702
257543836
21695613
21387821
1370450466
1595894268
1917617966
613479938
456522917
3679445712
2879693479
1188478008
1586826302
1612714112
166983222
3254623206
32903708
1935716222
465882513
3349698771
2936097834
3415667284
11522502
330509973
73878490
238128324
1129707650
399910718
2790194790
3041480219
459557733
939403986
3761432541
3013508434
4145750596
2768575375
136009996
82650774
251113918
1425950568
4085582654
1675125758
3608629636
4195699443
1916941044
2650186722
2836451415
2968966299
4029902579
17735548
4085761347
2915242085
2789956615
4055270717
3759037998
3198185154
1561815968
12874852
3332228179
3418478507
3107438441
2668800180
1264178586
2480141636
3225533156
942107370
513298480
2167530792
3236272763
232851033
387181116
3320782524
3306517840
151223711
99292813
128584394
4183730652
3684156853
288119883
185688742
325781951
23135992
35120520
3344217101
1849173318
3337913771
173992307
16394320
15913366
44515379
56318029
5988062
236864433
195648304
621583
14928438
190709545
32595416
15202483
13202612
27373
150899344
20802277
274584049
15061482
364765822
459076485
284433925
200025510
268758883
36669328
199564065
626278587
17471979
220652458
480204867
21887420
189519782
254936059
391748019
2968604941
2879387817
3191899038
522943384
333256586
262586685
23943034
3099020318
58430152
249486494
30441892
254177784
59627487
5943942
35175758
1769361
46335934
3742538801
18911027
18863815
338084918
28208983
14920785
16010685
17087304
19639085
24706309
51040617
26012202
21238039
14362241
14289603
350482749
185481519
62816265
14634720
15639642
19478383
19038849
2733916160
1438389025
17896874
158865339
2776986237
3236446485
29479564
36542528
17636894
16896485
2735591
16336998
607316347
15446126
10228272
85452649
58528137
2362057826
24886570
479992265
22001973
87818409
301633400
25049056
11178902
1434251
807095
14112296
2467791
14173315
28785486
5402612
14511951
14677919
759251
783214
15846407
30973
