3216400021
2897450873
956845177
1386918901
240371371
447508057
4017570802
3307563579
45075214
587227407
4176329298
3924865035
4143806421
319198458
4165412534
4143278127
379408088
104288093
75916180
27201009
4045039569
4182191112
4185146412
3260881920
1653581624
4147378234
4200837793
3315374923
2545551739
3424010195
452830010
15846407
1337785291
1052586019
7744592
14677919
29730065
427475002
28164096
54610518
807095
63485337
1434251
21254264
1041453240
127483019
589921934
49061402
586198217
36782022
6480682
27260086
213539531
30278532
286042531
16228398
122453931
47459700
136361303
5162861
16193578
31080039
14159148
25365536
14230524
17629860
43192807
453507741
300392950
8161232
