29730065
19397785
236699098
23151437
16190898
90420314
759251
113419517
6480682
23617610
1337785291
19927627
107146095
17088779
54730258
150429478
2459371
32959253
15846407
27260086
51241574
16730355
21254264
157140968
18681139
25365536
53153263
14677919
48410093
15224867
16129920
268414482
26589987
85603854
136361303
1059194370
807095
1434251
60865434
79708561
145125358
169686021
158487331
205302299
436266454
316577087
265483421
586198217
326359913
17308994
300392950
14230524
47459700
21111883
427475002
7744592
86330674
71876190
88856792
49061402
28785486
132385468
101311381
243381107
36782022
