2582159647
18848096
63359297
203555066
25589776
16312576
22179997
2883841
14706299
243080822
14749606
15693493
16825289
202230373
1566463268
18080585
91985735
16452121
13334762
18080969
15492359
17365848
36184220
173992307
16365636
185728888
1394399438
3152235234
95438524
15661911
16452299
23255992
38679388
19380829
13058772
2425151
115485051
85452649
586671909
22940219
25521487
158487331
20322929
17461978
1059194370
23083404
26257166
2557521
742143
759251
2467791
428333
14872237
155659213
783214
106333951
180505807
24275419
117778179
116362700
27195114
119509520
14511951
21982720
14964767
546170165
16930986
12273252
49465463
979811
11666142
3496641
7745472
18327902
817288
18206161
74130577
15469101
19225408
24742040
24741685
19315174
765548
15670515
22209176
2803191
10876852
74286565
7157132
30261067
18927441
14922225
15234657
106837463
10228272
52484614
376502929
121226571
612782611
2529971
14749070
10078
3840
3475
794329
12901712
14225267
5968272
50090898
25412522
51263711
91220126
1059801
28172926
2890961
20536157
972651
7144422
5746452
20348377
6385432
5763262
17503180
29873662
16125042
352510937
3108351
1180379185
25073877
58560480
657863
2384071
914061
53643297
19923144
35982046
50811932
26270913
317370751
42562446
35936474
53853197
34430522
168857946
6843302
33612317
12
22330739
813286
11348282
2735591
8161232
19407053
16896485
50393960
16228398
17471979
17796018
1344951
57080571
158414847
22938914
890891
2317351705
316389142
1775731
20571756
1636590253
436266454
222953824
30278532
43192807
1536791610
17308994
23375688
19725644
807095
816653
14372486
326359913
26589987
2916305152
31080039
586198217
29730065
109702885
14677919
117652722
10671602
28785486
21254264
23151437
30973
939091
14800270
20710809
7744592
6480682
275686563
79293791
19927627
51263592
63485337
624413
44196397
427475002
25365536
300392950
