62404473
247288139
3352502025
263805295
2869403494
3996095633
74831448
2994025707
138257539
542990317
2207238986
1662001129
187678749
1366184720
2634255596
135503137
274574679
3741164719
3135493823
69355597
148526885
50562028
952412653
1736316548
27334091
128342805
4159398213
4163844915
24409111
179281589
198668753
2669636582
2851709103
133419610
340715129
458755731
4152028223
4171517255
1626545264
627420483
867291763
1234886239
282209353
985115492
1037983903
2260291776
355061036
1256473344
225274446
251104300
66242438
442604298
1021948429
86094295
485821955
282330294
4111966415
81978952
295905228
544003181
21621333
172210389
487118986
191934866
139845319
53267440
48546636
274081767
221225707
71263146
953489592
549099372
464393131
342763439
910684890
181245383
578363658
280689114
349295923
2616773928
3320028232
2634607614
2591797532
2507161060
3555338667
3976766235
2288517645
746089142
2314534711
254260683
317326166
2250595526
3015847294
482194832
1104355070
1656127699
564107298
755438192
119979022
90436997
2282789821
2540134730
19957685
77512825
85428244
1945069272
2577775362
337409391
392905410
915897517
269592895
29749448
2730200048
47736553
2531211620
40255499
56521114
57912874
104974333
4101221
1706050548
240993078
2229403754
24702915
57099808
495356062
1056479089
593096233
702022009
604598320
43152482
2538173294
149314924
2653983282
252265503
488850578
47288005
1199467166
344884018
111362706
805833182
1123398163
2401782659
373539722
327015442
173959385
820260950
469437318
1022772007
473646970
850802762
299389789
182088172
46115651
132526931
359989544
222699253
89614445
1254994117
2297226972
3593466736
108935006
58237830
145746622
225077623
1176907790
2272440103
512608295
1916226373
3870994512
114565149
272516358
154679366
311545137
2894077732
3932379797
268322810
20456814
213297787
87293820
2590859840
103925371
977198264
2819854665
131335606
174019323
557739347
136329115
72525490
3423735975
1330457336
5988062
161199279
1408063778
58650958
3108351
52819651
1339835893
178570796
20514852
99918629
813286
38227815
20560294
153812887
18079284
286336731
4160439316
142430496
61798345
14834302
79585327
35574390
557417967
9633802
552752722
622082899
242730842
218194726
755923675
27921338
158650448
126204564
3879845147
2349644411
4130770282
2258343396
2836876095
199834348
4076396301
3251855853
3486116597
521375853
69491812
3380587097
3886750582
1264800164
484007137
114758880
84078498
67377408
822710634
2945891465
253093684
155659061
2610032389
73786027
411545252
205957912
3885285269
1892233141
402617695
14120481
728339982
247329464
4159751919
3400357283
342928628
625700977
883600340
149634964
156455404
494492935
2463077227
40807205
338960856
4101453797
170346540
2817809372
398951427
4150397949
3846507495
2865488616
53016173
4109645392
140861815
521578001
3364077154
34200559
369857143
397725021
24896605
634981799
3893657296
2511602035
624001816
3005502127
1004936328
3981713655
3002900847
2987475406
44670915
257232528
1101774824
3140365601
592717782
342839209
350744673
153433497
114557496
3369909729
2316672678
181300983
1121498954
1223263430
630938253
2480078557
3314125412
2163854034
2523197095
208219487
1128398725
521383096
212105265
2492388858
1422181634
3314156887
705920924
469808946
62892795
247890105
589478340
2525677656
3291674637
2774661320
757891106
123417995
3325623365
2924949338
937563758
388472947
2571184392
2482315482
4204318154
241007239
19362299
4122517696
4044420077
3106270617
2811884652
19426551
4165204773
4159619781
3571870756
331642726
4159783936
2376425413
2942113438
3178001116
2557521
812192425
111429630
4146182656
108936259
2469605695
97865628
253660915
227120260
1728306902
273012936
58173133
4165203443
2477151146
66306024
1855755282
87174678
3198162474
4110920837
57879889
66334209
50393960
4161325822
84554399
597301440
56913467
10228272
321324433
115341081
4023348622
236898676
31348594
54829997
107318424
4112502573
3418975874
2399190998
332031501
2255475528
79293791
1061217979
3672763037
947192262
3353355603
1652526218
783214
2443235772
14230524
44409004
4020889073
3033996179
3572035217
207773069
68497896
4160912175
167273341
382267114
4160960476
1402824295
4119576550
950165300
4161155176
77696645
102382667
403855057
366947884
2258936603
2828540006
544623580
317034396
26565946
3246828527
213278292
2648169523
3827075367
3815971887
16409683
2837925754
4161155823
253755500
493530962
245556939
2963709995
3247018366
997827534
56110169
3343808369
2418787189
916030976
2345366516
2976983890
809755628
2567954943
3092134671
1589950688
2176531326
4159422179
3718695203
23181999
14395912
2321443248
4115748939
3392960201
4194711134
3151519679
2876558423
4122394305
34713362
2467791
2271429854
3594022037
4159458021
3028588827
20562637
1933042237
4020889354
1966131036
110016732
3826351154
286958111
16896485
14645160
2835610593
3399863861
129929864
1038978475
2272391981
3939243453
19407053
797583344
2553151
3439618054
3365585201
1592047891
3074849160
3584403256
33480727
245509123
3433102299
475318255
2841838259
2589202076
4127772615
2580990793
2900541956
4164697449
2236575234
2647103256
587312703
1550257027
1015852537
2579642399
2827304679
2200877560
2588691957
2799326462
27260086
1076120850
3049038639
2881310458
2259080085
3028392534
968379206
3115236687
2891396170
3049025337
3063831010
971843682
3116082947
2959268147
3334679231
2768647723
3065453091
4136327901
1536791610
4159546541
139225431
2219327348
296316366
1568474065
15947602
1856414335
14872237
1139001474
183387449
34949757
151123001
60937837
560641368
142722336
92726549
155659213
150429478
83212615
471741741
18839785
56631494
15093629
51376979
138387944
87818409
111615736
57998991
70903729
53790896
76294950
115290697
195703895
53555106
624462023
68399705
137017726
15941979
2805358944
2916305152
14182050
99642673
2729506932
118024094
3117015608
116412043
27602673
105710210
823905
14116807
19895282
113278275
614156493
57928790
87170183
101695592
33801019
16983244
179083826
183230911
3165290299
18681139
183310940
27476141
113419517
243381107
268414482
132385468
24166202
145125358
94163409
685513
135421739
158487331
101311381
2459371
60865434
3017241909
13334762
3075605754
2844289835
21111883
10012122
93711247
16912985
79708561
316577087
17919972
17308994
63485337
222953824
51263711
23151437
326359913
21254264
14075928
1367531
117652722
28164096
15131310
21447363
14677919
586198217
624413
17629860
36782022
3080761
30313925
26589987
239760107
88856792
759251
19927627
136361303
300392950
24742040
43192807
29730065
25412522
85603854
807095
205437050
50090898
23375688
10671602
