2836421
80361540
14173315
78205950
62614001
156653066
300771877
193757722
40931019
56470183
28558205
20531929
1050898849
65174274
30664957
20279424
137463790
9300262
15922214
1917731
148878245
33280968
50794275
43159584
14662354
19658038
27726303
30973
30016344
254117355
119166791
14677919
828369354
43254421
14293310
394351710
12804422
17937268
15057943
17057271
2151149082
2404975194
36429302
40055348
3060824104
106837463
3217434836
42535683
19407053
23995748
25087685
30947351
25092348
742143
23151437
25053299
19426551
2467791
87818409
3108351
15846407
783214
5695632
16312576
807095
202409095
428333
5392522
51241574
26053643
238319766
158414847
1652541
586198217
91478624
136361303
5988062
624413
20177423
66369181
1367531
