41692369
114073196
461223110
357128095
577933995
1855592144
184910040
4193439192
1653581624
3108351
14293310
14173315
16129920
51241574
15224867
7744592
1367531
807095
759251
144130505
21506437
336116660
44039298
30364057
25521487
115485051
379408088
2246341620
14920785
20322929
176566242
17019152
17074714
169686021
21111883
79293791
20177423
23043294
136361303
36782022
23375688
23151437
17308994
47459700
21447363
14677919
17919972
31080039
16193578
15846407
48410093
109702885
15693493
268414482
49061402
27260086
436266454
326359913
19927627
586198217
90420314
1434251
15485441
25365536
26585095
17544803
19562228
29730065
427475002
6480682
14230524
43192807
54730258
53153263
86330674
23544596
28785486
14075928
