1067191820
35583547
3429858687
276954222
331840968
331441021
16145875
30364057
31353077
14677919
268439864
390161167
66379182
2327168309
428333
17057271
250884927
26257166
18466121
813286
987705866
45564482
32959253
43425975
8936082
55338739
2557521
65667660
105954070
45266183
31457749
1159087081
19426551
30614676
16581604
2347841738
3384874702
35664799
2948311983
268414482
361003694
43435902
883535773
25365536
1892087233
2579500110
399103142
1260525812
25521487
31080039
16312576
27260086
9624742
2970431170
20322929
2942589117
972651
38857979
46598192
39175884
14700316
329378043
267948308
1205416561
239226015
15057943
197235734
3044086548
2978736377
28706024
16153562
2772982929
184910040
337961552
810424
33933259
236509931
27195114
32581022
159877338
338114272
2737743159
94129050
30313925
16228398
14230524
90420314
14159148
91478624
500704345
10671602
63485337
326359913
15485441
30704824
17461978
19397785
19927627
5162861
293850289
1434251
3108351
6480682
43192807
23083404
30278532
49061402
5988062
28164096
29730065
1652541
136361303
427475002
586198217
21447363
300392950
1367531
807095
24742040
11348282
15846407
50393960
109702885
