2468984744
64750736
1377008094
2297682368
2351268152
975516361
1207644768
2324703548
2581154289
148711787
220828220
2241929092
407446613
1597763490
1693510531
1729007461
238105851
2261165173
108326157
21244056
605565356
335208810
44300038
2461273908
401520924
21163164
281924905
23375688
6480682
23573083
427475002
23083404
816000691
31080039
331878888
21254264
242245578
26589987
939091
17308994
19562228
20710809
15485441
436266454
1212885408
30278532
16193578
17919972
14159148
117652722
320316357
49061402
23151437
219255067
29730065
845090317
19927627
1434251
28164096
14677919
586198217
807095
175883705
300392950
15846407
7744592
2355214484
73798995
