34892616
366606110
83487731
17357428
30576467
34660688
19608297
31583882
18916728
32135038
37376499
16600574
3133670414
3237889191
2925412966
260968620
2540066852
2225479015
506473263
352140534
24404246
241179080
3935346853
3237595690
3345536953
3690523530
545235190
543751139
3236381188
3884453069
3807048254
3994884501
2276321233
2167400917
3320154008
3099772484
2465228118
2619956187
46947778
4187520189
3005989486
3282302890
61615266
2407725793
3245060225
2399293093
4235607870
208271500
3796081573
4021369217
93183948
3194549386
4106488540
3301093941
2889011506
16461545
21475090
28683184
527281446
17692330
24719760
46769281
19575977
27673684
38127255
13049362
24275419
18653699
16157577
22736017
185487499
20567939
19212009
17929027
17915334
20299862
28165335
23561980
19028953
13018112
15933910
24599923
30704824
96829836
18222378
18511475
40851965
153474021
3004231
274040176
17169320
18220175
60054156
28076276
68399194
24278900
17696167
26895879
69615397
145499533
40908929
26516984
221392767
28897926
49239873
15279429
30782495
73359920
18647765
72568426
35094637
85772748
19248106
268439864
78021221
3718398977
372302715
2334669047
348379865
92367751
85603854
502135911
1330457336
1093090866
36184220
89084561
500704345
8771022
71026122
6539592
500042487
117662694
19697415
158414847
11348282
338084918
32774989
28208983
88749392
95023423
66561957
16312576
17471979
80700514
30973
34036028
16303106
443215941
18948541
44039298
31080039
2367911
30364057
14824849
21111883
33995409
284089166
16125042
44084633
14920785
55117855
26053643
268414482
74669397
115485051
20322929
42384760
42562446
10228272
19426551
1059194370
19923144
53853197
17461978
35936474
12
20
15485441
817386
627673190
372575989
95731075
23083404
90420314
26257166
2557521
25521487
27260086
972651
155659213
2836421
86141342
130649891
816653
14511951
25053299
15754281
783214
18949452
15012486
4898091
91478624
20518710
14173315
34713362
5988062
2467791
21278412
87818409
3108351
51241574
5402612
24966423
117778179
1652541
6017542
742143
14293310
116362700
25326324
27195114
428333
14791162
19074134
14934818
133880286
16190898
169686021
20177423
36704352
50393960
27989078
101928415
23613479
136361303
813286
100220864
157140968
44409004
26565946
34507480
21447363
23617610
236699098
79293791
23375688
32959253
19397785
3050487764
2361788910
180505807
427475002
15846407
27725199
939091
10671602
17919972
19927627
63485337
23544596
586198217
310353917
24742040
20710809
5162861
14677919
807095
117652722
498663728
124244601
222953824
273410176
82853454
30313925
14230524
33791476
34747631
28785486
109702885
391272937
1434251
1367531
25365536
25073877
23151437
19562228
300392950
49061402
43192807
6480682
131167692
