823905
13058772
19407053
106837463
17929376
71303154
238949989
367768541
478044159
47763245
1024806054
311941928
258240800
48318302
1619910121
125700614
311949033
247065226
37181562
311943740
242987073
311947216
1448217636
18185862
462004145
311940255
332164742
311938177
104268014
410764075
15721256
311932430
153442746
122969292
24924400
269940376
204701254
159068666
20837438
373257377
51241574
336563803
275558381
458301345
278235826
346582615
71516564
216289357
243711009
78010944
4970411
6135542
242245578
52032722
807095
25049177
288333760
5536782
66591836
3108351
14669951
148711787
259925559
23573083
113420831
1367531
14677919
1337785291
175883705
30313925
10671602
17629860
300392950
16193578
21254264
47459700
470307418
23151437
14159148
17308994
7744592
25073877
49061402
136361303
759251
273116920
36782022
25365536
109702885
17272273
219255067
436266454
67490839
21447363
586198217
240128931
54730258
624413
30878232
23083404
2797701
20710809
15485441
1024926798
15131310
