17692554
3769905557
15846407
34197952
10228272
101311381
60937837
359342940
37034483
2231875615
177547780
19897138
570782809
277434037
2557521
68977380
116362700
428333
115485051
2175808596
3019141993
26257166
23083404
93429211
2154483662
20536157
157140968
78941611
2437076450
16542390
17919972
2280226548
57188977
71201743
471741741
32959253
50393960
34507480
46257156
22256645
14230524
1923373933
3017019805
1279798375
236699098
19426551
107318424
129764265
30973
115341081
3162438018
1666873268
15485441
19923144
16303106
20609518
69266803
23061619
155151279
14920785
92726549
343627165
237232133
877487071
759251
27260086
95023423
2446955251
21447363
124258971
121044171
2686237976
26565946
94163409
25365536
90420314
200748007
75854417
122995784
15654868
20322929
27195114
79293791
358817998
268414482
23151437
23617610
65659343
219617448
25521487
134758540
169686021
92424604
249255242
2316938455
1560404863
4102047465
121394548
742143
4131980300
29098641
70454992
3246458916
101695592
57242827
243865694
23046015
921759169
29298845
49035384
22993014
1228278002
68418368
3557795120
149867121
109012320
3021337897
59338142
1741967130
1380879918
2535393812
2356883426
117328987
44344179
124684990
128632280
331002628
17983196
141052723
18760893
3637416254
19274342
3325865294
268992450
356088853
14677919
123162906
115884789
2502933259
25411758
25629056
129673790
3259593414
18753424
1264172634
1644457482
2574505442
501592891
2576778698
2908724384
3388984752
3258443028
16834659
16213404
84402656
2839415497
15492359
2455202539
1350082039
107201301
256833444
18470775
44835347
367123939
9609372
35466620
15250661
2904470041
23879043
218730857
21147300
3019586978
3240437431
701236717
4069085952
813286
17383073
92654013
3053034589
57563268
3305327870
28278535
139591677
1602492338
29576445
3187326823
531881411
212890476
256909712
90587584
1308552504
459866880
14740721
175817809
173450164
24114876
191955730
189088938
36255721
292988442
97865628
590103562
532884988
43234702
98659965
3299070824
72246150
192958057
18681139
941493456
321931843
140867372
2372344417
794540557
109489922
2946248802
2904268633
1445190786
3165829259
1178089561
328091938
3095130110
247558965
1346439824
111643782
2992212614
138086245
2892952820
50419185
486459307
2890529803
3423124279
56304605
2881912634
87118217
1269622969
3011316026
1641225684
3273009264
16319888
3107853272
1014363020
3325677062
1132793238
38056120
369013217
4056655154
2916787424
2870523894
2968645098
2891925241
847249010
3529203134
175439376
3272471322
93766096
26607837
1324334436
3264232026
3838622953
244485406
85436197
3267766424
14740227
92922501
20750828
486564203
3087425412
283867875
5402612
14740392
3123413320
4044580114
19929890
2879300730
463642444
2936026428
1427313770
3034768015
3245134663
3318905243
3112638662
2573076139
189643488
3458049319
16734909
2949404156
72662316
1266699516
4113017296
3302323388
3301749482
3373915032
3315670066
942865254
320915935
2919894499
41312733
3982149373
1524105012
2321252124
2953425726
5988062
35986316
32201814
305322704
16675569
1856414335
2461988539
474001159
1510751100
39967296
373280952
4199915654
3269242022
2564862169
199407115
3313093586
3248115426
2936552294
3104430862
15439395
373410448
2918263742
97217966
3226659978
463974693
3882436994
2799816654
1072993274
2332822555
370047195
101814127
