987022944
32036992
14991920
15967191
4597111
39937594
128886306
20177423
5695632
14791162
136361303
23818581
17505100
21701757
15446126
8223872
50393960
287577334
153117125
5392522
813286
19397785
62452990
333495253
23985796
4129764803
23992315
64916639
242553948
1343633754
221582830
177784311
66798277
15478374
523964498
20439102
89211580
137645230
19066345
33860739
41476705
5225991
2526079753
32137602
129051309
112377083
373892979
21108916
252260961
594393508
35676929
102793896
1652402227
188411214
341945677
111631534
1160252486
387562192
72520597
19412366
23815359
15748390
297890559
52371882
34222502
16517711
64903276
47875190
32305202
26380333
12804422
18023887
17057271
15057943
16661296
15485441
54149214
821045162
45621423
253340062
16898427
15846407
2467791
7589572
51241574
376291887
1652541
5402612
87818409
742143
24165058
91358806
16012783
15164565
472122299
14677919
45564482
24216951
807095
2811559122
2097571
428333
759251
202890266
330826792
