74645861
15110357
67358777
16184358
11856142
430344908
592434464
37351496
1417757094
212139804
198975780
20348431
415859364
973396382
404424861
233286578
113050195
621523
20562637
2461821548
813286
14499829
2097571
1536791610
2382117350
4898091
297169759
16129920
2983206962
612473
487118986
759251
14511951
50393960
2557521
26565946
87818409
5695632
28201743
2467791
6017542
3281853858
43082514
742143
27860681
91478624
20609518
51241574
14293310
33933259
46905613
3907577966
127631608
19426551
5402612
408177579
2695663285
11178902
17471979
623619272
85603854
2883841
14677919
167992419
15492359
14700316
614474523
1372303190
30313925
23375688
1434251
36042554
21447363
436266454
1093090866
17919972
14230524
27260086
23544596
9624742
624413
16581604
15007149
25073877
25365536
90420314
11348282
807095
5988062
205302299
268414482
30704824
3353566654
15846407
5392522
16228398
23151437
6480682
17544803
3108351
31080039
428333
46696817
62513246
427475002
15485441
1652541
19927627
1330457336
1367531
14159148
586198217
66369181
19397785
