4177402101
4221617418
4173361997
3258664212
22989425
1530017119
1523700259
1550266424
1349692081
3807048254
3957612313
1854114698
2916241435
3372865067
3186159264
3386448670
905960539
800754
16303106
5804942
15066760
83217998
158571911
35936474
19923144
90420314
49913
15439395
30973
115485051
759251
8185232
14293310
26257166
23151437
27195114
95023423
230973714
571202103
2557521
70388518
69008563
91755643
558797310
173910489
116440928
98864871
23574948
10228272
311002702
49730238
14677919
23375688
972651
15485441
21447363
20562637
813286
114446939
428333
39686404
157140968
23083404
25365536
47459700
50969839
95631742
46574977
41602780
15099706
116362700
20322929
411118859
69456064
99311337
14920785
268414482
169686021
32359921
2334896479
97629176
23617610
19426551
99499640
79293791
26565946
816653
27624497
34546831
15846407
34507480
25521487
88889865
69554076
14230524
27260086
267695291
236699098
81610656
32959253
126798663
90167513
17919972
137058489
92476688
29179548
16865364
435954378
44046752
9031202
8148292
620632841
89926717
18949452
15492359
34293595
9027902
1652541
14749606
15494014
2735591
54163405
92350971
53074745
99008565
12299932
55995478
49827108
1490631
35728415
45358339
791197
14800270
81253862
61740705
21003412
2786701
637313893
14961549
91478624
16994529
360910089
3203731
43070782
807095
1344951
54910626
19140447
14511951
15438349
20319380
95661110
202963011
34713362
89596999
245354027
14075928
94055847
56833
562768872
20609518
49879176
23440052
29492916
14581421
7462702
91661819
118838969
44196397
55859816
8149482
49693637
20845447
119609847
487118986
213969309
50393960
62864916
3108351
4898091
8161232
20536157
92207174
140539538
5402612
5988062
98279220
58169383
6570862
151167283
15066524
798478
56040733
15356284
28314255
67887957
26997623
18554976
50940456
19641868
50683
103991404
12348502
8288552
41056915
5709522
238083941
49580825
34888183
15861355
89421672
44302863
68853
201673987
55853311
6680662
41328421
32315956
11522632
14444758
45642875
18307901
20033124
7936522
21320324
18181460
151877169
28117783
7597922
10637622
