38671739
183165874
474752220
487574406
180505807
204783452
1688827105
216685033
262670912
517746459
1633690357
511390424
213687216
102376079
17919972
23375688
54730258
20710809
44089754
586198217
36782022
91478624
1337785291
15693493
30973
14677919
53153263
23083404
621523
268414482
326359913
67274986
407569048
624413
1434251
1367531
1282675874
28785486
30278532
6480682
436266454
370846105
300392950
136361303
16193578
2868332481
14075928
759009907
29730065
15131310
3682155857
19927627
535638779
