2786051449
210758775
83055581
92573831
5695632
28785486
355370689
51241574
16184358
14677919
189180763
60583926
69181624
1652541
16664681
15846407
3108351
99050904
5392522
15731368
16016427
25073877
813286
62724059
252531143
16548023
402492344
15448383
804011605
190955393
384287774
45461766
14246001
41814169
109213578
204151028
778057
35400566
24382468
5336752
14293310
122278704
62216533
16190898
20772763
170965705
154426751
259195959
5402612
69209858
69068481
25976458
16076032
5520952
742143
5943622
9532402
44039298
61507091
118552439
18812572
15012486
264058981
34252332
24143580
19397785
279967425
31685653
74409069
54149214
64038747
481078872
328918379
15092616
71294756
3725065634
197807757
18170896
43032508
330826792
14669951
134657984
14511951
22096068
5988062
30043495
759251
130307120
18424289
357433536
501583715
27901418
874916178
522282462
62786191
245697549
32751684
46602211
15371662
13850422
340613443
14515799
30313925
443580317
14173315
15224867
807095
1367531
2097571
183078358
500704345
44728980
39453212
428333
15872418
769797708
202890266
270176702
3287233182
79355995
1263292416
171574926
199274986
98310564
186712788
63701775
2175290642
