14129299
20480549
24431892
11640472
95708018
61220477
24619328
234149757
807095
51241574
15458694
5392522
5741722
21443773
35027698
191477653
434310764
14677919
35773039
15164565
14606079
2329066872
16076032
15446531
3108351
18622869
5988062
17006157
63004503
236026761
18678924
14412533
13524182
9532402
14940354
17002185
14515799
46176168
31127446
50325797
14529929
48802204
91180720
158426909
4207961
16129920
14745059
7406262
30868693
16303106
39311859
17874544
23083404
88763317
7144422
316389142
28870086
34430522
23378774
16812787
50811932
2890961
42562446
1059194370
25521487
139162440
28706024
36362259
48488561
27649623
32140588
35936474
50323173
15846407
241964676
813286
16017475
27195114
32468278
15697059
24925573
2557521
906782533
30313925
39592610
1536791610
1249982359
26257166
14159148
17919972
27466646
32765534
1093090866
2359926157
11134252
35982046
15485441
22453248
428333
2414834689
11348282
51263592
76348185
9624742
66369181
15007149
325830217
15896162
19725644
80480330
7713202
