1102012339
2938362164
2447460852
1522428578
2928314947
1024689306
2993713310
2160209893
1176651312
2183708241
1062820231
1825861386
27195114
2729506932
8161232
15485441
10228272
95023423
14511951
236699098
20322929
16303106
35936474
79293791
1337785291
30973
115485051
24626969
813286
221185711
5988062
123774113
3165290299
23617610
19397785
742143
19923144
428333
32959253
14230524
21447363
157140968
17365270
15846407
17919972
2557521
56913467
118024094
2177710981
14920785
14677919
44196397
759251
42606652
108936259
2458368350
90420314
34507480
24223641
47786101
807095
19426551
5402612
259925559
23083404
70903729
92724677
26257166
116362700
25521487
23151437
268414482
25365536
113509194
240649814
27260086
195703895
169686021
85452649
322285980
121044171
26565946
18863815
65659343
23375688
78941611
3108351
92726549
113278275
44588485
17444573
94163409
186284229
18676177
23518723
22721166
18129528
134758540
87118217
113419517
68977380
462902673
97865628
56736161
3305854866
56631494
49943475
34197952
219617448
405427035
2183816041
20778387
22156181
22412950
87170183
14880616
17796018
116484400
711694309
1775731
20710809
183230911
22843068
24705126
1288175774
128155589
56304605
16190278
84554399
471741741
126146818
16116995
16588095
71201743
103130238
43568964
73206956
54829997
19929890
25170188
88856792
31348594
135421739
15846527
37291805
4047912794
19549159
35664799
57371662
277434037
33801019
17008726
27083523
60395840
15093629
17082958
15519430
27091468
21915666
101695592
132385468
20209459
164122774
27696993
18228075
9917652
37034483
138822469
14208611
145125358
20639369
76294950
52339151
19928703
2869531
51376979
61458407
30855079
115341081
19895282
57928790
23061619
18839785
119405380
1492538024
70179948
101311381
20661539
18681139
18128265
20609518
28164096
26329195
65733755
26585023
293850289
36980342
148496087
14353392
24581397
26527812
16145224
3015271772
19519252
21769127
30278532
