27574912
150429478
955926744
2913360096
2944077360
842184937
4110154394
570526051
1405581504
2264916126
239893780
3020328709
2955292332
79708561
124121965
240380466
2954265230
1345126646
382177268
18087450
3761642956
3824376613
1488031242
46587318
4001743935
2258339919
2509995234
24886025
17790667
14677919
411409075
24400702
17544803
48190894
2821294718
144657491
19927627
316577087
1450817760
3759296179
3824006412
86613184
957843446
62513246
85603854
1683770155
512696125
303496156
3997033815
443722809
54730258
88856792
1434251
59157393
3009968797
2833656445
83876527
427475002
350868415
2862157933
