2330753389
35927341
2857992013
4157840129
2396715548
2997080522
23544596
46945107
11757522
24814564
109241992
5402612
268676434
28785486
279449435
807095
48990944
3108351
17919972
44345790
15485441
813286
451869617
16983244
560641368
61609661
37034483
67602060
295026890
38403110
19895282
84554399
56631494
54829997
31348594
53355887
300392950
950165300
33801019
195703895
56913467
87174678
3117015608
53556894
105710210
139876086
18839785
109275593
92945681
45452226
185142711
77696645
71201743
107318424
76294950
113278275
213278292
68497896
60865434
183230911
57928790
97865628
3177028489
51376979
87170183
317034396
18681139
132385468
