15513604
1852601040
3065443251
3852489075
23136101
3759262939
4244228234
3140017167
21238039
24799500
14362241
26012202
16008051
2525146154
3279944359
3315987852
750196890
2495700853
16580053
4189113040
2218614180
518403292
203978405
2633951512
3807048254
2167400917
2997513039
3386448670
2735852803
4022426481
3909195373
3438545739
343627165
359621966
1536791610
47459700
45358339
558797310
612473
114446939
19383099
29492916
26257166
61740705
304788556
1339835893
18949452
15494014
99499640
99008565
360910089
14677919
5120691
43289988
23747279
15438349
8148292
23574948
380648579
46574977
2786701
972651
15066760
118838969
19811190
2097571
92350971
571202103
16973333
9031202
2518321
91478624
14581421
119609847
34293595
14293310
19140447
562768872
34888183
1652541
17093617
34546831
23440052
34713362
1490631
428333
8149482
5397942
14749606
3203731
20543416
15439395
813286
15774741
32359921
3108351
69456064
213969309
161813561
50393960
5988062
4898091
245354027
14511951
69008563
637313893
20562637
14800270
55859816
14159148
15492359
14075928
9027902
742143
59936143
265902729
788524
20609518
20536157
8161232
807095
16343974
156651229
2735591
2467791
19641782
51241574
16865364
5402612
599065130
1344951
17919972
759251
487118986
20320183
87818409
21003412
620632841
791197
44196397
816653
15846407
98864871
56833
5709522
5804942
35728415
16994529
90167513
103991404
15861355
56040733
41328421
7936522
151877169
238083941
28117783
17032434
19641868
26997623
67887957
12348502
30630855
14653530
50683
201673987
6680662
7168572
109625021
44302863
11522632
49580825
89421672
18181460
28314255
798478
55853311
50940456
7597922
45642875
6570862
108157737
15356284
58169383
18307901
20845447
8288552
15066524
32315956
14444758
