71297990
216430965
2335560870
27466653
259435698
41077287
52420819
67792139
2345182154
4149046827
4151903135
278328390
4064433137
1368178082
363961928
4165391758
3126366539
376316242
4164411983
2945297469
313087874
3966544705
2629502950
4164860718
4112985833
36322459
10228272
330705266
619660013
4188349754
196795202
3804409527
101617959
4128670653
1906234147
27822290
4088281210
1088207396
4148737035
618336955
163730859
4179090012
35460927
4096462456
3384697167
1396698397
3328005304
344316738
4003040355
4008324084
4103682028
97481439
753258037
4022952136
3090036039
310072711
4190750834
341508677
4100004685
2263692755
405728790
2347311342
99200827
4098010874
273068400
2937718061
354030151
4107440356
379408088
17019152
176566242
2246341620
565441416
1365728935
2859040763
4064535073
4175675718
4156770742
4163012057
586198217
41630154
3359871792
1499494880
3391671195
850674822
4141469656
278413123
4191715472
2977638041
4164518181
23544596
4190549472
2186851307
19338736
23497233
3110203268
4156672221
4120069154
500704345
4039925241
3018245741
3682843941
3763123396
4164337100
4202506404
21254264
4141283043
457554412
925274659
436266454
2611789572
4194769573
3590006474
811183188
4165188154
4070537573
4167685273
4092748156
30278532
2612057402
4190773950
4100163975
4118279667
4134924380
4190418854
4164517181
4074482294
4035074954
4163963283
2905500868
4121138194
4181295314
3359296338
2545603081
4181044873
3041287126
4179141493
3340937374
3116064773
3859702033
4126152249
4179356592
2331581375
4154754132
3253401871
4127867053
264107729
3748887313
2368377445
4157658479
4133656695
4184108304
4156649777
4129550114
165170975
4122149099
67908621
3235011386
1459116492
4137558063
4149645918
209708391
90058903
3892696039
19777398
637073618
4133581023
294055588
4098114552
2959573126
18539631
783214
84279963
4141388837
518044758
3431648320
4126877548
4083250093
4077390927
4100133733
2984956944
4109139614
3888947189
4117562533
3240650047
4167259692
4156778633
3690010640
3827757132
4084792813
3636442455
4107906052
3469150941
4164204243
19018401
4152205822
3176967594
2645361184
4156695077
4074222779
4100934316
4060927576
100220864
50460663
43078712
4138218207
3937826717
4058052499
4121066369
4105526415
4033409474
4165792781
4143763493
4120486487
4097592172
4035889613
4132341912
4072334476
4140866425
49000233
4190008404
4132739115
4076705601
3531320175
4180034594
3799223592
4099567895
4010050754
3075447769
2263553926
595281968
4119692893
4151730471
1033427844
1668786463
4082756176
3617568975
4112385674
3576187168
70988181
3002742716
4110555761
4148817315
1657220197
3103279006
4038573285
2786904555
4143396855
3128153880
23625755
4107718273
4165328906
3436945871
338084918
4148806213
587179297
26895879
21111883
3098332690
4097557731
3819502996
880361172
1128333433
287656816
4201949292
4156405995
4163337753
163915026
2372270311
19064471
4001655674
2904105359
3816421953
4133675487
4112676375
3586569209
4127606669
3576391516
2400342124
2449486000
4201952533
132232335
3100308655
2465049607
189050255
26565946
16409683
255822420
16548023
15142076
5392522
807095
19106719
18901882
23730363
21701757
23613479
497665754
18917343
253978014
134021656
22582796
202113290
122342030
8771022
57883736
759251
298966311
34834728
16389180
22650211
14293310
618080128
39364684
132630648
17940246
70582840
41229669
2467791
22919665
29157016
7744592
28785486
205629338
40806622
149458394
105119490
22594051
122027651
45777322
238662720
3303293865
29136950
34834349
243101265
106118382
48193998
428333
106669711
27778893
202257300
19107088
1652541
503156289
442952059
31092125
18040230
57905993
63070015
55186601
52584545
195646956
27678749
14511951
24249674
256894827
15012486
22685200
270720082
29155120
25365536
75014036
181939619
95023423
19784831
63070483
15279429
723432186
14173315
121199319
27989078
45317278
16129920
14824849
19740592
303027143
39788399
490333799
1839871
16735476
101928415
130085524
169686021
114957131
143520265
119996572
17093617
46576295
157140968
51241574
30973
14677919
27195114
32959253
20322929
19562228
5402612
813286
6017542
14920785
16190898
17525171
16303106
19426551
2557521
50393960
116362700
28706024
236699098
2214938128
34507480
19923144
35936474
25589776
115485051
90420314
14075928
19397785
23617610
79293791
15846407
26589987
25073877
326359913
27260086
30364057
25521487
300392950
23083404
109702885
1636590253
624413
20177423
17088779
49061402
23151437
18948541
15693493
23375688
16581604
5988062
21447363
265483421
185314895
86330674
47459700
6480682
17919972
1337785291
14230524
91478624
29730065
3108351
15485441
136361303
268414482
17086831
17308994
178111058
26257166
43192807
