2796968620
26997623
15861355
19641868
7936522
16898427
1652541
18949452
3108351
9027902
156889951
45768931
5402612
5988062
742143
14800270
4898091
50393960
599065130
14224719
813286
409486555
2305049443
193757722
177758937
937294358
274040176
387562192
15748390
15057943
5225991
19066345
22906929
12804422
17057271
40813384
2421380846
1207654748
20622594
3318026275
2914541789
3295172159
49973923
22147342
140118545
26179896
155924984
4162450408
71475684
3296175392
17602896
1198406491
20108560
16312576
25589776
20196258
27457788
71876190
48410093
25365536
23151437
436266454
15846407
25460615
46296304
55117855
197598287
3303293865
3353566654
205302299
26585095
31080039
183734502
19546942
72598780
59624844
76256268
15279429
141052723
178111058
113047940
1536791610
1339835893
7713202
1330457336
73181712
36042554
15764644
9624742
222953824
14159148
17629860
939091
30313925
19407053
21323268
16581604
144130505
336116660
44039298
30364057
25521487
115485051
23544596
18948541
15693493
14075928
15485441
6480682
19562228
90420314
20182089
22685200
14293310
2467791
34713362
4230561193
759251
47459700
265483421
21254264
62513246
16193578
1367531
25073877
19927627
624413
21111883
300392950
20402945
15224867
54730258
8161232
14677919
107146095
51241574
109702885
23375688
1434251
621523
27260086
427475002
17919972
268414482
16228398
28785486
136361303
7744592
14230524
17544803
21447363
26589987
262359713
1337785291
23083404
807095
326359913
53153263
91478624
