3534907093
1964983346
463746801
1538526006
157140968
2370369864
775887091
3905549543
23617610
3071348210
2505525322
537948520
25365536
2726057898
393589658
3559354752
3633911953
303535030
32959253
2420354074
70041687
4236443773
2894100961
3422925471
773703050
629529084
704629735
3019774014
882548006
2694501209
25454793
2454698637
517814676
1135986836
1944601124
1167455430
131099880
1717780040
375857912
2862508295
2557274130
9624742
2505732606
296470965
2927698914
15007149
3520463961
3895949909
3073248212
122453931
247632366
3751975874
153358970
1668638118
1313087341
2377884038
306401960
58545637
2898249102
3439418954
318835155
2953381694
62513246
769727912
18393773
16507391
44039298
400051029
71201743
103065157
33801019
132385468
16129920
14677919
317034396
2589687589
17093617
813286
16303106
2495949541
2839995611
19066345
76294950
128155589
15846407
107318424
19929890
51376979
68977380
135421739
14172201
10810102
2183816041
18681139
18839785
405427035
571202103
240649814
183230911
94163409
44588485
88856792
56631494
56304605
19562228
3039437434
277434037
38403110
3114616490
365344176
115485051
3096410291
807095
2481283506
87170183
277761722
265902729
61781260
57928790
31348594
101695592
310679156
139162440
121044171
19397785
613321095
37034483
17753033
742143
17939037
145125358
144944472
92724677
113419517
97865628
2589703207
471741741
15898172
115341081
219617448
328630711
13784642
65659343
3300258885
11178902
424511479
336116660
54829997
1492538024
7587032
15987295
134758540
78941611
3099645834
972651
214924885
79708561
101311381
15485441
11348282
19895282
8161232
500042487
1187412534
1434251
14824849
35749264
14700117
33546465
427475002
110365072
15439395
17481977
155659213
15589815
18055737
22001973
16193578
47319664
166739404
22009731
14224719
558797310
136361303
21447363
15820664
1903382054
5402612
85626267
34613288
19583545
104969057
612473
44409004
14399483
20015311
5225991
173195708
22917508
