4245593532
276327520
114795028
138330579
361315016
130795100
92424604
45022448
135180139
99918503
358814014
91997935
179036286
121046433
99448420
466882955
127765218
204002663
121044171
175298380
378460963
45452226
171117515
84542880
92945681
168606635
3312199839
192516943
3033107575
109275593
92724677
139876086
71201743
139402141
593502527
1395366193
18681139
596401386
14112549
113970407
2931454464
44588485
3027318952
3176213793
2901302809
108936259
262714045
119674228
532063153
15754281
53556894
33933259
3281965087
3234889964
471741741
286297658
477763395
5988062
27172801
88856792
128479646
1327254289
325651341
31348594
2171724203
18839785
3238646348
145125358
50393960
16312576
586583979
30364057
95017027
22275767
166490546
3081440790
3013189604
4143212058
1497879534
57188977
3311235680
132385468
24705126
122995784
283891940
1251083774
1440649735
1646065447
145126204
101695592
3286466816
16664681
153120377
2306432065
1886345964
2506662439
36327407
1351561063
259137279
2597413135
19895282
1498604485
104757415
3064246879
1592747288
136952269
268643124
449553573
1652541
1632645223
3275760644
4214255239
101311381
3347003533
141633175
415953853
155151279
130806032
14159148
436266454
90420314
16228398
807095
939091
21254264
19562228
8161232
91478624
23083404
30973
21447363
17919972
24742040
300392950
14677919
43192807
10671602
14230524
427475002
1434251
136361303
28785486
326359913
15131310
20710809
5162861
49061402
16193578
1367531
586198217
30313925
29730065
17629860
759251
23544596
15846407
