3251065470
96478944
3226601149
16188231
20201793
32348544
111739030
20021601
22237740
18251669
18217458
18328082
25144145
823860
18952042
65429093
135527723
50097116
3616610657
637318580
28370738
110458336
11856422
22127274
1199343140
45682248
2798015537
1276898760
3583076536
3151146781
46183945
82350856
802939002
292092669
332638587
3179977818
348785149
16900536
574168493
80096621
502135911
62591681
6427882
57097104
33041426
29344169
165511377
23027237
130922325
27457788
17853760
14506253
88749392
20196258
26020351
18131961
152801977
28644174
149590738
57084769
419928486
20344826
30271564
243905905
472623389
1715051
1924364738
31312972
2176998871
62290422
121626258
880310556
562381032
124335068
329746058
56405314
89503894
66561957
53297035
586136477
2893511188
78071252
26885308
109660695
19329393
216387646
34097876
29840295
27778893
92367751
110827653
2359926157
76348185
9624742
23818581
19397785
16228398
21769127
26329195
36980342
65733755
26527812
148496087
14353392
15224867
972651
20978103
21506437
336116660
44039298
17602896
1198406491
16312576
23151437
14920785
17074714
55117855
130997057
131948686
2181233851
145107843
21870081
265483421
6446742
19637934
480930665
500042487
25521487
142157505
24807616
37982492
59949396
1491522236
17844280
75974281
2715115656
310463188
391037985
580097412
47285504
47786101
443215941
436292177
133880286
50374439
14824849
22657153
238319766
25343191
47216804
237883903
178088940
2538115178
1326005282
16409683
586892658
26565946
28221296
17525171
18755564
915726438
2875485611
2317351705
15681597
20121783
27355837
316389142
158414847
16303106
30364057
26053643
10926202
14515734
15614819
36046710
5687132
87706286
41352761
14681605
57750055
183229635
36513246
28601983
3512050225
54302845
759251
17379685
10252962
3186948926
2700676555
2201794429
16374678
3641592193
41051868
71365246
470838700
403951740
2817495746
1360122680
3751818029
22175468
3778646053
3114608863
92186563
540222794
269067931
1622115589
255257254
1949817768
2251189969
2209184108
1020696642
288435826
48255362
262488766
39392910
56856117
3006790827
16403943
2961487027
51300224
3586432754
16622151
41403510
24868811
15999644
21840737
713143
20015311
783214
18665800
310687757
15666380
31353077
19261737
31340506
14209619
174336875
148807607
314864509
17265334
139162440
241382835
22677790
3063032281
38349184
39589819
3148630202
123143563
2387590212
3166231758
160713245
112508240
3096521808
14342564
3459051
243973619
82425717
80430393
211183013
2835701125
2548637101
16659063
3031524662
73232956
2395648255
3650447114
47224601
62912420
3186941312
18120497
43925013
38808088
176509198
890891
19426551
2916776245
2997152705
2883841
47191725
110590422
22553169
1199794686
59699485
16001827
2565091397
60091288
487308755
269137931
258972936
226690509
191868700
29582749
18847106
30287813
113105334
43155482
113719323
231969821
20496846
163633469
115199280
42100556
376006014
22279111
1336255764
23570223
1918558992
50462246
52568921
24300583
196013643
30614676
34747631
102600381
3340799352
16664681
51241574
14511951
428333
3329930704
20437286
875799984
369749013
59287932
16211684
97016577
22039299
35643596
148893587
130570597
18194366
57708399
17053587
3585651013
879269886
486872935
33532745
2481431462
2595603024
3444757094
65402279
47383110
3073450628
3011629418
152779720
15884378
423190331
2201432024
527171314
43139414
2148127056
417927382
83095186
2467791
939931340
624467867
45564482
115771007
2258521417
1140455612
2557521
16223318
2445355614
2679952806
1325485278
250884927
2418301016
561418523
1564106089
2336020602
277190065
14677919
2572322803
26736487
52597459
381110818
26589987
26257166
91478624
500704345
3108351
18948541
50393960
427475002
14159148
586198217
30313925
436266454
136361303
1367531
23544596
326359913
16145224
15485441
15846407
21447363
30278532
27260086
293850289
11348282
1434251
14230524
28164096
17461978
109702885
300392950
5988062
20177423
1652541
23083404
19927627
17544803
5392522
90420314
31080039
624413
17919972
6480682
807095
15693493
66369181
