2381246233
471240396
15013005
79633119
1420422170
1139185742
2531468748
315856114
91414324
270164193
18807671
36490075
1503775848
1613366358
44966845
164418122
18686907
79529480
67775207
71256932
272059737
718473372
234940866
102466223
1394216114
596556457
23975060
5988062
35511525
546022994
304450679
21212356
27883283
347377865
205808022
372194355
599357202
1440641
23485648
1579422614
2886171898
137111921
19042105
18841531
33934124
124209201
171474466
114727882
55091725
98963477
243680331
931700017
377982356
28338433
49731927
105062129
36920693
15949042
20579845
36152240
12413032
900154572
29285711
27013347
26576457
83665853
14677919
11178902
89465917
52796949
98976495
67691067
38681183
18999641
200646949
607667041
20472393
263184664
33474655
48289662
39585367
5695032
5694822
35773039
175178891
16187240
116939663
20669858
3186299889
17162681
