20793816
116502194
20184582
204195016
19636948
2359555597
50735945
17138582
6433472
402792142
203123011
56503668
1066619041
285634142
129451713
2166842545
2994566546
2368538162
3160408456
79292173
3409705520
1648880360
3010777852
2853906609
2764951682
264065176
144189104
2463171847
406829217
14951344
151250681
98177889
28785486
3355595963
262359713
3353566654
17544803
27260086
3350647415
31080039
807095
3668064854
7744592
27083523
205302299
16228398
2244132644
293850289
759251
300392950
16193578
26785766
427475002
2801836606
62513246
109702885
1675842091
14677919
25073877
6480682
586198217
2651419969
21447363
2214460062
88856792
21254264
8161232
136361303
169686021
26585095
51241574
15224867
3042134365
1313402808
2600968568
1370175494
3053600123
