1380671683
54829997
57998991
33801019
366947884
150429478
624462023
87170183
68497896
2459371
57928790
2189986129
614156493
183230911
243381107
18681139
158487331
113419517
145125358
624413
19562228
20710809
14116807
49061402
10671602
25412522
29730065
326359913
222953824
117652722
132385468
26589987
50090898
14230524
63485337
807095
25365536
25073877
3080761
23375688
16193578
88856792
36782022
14677919
91478624
47459700
316577087
28164096
14159148
54730258
22046611
136361303
85603854
24742040
30973
15485441
101311381
