2879166483
71984940
3987194855
282095603
3807109274
2923144437
501179167
2251255764
3696397763
4061482875
259196853
18909186
158206331
3616465218
2160803621
1213968187
2861467804
2332343649
1365820440
2796847995
615751888
3371717621
2798171214
1916044183
829730996
2467044944
23815533
28076276
2732798509
767964632
3613275499
233558469
2395939196
1016941033
21836409
2316938455
24531011
111847753
3369481214
1553997000
3142534562
3318469596
100727865
723811021
3232741914
92724677
78941611
33801019
30417501
277434037
113419517
57928790
134758540
44588485
18839785
1492538024
135421739
22598822
5695632
314472411
10228272
3310384268
2941495945
14920785
213969309
17446621
2785480981
152201983
14075928
4177202780
107318424
87118217
26257166
16303106
19789471
5548212
35936474
182384817
3172100750
23083404
92726549
204832963
98362607
19725644
44196397
236699098
2469605695
742143
751403016
14677919
3108351
20609518
108936259
14293310
32959253
2890707337
2456712408
47786101
2333298618
34507480
3171712086
3165290299
2315142679
3288521539
133880286
3842568118
372754427
17087476
183310940
2541363451
759251
3229311333
2277402223
8161232
2557521
27260086
461841349
3582117314
2597413135
116362700
2797672124
49682822
2940252339
27042513
2500955780
3271034690
113278275
50393960
1272680167
25521487
18948541
157140968
17471979
15485441
3580859838
2536702195
188188234
2687124019
2593064281
2471316204
813286
23375688
256620240
794364504
95023423
428333
20322929
171117515
19426551
2591379469
1856414335
85603854
2813594030
115485051
195703895
23151437
2809233943
2222673457
19895282
71876190
101695592
85452649
42606652
51376979
101311381
238319766
2910850862
56631494
88749392
169686021
18625669
56304605
37034483
711694309
19329393
3003860456
25365536
20565284
90420314
132385468
65659343
14790966
17919972
128155589
18681139
183230911
3258734365
471741741
6017542
1339835893
88856792
31348594
78259714
2183816041
87818409
36008570
558159710
39240673
3004231
38403110
79293791
559692026
26003792
19058681
141633175
19929890
27195114
76294950
3539007552
240649814
59949396
71201743
145125358
1317076194
1886608999
14230524
19562228
77732185
215952307
18009781
130104041
87170183
16153562
807095
94163409
68977380
97865628
18676177
405427035
54829997
23544596
265902729
43158428
219617448
121044171
36327407
307354650
268414482
606326324
30364057
84279963
2917317515
14700316
22917508
17336417
21447363
16193578
35749264
15589815
427475002
158079127
34613288
14700117
136361303
20155652
20015311
22001973
5225991
14399483
17481977
155659213
166739404
14824849
612473
15820664
15439395
18055737
1903382054
17487733
33546465
14224719
558797310
173195708
44409004
110365072
17020962
85626267
104969057
47319664
5402612
19583545
22009731
