1102449241
63073975
17874544
66334209
1652541
102594253
783214
742143
139189823
14293310
5402612
28785486
39240673
1923373933
14677919
204832963
68399705
15012486
189917061
70179948
103770785
51241574
11589192
83529586
41364508
6253282
16465385
25966181
40673794
1856414335
759251
108936259
245687754
1056850669
47543773
53555106
3282045398
141208596
19923144
350128848
14230524
42414011
70903729
236699098
807095
2534310320
230856076
2686834802
2541363451
920488039
441636351
3009186721
1244137812
16303106
75509967
38647512
2785480981
66306024
21551205
97217966
36327407
57879889
75854417
157140968
207809313
3887489783
23617610
164213375
56312411
166665752
6509832
3000838099
95023423
30973
137780376
2596143056
2613904818
10228272
116362700
61458407
35936474
14920785
1324334436
1072993274
1100927498
373410448
231033118
58243368
52339151
57998991
16093478
347035710
34131007
1344897174
56913467
195703895
105710210
1447949844
23375688
1288175774
118024094
122928781
14159148
17525171
287156977
2222673457
751400048
56783491
77732185
586361294
1346439824
16983244
2574072036
113278275
130104041
21111883
3104374388
44588485
17919972
14130366
57928790
15338256
68977380
24705126
128155589
3289616450
428333
88856792
23083404
56631494
816653
132385468
169686021
23151437
775296019
26257166
120965579
19929890
813286
18839785
27260086
33801019
219617448
135421739
15492359
113419517
57947109
2687852605
240649814
19426551
71201743
145125358
3108351
1851545900
8161232
15846407
50374439
79293791
1867843520
471741741
91478624
54829997
31348594
32959253
115485051
3573144194
277434037
20322929
17381587
92724677
77888423
101311381
34507480
26565946
87170183
37034483
2183816041
39743812
23061619
17482727
2557521
121044171
183230911
43568964
405427035
15093629
20536157
60937837
133880286
78941611
468479147
20571756
5988062
1492538024
94163409
14800270
50393960
25521487
21447363
76294950
101695592
34197952
25365536
15485441
268414482
44196397
40885516
19895282
90420314
65659343
56304605
97865628
972651
27195114
116677732
18681139
51376979
134758540
20609518
