3321010248
2583550344
3062426125
744742458
1579691143
3849073109
19483191
324137207
1479306602
175969695
516102834
79165141
1148346614
424891961
3233149490
1192013594
9695312
154067873
2846720958
2802941575
3498498313
3012595046
94999167
2991229317
4185883332
3953480773
825399608
2483123714
30664613
1034102906
47863038
238480712
2249776482
205605464
473614195
2477717365
3099209102
269733273
259164560
3241547503
3160341674
3246440449
611335181
177193007
247119298
483486676
1001227442
3195219487
301290850
2288996354
433556356
24742040
17629860
23083404
15846407
15485441
43192807
10671602
586198217
90420314
21447363
136361303
14159148
19927627
30313925
27260086
29730065
6480682
427475002
436266454
14230524
30278532
326359913
16193578
30973
300392950
26589987
49061402
15131310
19562228
36782022
63485337
109702885
20710809
8161232
939091
21254264
16228398
23544596
5162861
17919972
23151437
