7517222
813286
700568101
364754416
51690631
440172131
111615736
108936259
14511951
57998991
1853932387
33801019
51376979
53355887
56304605
614156493
56631494
78259714
130104041
25482776
1317076194
14677919
277434037
219617448
19895282
77732185
30417501
15093629
88856792
3117015608
707048490
468229219
441636351
113278275
76294950
60023642
110025421
66092787
490442018
36052760
2183816041
102382667
44588485
57928790
141633175
1492538024
256835387
597301440
52339151
711694309
471741741
283916211
2805358944
1978851349
14293310
18210579
405427035
3869367623
104092776
223383707
2317131984
948648084
2729506932
189035181
25966181
123980626
56312411
19929890
17463140
122928781
250495841
23061619
68977380
124258971
72481380
1441339070
83212615
2847225740
2576142276
2572981626
754613281
586361294
614134623
34197952
1867843520
128155589
145607857
902534288
266714730
1111706414
2218274526
61755650
38479920
18872373
428792888
14120922
108252113
468479147
94041171
90347940
13149332
66319753
2228115786
427258135
93825359
145592277
18238260
627301298
791517902
16507391
429437160
18354016
216447259
2719753171
3065261233
3138637447
508932270
111871312
120990817
152251488
148248527
129786468
136479128
121677709
1176135546
52729592
33868638
24291261
25108484
256380390
279864843
14920785
17074822
49503011
40768837
21910850
17074714
1319921
107436986
15966494
18753325
386244525
34738598
130787975
41265813
87174678
139556944
23653153
50725573
14123683
26589987
344634424
259925559
13838562
39546218
91189330
20684227
22657202
336124836
61355746
72509949
27471945
184828402
52422878
35348026
19900778
225539878
34296189
15011421
37896651
85633543
28665877
12297052
136007061
224223563
22677822
185827887
90836187
476430115
285332860
158487331
155659213
96951800
60865434
14251256
2500955780
358814014
2583803186
2855255702
78941611
185142711
92724677
121044171
121046433
16542390
71201743
92708272
59808841
135421739
256495314
169018518
355989081
17673635
17710740
6509832
42606652
39240673
38647512
36327407
20751449
19897138
134758540
240649814
37034483
