2751461283
145125358
213278292
77696645
14591141
132385468
18839785
150429478
135421739
280883645
145337090
2466457926
118629205
104207376
1396316269
471010707
37599685
50548818
44335525
193194851
3422566509
136246950
3041793001
2930181602
259925559
1337785291
20402945
107146095
17790667
169686021
1434251
21254264
17544803
17074714
300392950
145107843
621523
27260086
25073877
130997057
1059194370
86613184
24886025
17019152
91478624
19927627
8161232
16581604
16228398
268414482
19407053
427475002
176566242
21447363
14230524
23375688
26589987
23083404
624413
17919972
98809456
21111883
83876527
265483421
62513246
21323268
14677919
54730258
