365171478
34479109
22974854
1324617870
170254080
770628938
21347794
15469000
165851183
23187207
18191182
23072819
27050090
156052545
88974843
52758588
23975060
124087958
11178902
3127738674
5736632
194710427
165858489
14075928
31467470
208747177
490405956
244142339
318534570
17539613
69422072
17521340
22272550
311147373
190351888
20174852
17794578
17486351
22596969
295372900
216436952
923653860
501121980
45483889
348660380
109137774
115989137
6974622
424387548
341177778
248903417
223958206
553244707
1101829514
3372274873
77028545
323102637
59808547
30140392
80845451
45758990
348341776
490795236
82132377
70720488
51604309
18771458
153582704
42520006
52796949
30109507
182351572
127018117
102510292
66819387
96208310
16336440
69949683
19559751
321003525
69629529
40470484
25362174
182387569
518674641
518784620
48116148
531340279
46042529
376935999
169668952
737509950
191602765
111718948
342977461
193335522
776332712
498325571
116233290
1149124692
251930418
21926404
5392522
17445514
14884180
45564482
17762906
23484629
18343431
118467734
222616153
52839239
17161138
28579125
37828474
14346434
344040774
537783075
470991619
60594135
23339125
137971452
2735297758
2541941209
2944888363
2343699180
15395744
2903979971
288200935
25448800
3276670950
729160896
51556743
2797141321
22190395
16876362
15662359
24904151
440342401
1865436828
201227740
222299149
50286440
533607431
1480056668
229154336
2803336389
366095874
53934081
201458777
423452749
250339984
19082054
14677919
2379146107
40702976
778181826
121490746
3818957893
23467152
7115872
2815580909
15293080
69671186
20681253
20536103
636683784
31121585
156169587
189330522
80132586
21798627
169413838
71579514
56742002
16803215
71256932
17781739
14360757
19816859
18964696
2863349692
2226557318
25865078
2307464336
10206162
3334444214
86048616
807095
19927627
46696817
1434251
2233154425
427475002
2517988075
