586671909
26565946
15485441
2436154112
4238073553
328810158
22292529
12848262
36375825
1906234147
14934818
64220843
38491229
14216661
19678937
17919972
485182129
186154646
62894963
367438262
20177423
25375962
303806325
330705266
17093604
17093617
101617959
16313405
363961928
1088207396
15846407
313087874
484390754
8736882
86138382
17881732
163730859
23002923
618336955
55594930
14079041
18999641
18638090
16307818
164764840
19038934
2629502950
196795202
45564482
179691327
3108351
10228272
21586418
14677919
22940219
119106683
14230524
759251
147966474
52818366
38531995
7401202
17138582
405728790
203123011
15519886
184964515
90481750
100300056
16342817
19798578
11348282
18177126
41618221
19397785
19636948
6433472
34301129
278328390
2515925815
382177545
310072711
344316738
47650483
25087685
15279429
41468683
4532891
1228154132
169686021
701267743
16909620
1693928234
1131990072
379408088
434970662
35798784
254248108
255388236
14353392
18676177
454105227
27911944
14500608
2152953810
107436986
17086831
35084169
264809345
1467362618
34027831
28179079
16145224
22956018
16143507
90415483
27709835
164687686
308194956
26763420
24852465
14465084
18129528
28016036
22412376
27260086
518600762
