3027167632
2495700853
864871926
313312039
2826026763
1239313056
277609700
150752096
864803935
474363462
4237990394
3064006901
3248292590
956123270
872374136
196795202
59632108
379408088
128023009
511402689
304032531
4188079632
2902932129
221392767
813286
17093617
30264308
169686021
788524
95023423
11348282
14173315
27195114
7152572
28140646
759251
35936474
30313925
11178902
23613479
16955991
1754641
16664681
100220864
14505838
30973
405728790
32959253
25521487
1633044175
225190303
20322929
17469289
14920785
20402945
17919972
15846407
5402612
176566242
79293791
87818409
14677919
17004618
101928415
25365536
8161232
12
3423735975
19923144
16303106
15110357
34713362
155620016
23617610
236526490
85603854
27989078
1708948962
34507480
1917731
26565946
15012486
236699098
21982720
51241574
44409004
6017542
21111883
116362700
14159148
18949452
17915334
20536157
16334857
23561980
90420314
428611894
181561712
14669951
50393960
105119490
115485051
2557521
14293310
742143
28638191
10228272
1877831
157140968
209708391
209867913
17471979
109702885
1652541
1367531
5988062
427475002
28164096
17544803
16145224
15485441
18948541
5392522
49061402
428333
300392950
19927627
14230524
30278532
91478624
21447363
624413
17308994
6480682
43192807
17086831
136361303
47459700
23151437
26589987
29730065
15693493
25073877
26257166
293850289
27260086
1434251
23083404
14353392
807095
326359913
3108351
62513246
23375688
20177423
1337785291
