3073820261
2285692231
255388236
27195114
24966423
46452468
44409004
22179997
2883841
34507480
36704352
50037051
23019705
26516984
48177728
28897926
154280902
19555067
104288093
104249727
19248106
56783491
103012173
254830969
153694176
14780915
209994211
100220864
457554412
24886570
85452649
41229669
184910040
268439864
16409683
169686021
28706024
23613479
236699098
23617610
157140968
25365536
21111883
2367911
32959253
23375688
15279429
48410093
79293791
27260086
54730258
171682388
23151437
136361303
141052723
21447363
1434251
35094637
72598780
183734502
326359913
25589776
16193578
14230524
20322929
19546942
1198406491
83876527
14677919
379408088
176566242
53153263
85603854
31927467
47459700
90420314
17919972
15846407
19927627
268414482
57080571
