4197324916
2829428812
116766949
15882393
232905913
297626273
338199212
303774267
299097727
145592392
114250917
68198959
24636191
62554155
172314205
31891798
422216482
15645871
257618318
437512477
15274836
29130296
465159558
15504256
280826651
464163488
109237155
37391190
244998644
120036324
872423437
182421263
17018005
387181116
225553867
101756062
71165327
1133129990
1361867629
35767916
139510761
1183685479
19478383
2934078309
986106360
23135992
3302124063
32896052
65577676
1449744306
1960789190
65589378
225010383
38804737
172635054
328695608
16248319
256628776
33495086
2361413834
69681766
2361516942
2890054308
2949324053
4198237079
2491790119
1009765016
3331716939
841323733
2751076694
3288528751
92562280
3011555805
3950005160
2897011985
2924750011
3071452545
4188544738
2603853223
2699103476
1894744428
3114556044
4245806593
3057752219
3139254769
3178289387
2396690523
3111469581
565151360
64571585
106290549
3226004994
429417419
26569220
361156809
92860137
1046928104
30812118
597054091
19569136
2908559936
903606181
2902437538
2875010404
3129689513
1651345694
2909297193
2509061368
465833615
2406723988
2906793291
2419481298
2441439710
2891242738
18713254
58528137
30974408
105119490
216201838
1898630232
142000150
614494972
2463542118
2797776667
3224928431
3440528535
283906817
2865716541
1681728685
367760247
86728098
22559769
194006029
100949009
385922445
260419113
78307241
3069279631
93510294
21148859
355936225
265594699
18034072
29424701
123654963
368977705
291206176
322141467
31783130
59635087
21010253
494213047
108805759
626384623
55616342
3281853858
338985020
516341995
443876086
23782965
19976004
9624742
52496551
5520952
125430181
297414669
284074504
45865160
262662117
3049686695
32419107
378632690
72309604
14336299
117748143
154586685
69615397
133663801
131943480
492648852
185542997
587759575
577462444
464973289
2649991
7152572
1536791610
23484629
18814998
228195089
60054156
24744541
13018112
2178292287
786815718
2165529187
498840131
24886025
15898172
44127582
950341134
25069929
3907577966
2918256845
3160779201
326698989
17004618
2364356383
310203348
71256932
18055737
2983206962
66083959
122394817
1243360801
19129949
551707148
14360757
319873026
73359920
96780715
2415965291
18936161
287017852
305708586
255030147
1093090866
2169098419
6661522
2382117350
2579614328
38164846
3580322300
18393773
832766641
21982720
196922855
2914108847
221392767
127916437
258345629
431996598
548671597
27412519
482978111
11348282
15633626
86734016
225190303
263675112
2295062148
103821088
1391673792
2458567464
376666863
250911289
3152267163
586198217
30313925
427475002
109702885
19927627
10671602
17919972
63485337
15485441
14159148
21254264
36782022
624413
19562228
136361303
6480682
91478624
759251
326359913
29730065
436266454
23151437
15846407
43192807
24742040
30973
300392950
30278532
27260086
17629860
23083404
49061402
1367531
23544596
21447363
8161232
16228398
939091
5162861
16193578
90420314
28785486
14230524
1434251
15131310
20710809
26589987
807095
14677919
