1658730367
3911720599
3287498642
3092345945
3092389252
3092718243
3151800272
3061210001
94163409
3248077152
759251
3318315019
79708561
3119970530
169686021
3981723494
3245658217
944440838
68497896
95023423
3019656176
2893788714
316577087
3091262015
2407675167
301925151
3346126038
14920785
3063866864
3091219881
3162901704
2243205206
3194748781
771136856
3321031585
3185570562
3250337226
3739787418
3875533485
3686011873
3250953571
2917111750
3214377187
3303983926
3039176586
3747169756
185902260
105825111
23107490
58258157
3043385041
1280976428
1617729698
3222307177
295060020
3306407901
4174466592
2920280931
2970511202
2336357574
3023305397
3141449846
3019236265
3363177972
3702446292
3093820385
16028958
2572502856
3156076501
3572537833
2852304631
3289951439
3237070032
2330765172
2460752292
3011914919
2705278075
1546179896
1051280726
2230987464
2687105245
3253864398
2612043812
2829449869
3344012279
3071566650
2885480198
3226220761
3041365181
3160612968
462154981
2347966196
3020328709
4015428312
3770316559
3061143767
224839276
2736835277
3324334633
215138502
2656525015
3728323938
33923443
2722744028
3190173044
68935974
3279521155
3899765354
4105980016
222592761
3232230668
3053445270
143677113
3178397732
3704775855
2905472826
3239540107
100867966
2988049065
2824034512
3160410986
3435248279
2239790779
127765218
3252922724
3583154952
3061179659
3197399984
1018218296
3152412630
2916360978
2424040974
3244719308
1242651727
3215437798
579158958
2888306497
17692554
32959253
25629056
22993014
1563948156
29098641
422594923
18470775
23083404
268414482
25365536
3178138123
79293791
87118217
124121965
26565946
17919972
3089966916
16857864
807095
34507480
38056120
32201814
1962711
59338142
813286
3194931367
16319888
92424604
218730857
25521487
16213404
16734909
3185914963
532884988
21469205
5402612
90420314
256833444
141052723
732484759
29576445
23046015
21147300
14677919
17383073
243865694
115485051
25411758
16834659
22333048
3281738029
50393960
428333
742143
15492359
2999513083
15846407
19426551
20322929
23151437
2768501
115884789
35986316
15250661
43234702
41312733
35466620
14740227
15439395
93766096
2557521
24114876
18749677
16213124
36255721
21075591
14740392
23879043
26257166
15485441
14740721
28278535
44835347
85436197
18753424
17983196
19274342
9609372
16832632
5988062
16675569
27260086
20750828
531881411
9609632
27195114
21447363
129673790
3193711597
26607837
