408338751
66369181
965741665
500704345
757303975
15647676
1093090866
1339835893
9624742
325830217
36042554
90474198
445369611
89156232
2524087346
46257156
95023423
2852812870
829361395
466882955
2242891972
1419270818
169686021
834911994
369349145
3287133098
878897533
251509199
16303106
25521487
157140968
3984448641
466820570
19426551
45452226
23617610
26257166
581123710
3108309745
10228272
1433730727
27195114
268414482
360104966
1288848391
409068219
301756605
139668106
26565946
87174678
3177635309
849372606
32959253
27260086
1046261100
115485051
173890260
30973
20322929
3604498220
559817795
34507480
116362700
1641263426
3495160518
36727043
3196240920
854906575
23151437
2471798956
352911017
14920785
2589343812
51125446
23375688
1913738604
323469361
35936474
236699098
3106652455
1647829758
139876086
861083240
259870089
210792232
461558772
300405606
2439098062
177547780
137418466
297320248
1417829894
469622863
2401374210
2403063588
275564493
139118162
775887091
2420020489
1019455962
15007149
1536791610
1229514799
363362774
28675838
44256533
38831675
26604399
145924381
398593054
122453931
83235770
45024573
299531342
64336006
1346498414
197588356
1040345384
96298689
1324785570
497658491
2507863381
1208631468
624896628
615002267
453507741
152797988
385301779
3037969022
423656000
79293791
17471979
113419517
65356637
428333
6017542
5392522
742143
145125358
19058681
71201743
12
19923144
114251189
524193350
14293310
471010707
251826832
14677919
245243568
1330457336
219255067
2467791
101311381
18839785
813286
783214
15754281
97865628
19895282
21078655
163082968
25365536
2557521
786241032
20972121
20578408
2357574121
106317808
15492359
8161232
132385468
446821067
18860860
759251
5402612
47301285
1877831
135421739
63701775
186712788
471741741
755946470
87170183
399950726
23573083
15279429
56302272
37599685
148711787
87818409
88856792
51241574
482808822
512305837
1344951
242245578
193194851
4898091
44335525
18949452
118629205
175883705
16664681
101695592
136002930
59081200
25628242
20510539
611109758
562709681
50548818
3423735975
20536157
51376979
265902729
816653
18681139
5988062
1652541
15693493
30704824
300392950
14159148
586198217
1434251
63485337
15485441
91478624
14230524
10671602
5162861
50393960
23083404
28164096
17461978
15846407
17919972
19397785
30313925
90420314
293850289
11348282
21447363
29730065
43192807
427475002
24742040
30278532
16228398
49061402
3108351
6480682
807095
1367531
19927627
