2241104041
4182045465
831443414
3092873068
103550181
1389755288
1418999036
2954201875
202705004
429005986
331861696
288930916
4121064203
982267754
3422744302
3303147900
1227338064
2189509205
4200685455
241537607
4174413809
3084816893
2580447937
2790702036
3180181318
3314216049
1447558002
1463407512
4132508067
3875452697
4001203216
3474667943
4101854818
4142117973
3889468459
3452028202
3321717269
4054790715
2741273709
2564451043
4097429921
4016821954
4155247521
3207486928
1042594184
4019545145
3325876665
4125591573
483310158
4158918976
3760148537
368514953
4095792801
2922159081
4130558554
3979037961
4053510863
572050925
4173149567
4157754387
4114089951
427612446
3712872073
2806243772
4107171808
4147676242
2908185664
3235640087
286194261
2449986505
3294032318
2816120577
261035274
191571819
2212902588
1448217636
580899791
86908083
508653668
545853614
2989941288
1101123121
1524694308
1959557864
891295212
1432893792
2883704711
3394379884
3108047398
3068227485
262299947
37181562
18949452
1754641
242987073
1024926798
15764136
55043362
321180322
20837438
5402612
15633626
8841372
1344951
1024400059
3108351
346582615
25053299
3423735975
24924400
17471979
5392522
20177423
14800270
336563803
18898079
71303154
538285556
48318302
15459053
462004145
136002930
67490839
4898091
66591836
51241574
624413
32469566
16334857
2467791
201690895
55227248
32359921
14934818
14791162
240128931
16664681
812613596
111237194
500194345
273116920
78010944
311932430
18185862
1435461
278235826
12480582
1024582968
474779359
96083073
14293310
46247180
821359926
332164742
383718202
87818409
242245578
19247844
247065226
297169759
20402945
816653
14360757
7152572
368157378
51431207
24886025
243711009
599728273
410764075
15110357
27844479
34713362
5536782
759251
470307418
204701254
219255067
373257377
271917339
122969292
148711787
36412963
311291245
15754281
175883705
2797701
14677919
23573083
30878232
104268014
5988062
293850289
19927627
16228398
136361303
17461978
109702885
49061402
91478624
30278532
427475002
36042554
1652541
10671602
90420314
23083404
300392950
21447363
30313925
6480682
1434251
500704345
29730065
586198217
14230524
1367531
66369181
5162861
807095
43192807
63485337
14159148
50393960
30704824
28164096
15846407
15485441
326359913
11348282
19397785
