166718532
342165503
242813383
45772968
474439904
290110017
1455032653
103746213
265386662
408968396
241259061
2516115806
252663106
328164681
721341752
349192432
25084916
19383279
59471027
36155311
188548733
56443153
37370920
785185207
384441015
19548850
462623136
380730306
204669544
293910828
23536653
436702610
139092348
265982289
140750163
58531272
452155423
14872237
205011496
280701704
155659213
1536791610
1711664520
35133435
238253521
3108351
29442313
1269425228
1073336054
263099844
533085085
1934413398
1610646036
620034505
2255036665
745002644
393028587
34613288
14293310
2467791
1367531
7744592
1339835893
7713202
1330457336
36042554
14159148
17629860
19407053
21323268
621523
20402945
624413
8161232
21506437
336116660
115485051
30364057
15693493
18948541
15220473
64488804
117652722
20196258
17602896
20108560
16312576
25589776
71876190
48410093
27457788
436266454
23151437
47459700
119875281
75916180
299112358
186129806
847123669
379408088
27260086
23375688
55117855
28785486
131948686
130997057
1059194370
21254264
38568596
282951793
151647096
221066268
589171042
326849708
1335303078
701973170
362189564
118896591
33884545
2789861946
50091650
195188201
308462013
250337291
130899445
117524881
60352998
3095897075
27011708
980828005
1965675078
204147943
2679640010
287858574
187407987
952654896
51907337
2785837887
3425995606
69399743
2405317420
535934151
55000596
66893080
1191642175
183642332
250832148
195166726
226818109
844045488
1381265690
1724413302
3240024691
71278245
345522684
3032964991
3328300961
2440290389
299693451
142920153
16343974
87818409
19923144
103065157
813286
180463340
2773163787
183029087
32302414
2453505312
618491482
631478663
2204261100
2529392043
3015832221
318460242
40143484
2970659025
4117948872
3357879143
50656991
486051283
259387453
36997872
537477358
1433345954
180081178
3071576188
30422898
397445971
153319295
256659644
3293280414
332985425
417488881
276615439
541171240
183780081
262218402
1265865888
1342448316
3863861537
122626695
1961466529
51570363
328630400
3534592457
3737780112
1564145948
263935388
3313640912
218453415
36998221
3894582972
1152959066
135357493
353464221
253588664
562165618
91478624
136964211
389229444
97739866
300392950
31892440
221319301
15012486
408441655
586198217
2191040426
7157132
35859588
19562228
1409969252
19777398
133420513
23946671
14173315
250341631
46164502
343627165
21447363
19426551
1877831
193929442
428333
20710809
45564482
22906929
16672159
25460615
24742040
26585095
10671602
23083404
16228398
15846407
2395295630
65184105
342828965
28590191
92335697
713993413
807095
511143627
30313925
22258315
398269756
15145021
759251
67418441
51263592
25463750
30973
15485441
326359913
14230524
16573941
2883841
232248448
34036028
62593760
939091
20484186
19853312
14677919
16193578
90420314
18927441
427475002
6480682
