89225092
19564719
236699098
28370738
171165627
14075928
42384760
16017475
19607400
21056862
526642819
19426551
377723724
310463188
81979161
16303106
278098811
807095
15846407
268414482
18915240
169686021
14093707
53120768
14677919
148529707
20097362
10228272
19923144
27698202
25365536
130254641
26270913
15652540
36511031
18132494
32959253
78183672
25521487
9677372
15640533
2966774301
37861434
15485441
14230524
115485051
81982525
16562949
415859364
90741779
90420314
21701757
34507480
21447363
20322929
27260086
26565946
16125042
428333
415605847
176932593
890891
17919972
42562446
157140968
42519612
53853197
18785238
158414847
19031057
17461978
2557521
35936474
8962112
27195114
53643297
23375688
5392522
813286
284089166
1289321
759251
79293791
23372163
95023423
20346956
55352474
28665877
14423603
23151437
37033098
17445752
50545304
116362700
18993395
121597316
30275911
14920785
393024497
16302242
609476852
19315665
98809456
23083404
3330060909
145107843
1059194370
26589987
300392950
1337785291
2181233851
107146095
265483421
130997057
21870081
783763632
131948686
26257166
