47055387
3018287905
165878557
588315996
43261344
24705126
228408917
1471521498
56312411
2495360815
88856792
3106490467
2597931757
807095
34713362
18805736
78259714
3021202736
44588485
33801019
3004994496
2183816041
58466292
277434037
3101649817
68977380
2369916323
239471903
135421739
128155589
3068271500
405427035
17471979
625298190
1492538024
16973333
428333
15253147
19895282
57928790
38403110
2945932009
240649814
18839785
152935015
97865628
31348594
25053299
2904779155
37034483
1583677422
87170183
130104041
2933289798
219617448
60374137
19658826
30417501
77732185
471741741
92724677
61781260
2204058896
240668424
19929890
3284281117
3825171755
620482168
3220137212
19484280
2517138274
18949452
2422394924
87818409
15987295
3314687797
3232677702
113419517
56631494
51376979
711694309
54829997
462956213
101695592
183230911
71201743
813286
56304605
94163409
1228278002
1317076194
275493133
78941611
141633175
91478624
2950020632
3194460350
3921272958
232822975
4036761679
103065157
101311381
88381218
1560433134
3196320140
742143
2952916903
39547213
1878222643
1484740934
36327407
145125358
121044171
76294950
14157134
14677919
3108351
3701135180
2911494187
132385468
18681139
16672510
58419661
197674351
39240673
621523
32359921
42606652
4185468442
65659343
3235965805
2804747820
134758540
17632266
6427882
14700117
4898091
35749264
155659213
17487733
14224719
20015311
15439395
36042554
14230524
15820664
166739404
6467332
27260086
443215941
20622594
14824849
5988062
44409004
21447363
86925202
104969057
5402612
32453930
1903382054
1440641
19562228
158079127
22009731
5225991
15308478
14700316
85626267
612473
17481977
10810102
27613071
265902729
