485553698
2552852047
2599232629
108252113
2696189244
3305907024
2886697769
419187131
1142131626
2598258590
1663721708
1062946286
2856691075
3314059872
3066556320
1423114544
3241086144
3236167844
3906487045
3321713156
2922639806
2868332315
3886750582
3669360141
26257166
11695472
116362700
13201312
236699098
286255638
215952307
4110320120
14511951
18213483
32959253
17919972
46345843
1023072078
33933259
176486829
95023423
14159148
23375688
140118545
3017097024
30973
18887526
19394186
35936474
759251
27195114
26784273
742143
90420314
3147095224
23617610
14920785
34507480
14361155
50393960
14499829
115485051
19673700
20609518
19923144
10228272
18676177
36184220
16672510
44874400
89486038
807095
4211227753
16303106
17753033
2557521
84125491
813286
19426551
25365536
3825171755
17471979
25521487
20322929
2785218301
157140968
23151437
79293791
14055301
14677919
19982092
15492359
14075928
16153562
783214
3383707038
17093617
69231187
20693661
8161232
20244875
268414482
19397785
169686021
26727655
23083404
15485441
428333
4156613184
26565946
17632266
17020962
14700316
158079127
17487733
20155652
18980276
17336417
78433570
61183568
56169454
16887175
1299769218
19530134
6107422
361501426
7587032
16343974
1652541
16973333
87818409
331672974
128216887
14569869
34655603
87416722
25984418
21866939
28139873
15438913
136004952
788524
118626543
17062358
17895820
265902729
63681020
4898091
343627165
5988062
14573900
19562228
22910295
86925202
15308478
27260086
32453930
14230524
27489253
35758259
21744554
10810102
15891449
443215941
6427882
338237494
59742254
14123751
121402638
5225991
15439395
15820664
44409004
22001973
18055737
1903382054
166739404
14824849
612473
104969057
47319664
558797310
14399483
427475002
35749264
173195708
22009731
19583545
15589815
110365072
85626267
34613288
20015311
155659213
33546465
16193578
17481977
5402612
136361303
22917508
14700117
14224719
21447363
