2892712399
173415667
3534907093
947255846
610642546
1025744347
1025739776
1433614988
2409001782
313867902
432202725
579417453
2887900697
580766593
213596353
155561448
57879889
30187802
111615736
393227168
123255923
142722336
139022142
228370791
230140702
597301440
144944472
1652526218
490442018
66092787
947192262
38403110
309687692
1853028702
4067133434
92332298
138387944
15044593
23061619
56761423
116677732
291557277
35927341
75854417
92726549
831650112
136892310
135636426
441513376
204710880
2692114999
369037907
45266183
28201743
16807528
2198059776
508932270
87174678
123774113
15163777
2843197753
284989979
183310940
88856792
144463830
115622213
17754768
574321921
3304556637
66306024
82949914
122995784
66334209
103603559
122928781
56913467
70903729
15093629
115341081
57998991
107318424
76294950
108936259
101695592
46003744
105710210
310679156
2675947616
19329393
2729506932
3104389980
1268955458
3165290299
251521725
468229219
2305104296
1400069354
1210951771
146509611
34613288
86254626
39523524
468479147
183230911
56304605
56631494
14162012
3172100750
45829137
3971645739
579149101
200150767
31348594
587441372
135421739
2469605695
950165300
317034396
366947884
19929890
84554399
162999087
217749900
488637125
131442654
2372202482
111860799
3226973946
66718613
75991739
480525355
102957248
96101258
98939012
509813128
25531959
432568931
103565377
2218274526
2707085628
72915722
78598071
68497896
108253263
190692903
500526402
27711339
15936527
38718720
19897138
742143
586032653
2253665018
17266725
51376979
19148708
14677919
1097553362
807095
53790896
53555106
27602673
68399705
115290697
118024094
99642673
113278275
88147848
195703895
41549052
94163409
84310561
79708561
286036879
102382667
477875139
2177710981
34889807
1139649950
207997374
283916211
2348284469
61156375
1978851349
2860160796
44588485
181150439
427258135
145592277
1025802955
791517902
1600284906
2535079531
93825359
1019464058
18238260
1652516689
113419517
144164660
97865628
87170183
471741741
443215941
2546649596
123517250
3233169192
111871312
433063042
823939543
2929347373
25589776
19058681
145125358
2717254872
135191980
53414786
214841339
104148730
813286
142954719
459277412
1860944364
25460615
205302299
3294064497
3073420730
334476082
17446621
85221650
2923483411
2516282988
311873660
340169750
3295721965
240187307
134758540
330878876
2476703527
74755679
3064066401
3088048994
130109827
129786468
3812612832
2792160537
902250421
3000558103
340860774
2455438855
1931798269
3336987265
629321063
2204273594
150997371
2904188018
3278236238
1419703916
499073990
2935640796
2431342968
1558242343
3017173831
326094923
19777398
120990817
2728743900
3329642637
18681139
149570711
1650490225
148992969
142672903
3229788312
18839785
33868638
1635966397
346333203
87116433
52729592
3367246153
81531786
101311381
1371338874
962752832
2281788158
2963509277
245735200
3079644718
57928790
2748755954
1259862523
3380868615
200163448
43017766
1258212853
800580367
132385468
63871448
2585035087
3016889432
138600717
3469001653
259062581
136479128
19637934
30364057
2963178636
218687000
711532268
111893749
138376066
19895282
37034483
714767293
71201743
19397785
436266454
17602896
16312576
15485441
2883841
90420314
1198406491
50374439
15846407
18101713
25365536
23151437
26053643
15279429
