22365410
18228898
40009551
68726905
321124833
2905522243
142243123
59157393
86613184
83876527
24886025
62513246
54730258
17790667
17544803
19927627
14677919
427475002
1434251
3359851
7861312
8369072
21378183
48485771
19738805
56768257
64488804
175624200
24585498
117652722
63485337
10671602
5162861
24742040
144130505
21506437
336116660
44039298
30364057
25521487
115485051
18948541
15693493
14075928
19562228
90420314
15485441
73206956
50620668
26527812
27091468
148496087
25170188
14353392
21324258
27083523
293850289
28164096
30973
20710809
30278532
15131310
183734502
19546942
59624844
72598780
76256268
141052723
15279429
262359713
178111058
47459700
136361303
109702885
326359913
53153263
16193578
51707796
5248441
21771224
22461427
14089195
373471064
184910040
413487212
74580436
14780915
44226520
370833353
110227934
19209076
21796484
183320631
28896306
21921560
11995932
16235700
600309900
169222815
20399974
18244354
45332531
121542666
13785722
22699770
16264006
18022904
21955058
14523801
25460615
197598287
46296304
3303293865
55117855
26585095
3353566654
205302299
31080039
586198217
23544596
6480682
28785486
