105710210
1346439824
130104041
76858507
115878136
80371182
40080940
49239873
69615397
549470860
68399194
41338503
24047612
180124279
15162193
16913418
369514419
47459700
274040176
34395888
204491797
73359920
30180137
72568426
65104337
18647765
21208444
85772748
98942778
78021221
44084633
348379865
13018112
225190303
109702885
76294950
68497896
291557277
14677919
18949452
207809313
5988062
1447949844
168857946
14162012
1887131491
53602407
240649814
405427035
132385468
134758540
116677732
120965579
20751449
380915697
101311381
37034483
75854417
18839785
257406803
145125358
88856792
471741741
36327407
