42007166
1387474086
574731054
255199842
19426551
2249861844
34713362
19923144
162749920
18479513
32959253
58528137
49717874
174889139
28183933
116362700
34507480
14957318
50374439
7313362
15485441
91180720
123749721
528117020
21982720
783214
44196397
47964412
813286
14920785
14790524
514781725
27260086
163559269
14498484
53853197
26565946
95023423
56705653
14230524
2831469874
169686021
42562446
2557521
4207961
1330457336
2182531516
35936474
16303106
236699098
25521487
10228272
79293791
582348811
133448051
20346956
21111883
73058561
20460897
16212685
1260366252
26053643
52544275
286299293
17919972
428333
620821532
23375688
494422305
32765534
41144996
2877576926
157140968
249792520
20322929
115485051
414910326
21447363
34430522
519795737
21870081
27898683
27195114
370706157
26257166
30973
16129920
300392950
7744592
48410093
1059194370
25589776
759251
21254264
427475002
26589987
265483421
17790667
1337785291
71876190
62513246
23083404
23151437
51241574
86613184
145107843
98809456
15846407
83876527
16312576
14677919
19927627
17544803
1367531
436266454
24886025
14293310
25365536
27457788
372575989
20196258
28785486
1434251
15224867
807095
2467791
90420314
107146095
130997057
54730258
