1536791610
34305774
104859414
143819549
2467791
16664681
6017542
2097571
76256268
59624844
72598780
19546942
183734502
141052723
2582074110
1658730367
4186644382
3609911488
90692053
65579221
276165892
354030151
2843461097
2327593362
972651
53646743
161419220
19725644
1344951
50393960
10228272
742143
5988062
145954319
957027824
27778893
130834357
56783491
637313893
233829774
98310564
816653
27678749
91478624
20609518
79650494
380399508
884378714
321970500
87818409
5402612
3108351
15492359
177731767
156889951
19697415
136885994
26179896
14824849
46574255
14511951
20015311
34507480
45768931
175729029
52959714
32359921
3004231
131264923
121055716
63701775
14293310
152966047
15066760
120178497
352947624
99925081
174790620
14677919
23922797
135064055
24008967
19743731
27195114
270176702
30364057
34713362
257567128
391115625
125603760
15439395
8161232
18676177
157140968
263292498
186743133
527526077
488103057
199274986
1652541
152602003
189503518
191923134
152902472
105119490
14800270
43158428
18949452
181561712
14780915
20565284
169927844
126550422
44196397
2377815434
4898091
174266952
828742454
16898427
1263292416
145548166
16190898
23950960
100294792
6480682
27260086
268414482
18948541
16193578
47459700
23375688
25365536
71876190
28164096
15131310
30278532
28785486
326359913
19562228
30973
23151437
48410093
21111883
14230524
51241574
15693493
293850289
17919972
15485441
109702885
807095
262359713
759251
15224867
21447363
14075928
15846407
7744592
20710809
436266454
136361303
90420314
53153263
27083523
1367531
