535772149
1349692081
3024367335
389186483
201905104
562246526
4197791783
4207122974
380158768
484737249
410356886
3418737388
3275322913
1576849484
2952958939
783214
357286380
6446742
40709222
103550181
349401066
161555958
111455419
440397730
427558609
549734986
60466158
161211067
189369698
519675293
367769325
188794888
199775326
194236759
128769881
405436238
288932074
2366818152
478914542
357473448
141161959
115655021
4040350762
940281817
3098875020
961337634
733417892
38667163
1352160554
40050406
302554062
198951064
467802084
83023217
152085353
14925700
911170370
234878051
96064899
78974752
54260419
46525084
1685358440
39256568
17128249
42175987
211249949
26452874
31505219
20533399
34311120
33872240
25381838
16524863
16432960
34049528
29619031
14847034
23687576
21325203
28222934
23450530
21375127
82465604
16302561
54376478
17309850
24741784
34684066
39549418
72581909
25165748
707913
36738420
15809522
20154994
976501
77344534
355586870
14235673
110437202
321531245
176713206
2264473478
198975780
3357632561
1447276008
4084527196
2488397136
85517218
3897338836
794334331
4226105233
3408199840
1583257789
772133683
2223592103
3958711999
131102007
2909817873
116116733
440926549
18825961
3302124063
2385538538
23740339
2944004568
2605511386
3273494089
3817752988
142030061
1583197964
970942356
2241225229
1595816779
581494085
3287263118
2438103247
3318484390
3503907496
3895169422
2898288560
42936819
966399379
351208920
73227336
474279718
138832244
17029287
121489431
3034145428
2308939452
1045849016
137478201
525312787
390860562
139399835
55728361
588730194
227626917
148760908
203083495
73593143
321445166
347899465
257799442
237634998
96013710
629097517
551149727
149760844
43042353
284441324
487736815
482658470
525821517
1093124360
1900408932
362559925
1134126919
1708104776
1443730951
1708519220
1087492124
496120710
4141565253
607625967
862651740
1569544292
487093252
476227722
58183689
14363353
44886859
173992307
36184220
16211434
1399071
52730069
483195215
25999567
74617502
17647701
150230325
35118168
22230021
23947219
117662694
351001143
88616537
80386902
37351496
1417757094
993094381
31584502
212139804
45316175
56582285
342415420
180755368
102570694
182906757
44730484
193322834
32668921
190364901
308009495
58528137
184910040
462495192
24886570
100220864
335534204
219436542
53919756
118154727
94611379
19721402
59158298
59412175
525141297
43128684
21664573
241747585
110783489
25743813
238475531
28492159
95955871
19114743
39887890
22832029
236956880
27150723
28718939
3304594184
3432912792
1275499579
364761398
4034431758
5402612
58743813
3395445291
54548130
23758430
34613288
2097571
3177475255
15693493
31348594
333508967
88856792
3998678893
3480861252
3229451019
742143
1105470817
20710809
759251
109702885
15131310
19562228
15846407
28785486
23544596
43192807
23151437
17919972
91478624
8161232
63485337
30313925
16228398
14677919
10671602
1434251
6480682
17629860
23083404
21254264
5162861
26589987
15485441
30278532
14159148
30973
939091
19927627
49061402
29730065
427475002
36782022
436266454
326359913
90420314
16193578
300392950
21447363
136361303
624413
807095
24742040
14230524
1367531
586198217
