2451476942
2165797386
2227729488
65300007
1894112550
2866943848
180306960
2765826932
136889439
140689911
2242180784
495780767
725971856
263810858
77822208
627228307
2532884354
21741086
3314509265
1588732741
3317916064
181960982
555274004
27699738
16273831
18730634
312740049
546688076
21090027
26280712
2984814932
303862998
167019552
575011946
386137123
2826441116
3167775588
714003800
176355348
70352000
821993419
3522915613
2379366141
40185823
2251588934
2813202073
2848529029
40616820
465389168
22167056
3930309560
2727536126
2982269822
3092438320
81277268
18909186
1565422694
232556641
377026626
62802866
487118986
98932084
148624913
133203782
362602304
2896294831
3236167844
3138727082
111645779
4221082572
17180384
2938974446
1631081532
3471791606
3490746613
3308859542
3534907093
166739404
2243499816
2226113918
49930286
850869517
73635568
31798899
2853665503
39240673
295251095
56042688
109275593
1447949844
177643755
92945681
156967233
130104041
75854417
92211391
2222673457
350128848
40884854
2210932992
1243173036
128829414
20751449
87118217
332188446
57947582
195703895
67602060
264034657
86478153
2585481402
101314413
389974129
451869617
3102378451
3098696107
1346439824
99448420
3934283294
18071358
207809313
2597413135
41814169
3188351221
1196254680
138822469
14677919
786958314
56312411
110384744
53355887
3150940290
139876086
36327407
158275442
116677732
53790896
143409075
101311381
135421739
56913467
132385468
122995784
108936259
87170183
42606652
88856792
15093629
113278275
2785480981
16580226
15662133
76294950
2597666894
973079670
65647594
17710740
594419534
101919683
93825359
96613617
1354343742
2765674975
20536157
137780376
11348282
145125358
18839785
882531529
50393960
