357452432
182417715
418423461
967281168
718516394
1581727748
1102815116
285580192
1138290954
101693495
1056384781
35936474
205891254
2842667574
65449453
242938026
53853197
342680238
236480840
329594942
7744592
464297820
23083404
1940562582
807095
436266454
90420314
54730258
15846407
109702885
222225608
91478624
30278532
136361303
6480682
16228398
326359913
43192807
222953824
10671602
117652722
23151437
1030801675
14677919
17919972
29730065
86131664
17629860
248301178
793798309
30313925
21447363
1367531
759251
541116961
586198217
282940976
1623599196
28164096
5162861
