383688075
25929785
142167510
2148704146
355307031
14927814
972651
265917300
14301074
5402612
8161232
17128658
50393960
215732890
32253299
14765253
169795589
2261550108
114618852
15492359
813286
15439395
143267219
742143
14654049
3040087105
361812003
15993672
1635331441
20645208
18652344
22959763
19048724
15577108
39723301
21146176
191849753
223604189
30433498
258234145
21147893
15734473
55024445
123786374
19576432
17380167
26614148
82495426
2523307650
44510593
142104730
11040012
31113778
55178721
110625784
21725543
2535246653
18294703
2920007317
807095
20561798
155864758
23543947
20015311
1333644540
25263074
43667614
57578504
15913671
29152755
4015702453
18436379
74311500
21816337
82447039
157216546
5988062
611986351
65544902
33713948
3089809760
18201787
419074557
81619592
88746676
754823287
818455052
2184298009
331149550
76333886
21808203
14677919
99002197
95610041
4050925481
18464541
894524544
15292041
35554506
8924582
15939283
2316862640
20419879
216616304
1544442716
19617105
