3500175314
2974224435
4225786334
500325922
1324617870
60216313
1187647735
582667556
3991266575
3391357432
61225453
2980638635
2678173099
268287205
1489600321
1086837944
467929694
3095749662
519929459
4138067056
1175350268
3391645475
4041966388
2599967024
3188041567
2752494235
3803280142
3329880094
467876704
1256726293
3001738606
1668411283
3245416921
3188628995
211344333
3273189769
404656526
3248526866
3034255723
2463286946
2716891334
4165820116
4114477278
307758523
352145373
3239464537
30921132
3858110115
2724752990
1315633844
4091886801
3105098849
330459879
4218910214
3821672299
3317918698
4109314155
2376522498
3026449291
3249111983
2821130261
848769188
774453198
2357298212
2443292100
2755821933
220511364
14222536
35762475
16807528
62591415
40076725
2367911
196795202
1546295857
1492194188
2367704185
2607264102
1542922118
3077718310
3238027432
209708391
17874544
103550181
2800567592
3908385132
3321676068
2921705452
132774626
4084211412
3314812250
4189198360
4194466453
368049230
3252299623
25169797
249040567
4186021505
3022919208
1197711055
2349017191
164322849
2426201370
4187313675
2817859764
2318184746
3278672940
4134052580
401365604
4205024293
2590875816
632280072
2382853016
3003970332
2929284366
742341524
2290359373
1055318526
565904957
2179289732
379385322
1000851378
1973978232
2501613402
2175162308
3308351072
554320917
2436453932
1092075816
3027162006
2764236381
552451546
518149907
4010387354
25365536
214783620
551322738
198293148
3718780519
3116515137
772581860
3277805652
1048144502
2178900330
2886707370
2287868905
2612193222
2861946697
588375485
2881890904
211061947
2599501560
2890140439
4170246859
2590371949
2699335848
2496917804
1561549802
3157115998
1202995819
3062045671
2904087246
2425633238
868939597
3898022971
3315565923
3240572216
85603854
3185901025
2923003490
2361764952
2888059130
2393309053
3032975364
203661434
591420829
99866662
1888702470
2556353171
2960078408
1493747791
1170941527
465867563
157585175
386324139
2693995215
2771548391
2374065986
2866402461
2818525538
2323457862
2834556586
1081948844
798176084
2909531345
2538097021
1515255794
625016581
760672219
723455246
3027579794
2362783033
977624336
2704784797
16409683
2597463991
200400058
3303105398
2733321493
1460699126
3792412459
3275279070
2594850962
3427070501
990161390
3702647957
3272316974
79293791
1616895175
43807102
16129106
95023423
16136867
24886025
561684253
3002631894
49573859
236699098
84279963
15535860
3432296354
3618591793
329693888
18247597
17915334
25170188
2557521
10126672
2652684746
3291350322
14677919
23617610
1536791610
166747718
24742040
3852498151
104249727
23561980
131102007
3385198798
28201743
35936474
90420314
14622632
169686021
20609518
22940219
44409004
3419985199
10228272
19426551
3306592542
2585063970
466645191
3025546533
332414714
115485051
1100009234
3252346026
3192596460
3239115644
813286
807095
713143
19028953
14360757
23083404
1093090866
129607542
4139470393
20322929
27745484
428537537
1330457336
1735531266
428333
157140968
15846407
1339835893
32959253
2548715370
157465281
9616062
26257166
2929334582
3048621894
30973
27195114
55117855
6480682
46696817
21447363
30278532
3353566654
17086831
23151437
17544803
178111058
25521487
148496087
14230524
326359913
23544596
20177423
28164096
17308994
205302299
15693493
16145224
293850289
268414482
15485441
17919972
29730065
136361303
1434251
19927627
14353392
43192807
86330674
427475002
27260086
109702885
31080039
586198217
23375688
18948541
47459700
62513246
49061402
