1864362482
127483019
2888468832
2883515234
280229769
966077754
928102734
3109709544
439898794
53953910
426545303
430944132
362330967
16312576
436266454
8161232
624413
621523
21323268
20402945
222953824
14159148
9624742
7744592
51241574
20182089
14293310
2467791
1367531
807095
759251
14677919
19927627
17544803
59157393
427475002
484815388
300392950
21254264
6480682
23544596
28785486
26585095
586198217
212162328
54610518
3039430792
2401976581
4188730655
1041453240
136932734
122453931
1536791610
7713202
1330457336
30313925
