2383095787
518188903
2910317270
2825343751
397842176
2153002529
281421814
2925062215
451805346
4130948644
72177999
3400651229
3758503992
463424122
2741597454
461703153
3379959093
2949678940
614549448
448445826
2276412937
2294526594
2328261588
2297192876
2305496088
2276544181
24067286
2368298521
607451275
2513049693
2466503636
461793966
1721530602
1711699148
598907890
2454187370
826064797
2457286536
444316349
2432373092
1686877117
1419844694
416760527
2343171072
2475793615
1581353851
276226041
33923443
965222370
1287538044
2270878064
2239474321
444414880
1223810426
2283073482
1144343251
1717228165
2302287822
1244888384
564377884
2394899713
1481332802
1358514373
716933264
938352367
2495658612
536984005
1361091128
2275744424
2196785768
2367854977
2508968820
1441957934
2336074868
2378069477
770050496
2509226653
2558828013
2224245427
922899600
306339913
2467145959
2491262670
2471747384
317337491
2508911180
925475114
896615275
2329663974
2504136744
2523326312
2503526516
2469687066
351236810
2543342801
1036036267
2565726784
29625538
2257758939
1571666064
455280611
40785547
2520605159
2393605969
635129792
2365179690
255299261
1013918065
451790340
2566705284
2567374352
2329914715
1605391572
506770801
1196060113
2572013719
1436805200
988057988
1138283378
1290338935
458189726
2284385126
790371061
2309525478
2518328221
1372435070
527098056
362311668
109733142
2393608310
2177205935
931345316
2232391530
2586912500
2701337709
1939826342
885959340
349153953
2311332828
2690356503
2711671822
441453694
938061464
1316702970
2290000164
1592283692
472526426
1689783103
2691938497
1721160721
2529212282
2411993000
607637663
2302053578
175096500
1927807776
1120572576
2744857966
575065901
1522722216
2721036961
2738936634
2161271641
2741111785
1726884288
1592650734
151176882
466214371
739484540
222697060
2474790014
1473628860
1549608542
2521523233
1645707211
2600042862
630800488
860194999
522686402
508402607
1375273850
2187395612
559012090
2822646619
1586878704
2452216514
2162313192
1870110732
280117495
1483756190
1538900484
591398320
2770118243
620896903
610306256
1270926884
636255934
1879371254
419669246
2462352650
89860462
1228771628
2852809884
2486538266
2775780289
2859026047
849990804
625110356
2856011754
2863933699
2329584301
2867803705
2877467442
2879126406
720942246
491632525
2888068596
2231782766
2890951260
1599124291
1621683750
1237261872
2895284156
1634792028
126541245
2913055386
617313799
1481291280
783548431
2735844389
1556450456
2928352341
2891586045
2936741648
2391127705
2939942846
1195530470
788598684
2932610478
1170969632
2310786810
2156372048
2941154229
461631159
2921043547
2957082318
463135406
2915568909
2300529331
2356545806
2546227455
1571500310
1663352328
348107303
2789307691
2824107629
2835709794
1146575624
983987634
2571878570
2993715379
437074698
2996351076
2996481062
2943617857
2981142967
2972899266
210342013
939961776
2209634766
2756971082
2617724887
3011768552
335168750
3013974492
2271406394
328937277
84110391
3027734638
2939990256
597089867
3010558045
1031493283
203385882
2830178809
3035344712
2198829661
871711706
2979504935
496778203
2248991491
1599643980
3066767949
3060377456
2236842228
3068856186
256318222
2901262134
3073085640
2405553541
2361493753
2358953840
3024453293
2563530883
2547916169
374766969
3040107153
3104245177
2868461612
3115850627
1945078483
1191506041
479187442
2937489590
2924210365
2192753372
2994103550
3134152694
2925031716
3141144746
2365149582
3146363820
2347961233
2769681934
2241855324
146921295
600736542
1361071938
1271413796
2529323985
3107260256
3022357571
3182892246
1263032276
1327295893
1345016588
1839503905
2402224482
396222619
1261003080
2478765218
412017970
80425304
2187086550
2970542971
2235501040
1573688094
1891774766
2563732431
3193924502
3194924041
1368273956
3264631000
2358780704
2346186524
2551454113
2680406978
3158839013
1942481724
3234789409
3231474128
326377216
3238300327
3075288198
1564460552
2261236081
2255610805
2975323390
3247914834
345860870
2890927309
2472854506
2243374958
3251217362
3254878309
3255707790
2858195709
2460634448
3124919334
3105159096
3031901098
510469169
2647669720
393055656
241777770
2263714987
440328473
3018150721
3270804493
2945167666
2198062355
1636157826
1332874790
442174028
597585989
2378322211
1633919455
2704679839
319843259
1293745291
1177021212
3044160354
3287723322
3134130234
2900706260
3142694264
3272303436
2974349030
3390012712
3365213555
3167790695
475853657
2321790396
2457195259
1621895942
3028805234
1373719560
2910482115
3227856955
3015815367
1549027560
2588817632
828451009
2890452270
2519717640
2899912765
1387797715
2889298573
2937945560
2581337849
295503321
2532248667
3171326227
2744814647
3280139990
323322557
1118541518
2479073040
1918536402
3430432079
2880068784
3265313022
2434600861
499331124
3310946900
433658833
2343834408
3322509188
2268084133
2459066773
2536569483
1156194702
2812022361
2369468767
607495824
3247069190
2551762526
3306101670
3321411150
2857426056
311060961
2937410873
839074849
2304050742
816429026
1885027375
3111963216
1385444648
2618497118
3565500494
1123580492
956484595
28669792
1043709410
3007674241
3138038118
1964761206
2756857920
358003567
3742546034
3309910380
3027507522
443280905
2895006127
2923244222
3219612714
2302146092
3279848281
1343210856
2655575523
2379241640
2287805419
2986185590
1396283282
232571641
15275172
2562524697
3010456934
1524414600
3164424085
2846151698
3259757582
2861748820
4021642753
101451912
3220771848
2301826662
2812521206
2829120594
1124230598
2871694054
1620928194
2295042882
803573706
2864061752
4037236595
1002686808
4084987212
1258951452
3195016639
2733504099
2178458570
790465436
3074171423
4142978293
347079792
3681716295
4121146341
4155116959
3133906756
2733052060
41159799
383232587
4227271694
4112431991
2738494155
2954495118
3472754302
3816769455
709778160
1316160410
4109361784
3164868202
181572333
2433528890
3738023480
4188551303
4229248639
813286
2382117350
79293791
20346956
310072711
12378512
20322929
2169098419
301251379
39392910
45266183
90741779
1536791610
35936474
139539038
149760844
16303106
19013887
14824849
28706024
393488321
49573859
1339835893
31080039
59949396
405728790
945220710
44409004
84279963
268414482
27260086
19426551
2557521
236699098
95023423
10228272
16409683
181561712
15439395
3907577966
21982720
2695663285
23617610
180949358
368594433
14677919
16190898
85452649
169686021
32765534
173676124
34507480
158314798
23375688
157140968
759251
57107167
25521487
28201743
105119490
116362700
115485051
278098811
1735987052
16374678
16129920
428333
1330457336
2467791
10252962
308297673
14230524
427475002
21447363
30313925
98809456
131948686
265483421
293850289
50393960
783763632
1434251
30278532
326359913
23544596
23083404
136361303
30704824
19927627
586198217
91478624
49061402
15485441
807095
107146095
15846407
1337785291
1367531
16228398
11348282
10671602
2181233851
1652541
90420314
5162861
130997057
3330060909
21870081
1059194370
28164096
3108351
26589987
15693493
24742040
6480682
5988062
17461978
19397785
109702885
145107843
29730065
14159148
43192807
17919972
300392950
