468618304
1024650409
160669536
17888643
14677919
14075928
2317351705
316389142
158414847
19697415
16129920
144350552
584510971
40168339
154175423
30900841
12801162
7434902
68257605
304124910
200754200
220906627
388568630
178566216
111061417
40891771
23234807
72309720
587819366
3070206654
193095044
103111232
21362008
39215566
18805645
83998973
415605847
742143
51241574
28330466
14133036
26747046
40047532
42040091
55424198
16175507
14573745
2804836938
2513793050
14761739
1373313666
60809481
19777398
22178780
25319414
15485441
74518740
15455834
241382835
35406821
163559269
473227811
85617701
89447929
214244836
2327860633
18729306
143947826
365603329
338995273
271636708
18915240
29300352
280648207
214986812
20738970
2247765384
59949396
15010822
1944681536
27022632
1315298502
26423464
1641150530
19923144
5885732
54799147
21447363
26799554
813286
120943272
36803580
20273398
574731054
1086485478
41366372
23378774
29307276
62587361
1598644159
564686965
26053643
76997832
436292177
407977463
443215941
6480682
256573865
123583740
1424181884
42960447
114685387
121905813
22256645
601227277
129845242
50323173
48488561
41509142
24277551
1132994426
14850840
302067458
16303106
1365308803
255199842
1132090693
555928038
55458823
150421516
27898683
113648808
88001676
168570138
108318595
87277455
612792060
287286722
16381279
621457277
431765364
44039298
33615152
26604904
62593760
388538690
335534204
583778052
53197137
360376862
18278257
23501022
19735580
259375460
85375262
17106279
35936474
20899023
20460897
256203380
322169651
125383306
44030337
415859364
11928542
132668276
22175551
41873654
17191755
113696592
13213122
162990553
22030851
162990872
162990174
23620660
18730188
15537451
241964676
198975780
179595638
19382500
21677316
41144996
36144455
36129087
7157132
284089166
111682119
234521957
219116343
180433733
23778898
174889139
33769830
30971588
66714547
34613288
21316042
22930958
47964412
14498484
16212685
19366865
5162861
41172837
10671602
18927441
64218387
21579914
22159122
17299063
28603812
14940790
32765534
14269029
