2453527320
3183576219
16717454
1011020720
137460128
399415195
211184211
91775014
27633558
21214705
102971508
3030170788
40101400
224965118
23976386
253265510
119381180
16589206
88064376
232163241
326931321
42954021
146895807
2248872301
287672727
115749048
2359926157
2151252831
4026523468
120176950
2213040757
66369181
15647676
9624742
36042554
73181712
222953824
17629860
20402945
25073877
144130505
21506437
14075928
15693493
25170188
20710809
15220473
43192807
427475002
14677919
20108560
25589776
16312576
71876190
360910969
50603602
3044829371
967233726
25714116
2551259005
3005587665
349464305
3108351
50258955
1428317978
430692205
78889356
6134882
384800335
15515919
2382219302
29193966
602317143
471022109
28201743
18462157
20908109
14399483
1183041
237845487
15227791
133093395
104969057
183529006
17017636
27042513
27457788
50374439
14824849
29416917
1978216680
908025133
1339180441
15012486
816653
790921536
291564789
16664681
1344951
759251
813286
1536791610
500704345
14260960
248601066
3235222537
3189579818
826537184
2417341751
2465084779
2202415878
3260752262
3506757317
2994025707
846238740
2520643826
1220801966
3530843416
3219563559
3299193755
3301119867
3559706848
3214766104
428333
28706024
46452468
31927467
15234657
268439864
14922225
16409683
40255499
92367751
34442404
29758446
85603854
10671602
138600717
38267947
44409004
30973
14230524
243381107
95023423
23151437
31311757
38679388
56505125
15670515
74286565
382267114
295626395
783214
20536157
226951255
19397785
16548023
47913878
10228272
15492359
16896485
19407053
621523
69231187
16153562
4898091
31540671
124335068
14700316
91478624
1367531
80700514
316756361
47786101
24807616
75974281
52551600
1339835893
238319766
1330457336
497365849
62290422
18244358
8283082
22692199
133880286
14173315
16973333
17842366
788524
36184220
117662694
28785486
16343974
759911858
17471979
1386795469
6017542
360684954
612473
976213579
250831586
1343581202
65184105
3118776556
940280202
431719447
116285087
704873970
73359607
84284073
133223830
78410911
87704434
2466181033
94602527
622616141
49264411
40459008
42393934
43877255
535937035
75261554
133647434
129034904
169021144
260272563
348488593
102062347
1860571140
84075640
200871994
8927492
41563162
21643040
80316128
29820945
30313925
444097675
3298873835
17602896
90420314
436266454
50393960
14159148
4970411
742143
2097571
5402612
87818409
1877831
51241574
25067168
1652541
18118505
61780365
380648579
1591164601
583656422
180505807
1117358851
21586418
586671909
441999856
614600974
500711588
259379883
2367911
19058681
148850220
25093616
233266490
336116660
179932936
59116955
352145373
163798033
425063841
440004006
12044602
11348282
