19488689
3875046262
4186853962
110624104
3346100413
1521004093
1523700259
2697780283
3816817115
173962242
3280357576
2207817708
1855849081
860552796
268400722
502850005
221122127
496095395
2389219933
4187837111
3805898293
397870706
2853261749
392399910
394633402
3430462899
155642429
118739566
120450869
4186755771
558797310
1209336942
158489580
538321783
143465341
8974532
15316655
184878497
1402290860
464880967
214090901
579192158
722197964
783763632
265982289
176486829
233335916
216264820
413487212
214153705
283894108
412490976
379096727
251198830
286067895
247702328
185826799
230845588
155927976
287834630
91334232
579361074
49573859
278057040
441279147
179569408
1339629745
169686021
174245708
49585215
28201743
164365376
30182068
21356261
84279963
21008866
327313230
44409004
18761643
307538155
44874400
8973062
322013936
474282262
2962852672
59712913
133880286
30574546
22128494
19980499
69838723
344634424
428333
369583954
36909693
57343275
56969578
100480169
280430548
15084853
599306910
436182619
1720026626
1245699895
1284494251
132123068
526005993
331054813
65187067
394416044
116686965
144151701
2470556070
150246405
278059361
340613443
208490036
19334486
2228911507
215952307
279487203
127903007
18760904
548831718
16190898
45842047
89700550
451535197
288333760
28863200
210208506
22646514
411667551
240663429
1907548303
385340015
90430970
127566669
2448475888
2221795000
21111883
91511316
268414482
1337785291
54730258
21447363
15224867
6480682
90420314
23375688
15693493
19927627
300392950
427475002
23151437
26589987
23544596
586198217
25365536
48410093
27260086
19562228
28785486
1434251
23083404
265483421
14075928
1367531
15485441
7744592
26585095
17544803
17919972
14230524
31080039
759251
14677919
807095
21254264
15846407
436266454
965129258
353020645
796383978
749134543
2680610806
2612552124
50038239
80690627
284575197
55807890
286818540
285332860
386654472
