3714859332
2219341494
484737249
612473
5402612
742143
14293310
2467791
51241574
14677919
18080969
36843988
35773039
1020058453
15164565
15492359
8936082
5695632
8192222
524396430
2232633485
3264681142
2424289652
35896236
10292772
1665635378
5382902
15608555
382213082
2902523838
3307345782
1206140702
16265742
1708361618
3703911253
3816986780
105766812
582388129
96863903
3081141881
3938188937
1933042237
3940015407
3040659784
4112316799
2472714864
914030431
483195215
2698311206
2237598752
39940842
2880467480
31159284
916113396
343108446
943857320
1648828261
124003770
17820493
3293828002
3106376547
3494412195
1869029226
16615740
1482663290
313066325
343004774
2722505154
2305540434
3089897032
30177232
192033394
340298107
221790633
2946427845
3307269942
16836118
3232768452
4030535415
1520194638
3527526263
66392495
1635331441
3403457536
77725938
1082136150
158545608
339465480
4015854603
56440764
3006562681
868647822
2164557895
2462107299
167629038
3226296625
20820913
1169574008
182048795
593491479
337968909
3418202404
807095
520239226
2871309116
2508928718
3315180567
2888428923
604198447
169782869
481679872
151341585
2585314916
28893013
388454092
233755897
606412878
37604831
48336265
43309601
48892798
49006905
65708173
86112806
27064992
135736044
360164685
280267385
31583882
201381303
379390512
335222334
482430761
525776990
442485283
612724448
21721108
285825444
571410386
251481823
239764962
150140757
431181579
915574711
1044275856
1101760064
37861099
1152099798
1214259199
448677877
1179619524
318533540
624263299
1322949138
1450194907
20291704
54546950
1555329372
1074252535
407387224
1731525414
1543388372
2155811964
2246790037
634800412
1471657884
1489032146
1885135548
2202244458
1634787919
1376756791
2901646970
2633468547
2511537811
1686861169
2968095739
3007583756
3070527569
27159083
3239362649
3170952422
1320792836
2910228440
3255614556
189009960
2427143413
3313562902
1375130095
2545191402
2509504412
873163987
2924998212
3403189840
3403209700
3301121024
892951291
22714819
3415867503
1388051899
3271400042
24249998
1722626257
3166128576
14237553
2256488185
1668982022
3677403136
208300326
3275046692
49891944
166733065
385964101
3708971652
211409886
2938764770
3416906074
414108360
2253072821
232266850
3930744280
3227425350
45053308
295319255
3941974814
3679882097
27812035
4014543613
2525487444
3274877994
1968638208
2460216512
151198065
3145311028
459557733
243179359
281270174
142117393
800575488
2848591403
23776222
15400055
2445355614
582390303
3551211476
3237279482
193930027
46476526
2923007800
15217445
97487983
3028922320
706957849
2821232529
499528233
940110799
76966092
1653650822
18539631
14993804
113439399
2802194439
224539468
469854416
23674342
309978842
131500972
21030296
2281735519
130748033
1528231656
246154733
765163652
145499533
47235439
556569302
15987393
105189289
448188052
30106099
61371461
1344945956
3250441741
2771008856
71651542
469575655
2461964029
28142596
1431496838
22994176
1855578691
123886942
2701108374
253386524
580318221
23672767
2301367332
201337460
2362956517
14062295
487308755
1244406043
86180513
134555743
20641934
628520399
109661256
432977551
1626650312
2367911
3228005493
33374479
2564033287
2724752990
2491790119
35294448
216998174
463216531
36218435
21467941
206392391
55090074
38077338
16265550
16510540
22736017
181572333
190074321
46769281
16827333
21475090
3183576219
80943051
20710809
39440115
34174511
2869531
283673953
15967393
922463066
3020150838
875743999
930088656
27312017
770626915
494687559
2539976357
1591163618
370547789
18830338
459601671
177241286
26403977
3153802785
3264842958
2649024271
29789545
863472282
3396730949
106553616
45964559
736652090
1317588061
3165925238
1319454804
98480011
591298618
606282308
538542044
33231398
2335195100
18438022
23451937
30001287
23274910
106065803
53263853
18038269
16419713
13049362
432588553
263964021
2320624262
183859180
735106172
171231974
3274934695
23036402
1345061886
38007960
2521121648
33014441
898366658
117778179
602884368
246015445
26027481
17581754
185487499
24472704
23561980
19028953
255388236
27195114
17915334
591920938
540812894
48269483
30000912
16314021
18163889
180893928
321970500
2868246448
256162655
3093711781
18598215
3193607825
78926478
3070774581
319835448
48100887
15169907
1376009472
3233640972
3294084719
856949671
53210455
77525513
55117855
44381332
81480697
129827315
430169940
2351661917
2967451042
1704926844
3249842406
27091370
3154342018
1317508154
3355110933
2186734153
275231929
2213554820
1481351628
85201461
2464603537
2911870377
14257897
2715815976
178690996
216618670
211318361
351357724
589623938
369352648
68433206
32959253
40982596
301906072
1349676355
190906140
49703419
2432994218
1596611485
3208133129
3116091373
3208610483
141730776
596649813
847773788
2325916572
3093629689
572939216
417495602
3289493507
393145048
50184013
25638291
51742969
2564053544
2720418200
2937551378
3020293419
20225875
407666947
2918015942
273748289
26905899
2859075301
137072140
2432965873
192749697
564000560
19054245
2343272220
86145402
2776456116
63857044
3094754881
1965677090
60444041
27858852
114575636
2419309056
2202497174
22662048
549494327
216327310
3040790200
2784420134
23518723
26329195
16145224
15519430
30278532
774187063
1451713728
17579948
537645111
1775731
35664799
21769127
549673665
3065101
25170188
114589771
17796018
60980587
77128292
2897582651
2721051997
46481538
29301034
45379408
3156961975
20574439
17382260
2373311017
2203550282
2970652139
2847860320
3167585847
22209201
113495254
3186863402
264050898
2809341820
27515718
223300063
2802709736
2480952738
1671663326
3227603155
2757406422
79776634
62934615
368072221
260968620
1274041188
180802239
20722027
2898792211
3146029827
2520836863
510770821
978986822
2726650695
2207070312
388405852
95810558
185334202
1403196858
2236633914
125777025
45167704
102128711
32279861
2889242501
2650270941
47803240
289052790
1167786084
2364698221
61047667
93701716
65984102
204572029
301583534
92562280
353029369
135019364
292359364
247507828
24275419
47290876
238763290
58899120
29249435
171284237
182384817
2915991978
2191065662
19604744
388113965
2362500167
37599351
3187026492
3186964814
2440063854
17548474
32469566
19074134
23482952
19247844
20177423
136361303
14222518
847766101
460290734
322842111
56431203
18278629
24115438
20421485
31078669
1669962804
113066072
2534603048
18395177
12266442
468572139
2958995900
2957608596
1511486328
20532933
2447403596
36408177
21070366
2973276313
3112275582
60256623
372877963
262972226
3010947331
17076726
2756056718
144563429
493427109
168778996
25663510
16463382
24815314
112481670
2149792819
758806446
569467464
50687788
30551109
381919062
48862473
422966358
321962760
187088350
187097176
63112528
720706520
27711685
1582853809
394400134
145353566
62874876
288574927
45186316
121347988
103386609
298254602
1210012010
59150974
260465199
813486500
164549584
1915336519
28208983
10541702
22580853
54669308
126632581
30686649
23859156
74669397
18742360
18655891
52263047
268717389
126789099
17446621
24216951
1061281016
2317954878
214242944
37836873
82939583
478865543
503993693
49527290
436292177
2295630085
262911271
351896463
586892658
1038789998
36820008
17718497
25084660
143958468
36686415
22544911
15681597
18755564
896601720
445659911
21249438
15962096
1000262514
21414413
26582656
23497233
215060612
443215941
562381032
192354884
21266548
9629222
266336410
174958347
28729425
55787333
23532035
313635050
67169342
30928795
68081475
896900486
825888895
124401307
14703765
135905637
15911028
19691240
185508152
23664560
15811181
32577219
397462905
239140366
54187575
28223477
831611371
14824849
48494971
276540738
153491693
65120103
136505371
339994942
56436152
31080039
229219088
383493565
460693003
19102343
33452466
103602549
555511340
333574953
80096621
24608680
71597660
296942540
555448499
25255589
237944041
286311652
22511769
33549858
256573865
243835805
443164352
76741852
24783836
16312576
21125133
16350668
31296019
51965992
16303106
26711120
142157505
336116660
45266183
180055456
31239408
88749392
21101923
19697415
24008967
47763258
19877186
360493
23544268
15224867
19084039
21609666
23283572
176885882
33830338
275783952
43979573
117848769
18131961
28205458
180560224
89898430
34534461
30364057
19279990
28644174
62167479
90420314
24807616
44039298
42267429
194447691
25343191
50374439
93654953
18708466
52613032
113134752
407977463
23314049
31312972
53269717
28221296
14780915
52551600
14089195
268439864
426081809
414569910
311078528
18465629
27457788
17201277
26972770
23376881
18996905
17643683
51674638
20826251
69228725
131257677
32205872
22569288
50140269
20031977
36118123
69331992
112508240
16213013
27979114
16492431
20611853
35421350
18948541
61346129
130668680
146093347
89003506
26604704
19001775
21105134
15169196
115485051
20204927
14230524
16323833
40981798
30313925
27970832
813286
16212952
22320889
16264006
14506253
