890891
15164565
35773039
2557521
30313925
15754281
14677919
31420786
15012486
14173315
28785486
34239734
1355181415
584031440
5402612
742143
51241574
14511951
14075928
522282462
29607664
1266209922
5392522
93789657
76715323
65927238
16228479
14307494
2293447046
40353407
82687751
26257166
314728594
2317351705
22139253
22783783
18450106
82194242
2315649930
29285832
21158767
633776596
196229551
139151320
182192895
25273770
214504773
49317662
25274439
309643352
807095
759251
17592789
1910771
110415837
25521487
158414847
16303106
2232581
25273968
16017961
19259102
61838769
23399915
25245656
16229235
