382905056
8287602
136036450
55887411
17475920
19390810
36511031
759251
15224867
36042554
14159148
17629860
30313925
25073877
43192807
1434251
14677919
27457788
17602896
1198406491
48410093
15898172
427475002
130649891
373471064
436266454
1330457336
36843988
1879831
15492359
16929349
27042513
3063032281
14399483
47786101
135414892
1536791610
1093090866
15933910
170424259
133880286
740219796
32469566
492399548
92367751
40851965
1339835893
28208983
24886570
35094637
20609518
185314895
428333
78021221
807095
44084633
136361303
348379865
69615397
85772748
221392767
21401466
184910040
19784831
60054156
47459700
19018401
100220864
35787166
74580436
16409683
340613443
23375688
15846407
34507480
209708391
85452649
21111883
153474021
166739404
130834357
575492930
40813384
28706024
16190898
46576295
47869696
16193578
158128894
17919972
27260086
79293791
21447363
14230524
141052723
24599923
326359913
262359713
26072066
15076390
14761795
16827333
26604904
19397785
22650211
18812795
12687952
10350
8841372
16129920
32309662
6385432
657863
1183041
7861312
24458677
5248441
