3351290848
14677919
6017542
30313925
5392522
5402612
759251
35468469
1594021728
997629601
2899566130
263437980
121527128
3048391601
91208190
32135704
16672159
34701524
36362259
55307193
28870086
99422066
214194849
1908811316
2796835213
502216809
1978058347
142467842
543564541
16629394
336116660
612155334
1684995770
379445996
1852974246
197435772
553997761
51263592
611044728
158838945
599202487
564686965
1648199976
20899023
20950232
16403943
42703684
67971206
50392176
126518959
349540312
17994869
22676447
15485441
456636692
368196789
558446365
1086485478
555928038
158414847
1330457336
1349576388
16261445
244368081
428333
204832963
4207961
14199378
130922325
15466988
51241574
373689086
116994659
813286
20015311
804844116
23818581
27711685
24277551
19725644
37350044
69484955
20065936
630545001
90420314
40518949
125481462
7334402
387423491
21982720
153181999
150155745
39315998
16129920
23168572
16668573
21148293
6480682
79293791
16381279
18208354
15224867
17220934
50325797
15143478
461218531
433418227
17795062
19697415
16497947
142142093
183954907
44030337
35777497
53952712
18948541
17085125
34093920
