49602862
2714901547
14677919
25267042
2666324912
308412056
15207668
14941975
93824989
14344823
18916432
367709007
9130642
246517877
1074480192
216881337
23022687
65691824
2792344340
1180379185
200098418
384951307
48679567
19717082
471287735
20999799
26340731
19337889
472955958
99354836
23813725
61216579
27481972
213718493
15085627
63439154
1935657224
2304991082
243093227
252024751
2581860480
261533528
561246596
117084937
2318969660
1155082236
155659213
2326857668
2557521
8159472
138372303
789605024
140070953
627673190
343627165
285332860
144863620
532779460
254213445
159950527
2974764837
121064105
819522
62051796
126342882
18016048
104205500
24749378
3383132145
410218201
2352002358
3143716625
24150634
36329597
120176950
26538229
83466368
304909941
196994616
75263523
12922082
207441433
14157134
37623918
3017241909
144884794
89112033
13838562
288333760
344634424
1337785291
259925559
14857290
108997531
856010760
3242375909
986664091
3233208813
281033838
2527694118
158289900
2292454922
169426475
120785277
17006157
116763916
111416652
25098482
1963312058
46954727
16732770
106498703
404422077
140912249
57417404
2392509038
2800581040
19545932
1236326114
1197603440
80550673
36316943
197014877
21204334
61733587
69407602
2582152619
1093090866
369505837
475988505
39585367
1536791610
15518965
28206390
113963
22983001
2882303226
3032393685
149425854
22029004
2904406143
965828538
3105909147
2173565170
198095537
2997453710
123905039
261287230
91528801
2192495738
329085550
2610063726
349921132
3044791869
3058267441
472431999
11936592
37941938
325830217
1960825746
201156559
43697249
432757995
124690469
135261282
2159181343
407551802
259059584
267643996
503497923
6896752
173845224
18681619
83863296
41302778
951865232
390360720
1543375315
137288990
623863035
2295091548
2970621
15386810
14131984
581147148
999507974
37042180
15290839
90426521
22758684
121626258
295852803
19407496
47797696
153833998
47796779
22851407
50671851
18667222
177325161
57018084
14369314
71626760
6314042
25478011
175534926
64510593
31176167
18363030
455667047
13197402
192888231
15894470
20968385
53401305
39978318
47917870
128157442
2889520524
123520779
32397387
21343614
72807325
45541835
18435258
44103664
163875411
17993370
2852193982
15969329
178265479
26906126
242591251
710056064
223256479
54600741
198281666
64245804
19357400
172064041
91090233
2343547122
164014293
15576406
106292387
36065771
40533912
78523300
342894187
45542386
75028838
109572316
62785852
557534948
1860703771
119136331
355053525
579824610
2203726446
2919054942
16311797
19651918
49968336
245386268
301003174
83196448
80281006
37047489
1724473160
86781405
226087776
15005808
368276033
26235265
69008563
18204430
1305940272
1111941218
113368259
213969309
109080285
9862882
22691371
570243017
14184699
843366985
146763141
15467700
103046392
532391377
56443856
164007407
315737540
241789496
155927976
558797310
744601892
1126867837
522530914
16364399
1198481
65176699
191409618
19703313
17839398
926652048
97487983
71643224
66473677
97027086
331456004
101002059
38006668
84663229
16593114
601794687
20419776
19834403
72198806
232268199
86633726
20913964
16671007
408747999
36447473
118190428
88406498
42449434
81340625
17995040
68967455
48107395
80550102
1135226988
367703310
22235488
524621806
20296473
85913912
318047469
159390276
2695763072
21414413
18101696
2267693112
131882980
1577262577
298235383
15007149
9624742
442080237
15745368
1683907286
134442450
1330457336
38466830
575774461
1107178933
139525580
118756393
237403203
22956220
25063161
53045959
21059384
19232622
14224719
110134649
95968926
40002915
7054812
2423497083
244667129
34015702
395895021
927818520
14529929
472962312
747822822
21227248
407779393
2168320219
27938809
34211133
1075602031
976838341
405247803
146209369
335885581
108668795
375407802
87417495
37919483
841587025
552605582
1482651422
28852417
455783059
38358793
572624913
1686270312
18083464
1636590253
23946892
137794015
256307541
16241871
329580332
2600210567
20052487
755740434
174646175
957320604
120126944
14353202
61781260
122994639
2315376242
1520501227
238128989
1905182880
709567183
2393985122
2393991372
499968955
1171575037
855023605
943514474
936702871
868473776
517991055
2166990059
1662472286
718116529
601774069
1205123202
609007971
1140645362
2467473121
5867842
1182970015
98924112
66124383
2589945689
2172423304
2359926157
244505105
24891905
6426552
193568038
14202469
8949892
17104782
2153024216
20712701
8926972
168857946
363867082
18639734
60642052
6227232
37852648
31085704
249086911
606397942
23484039
19223962
236972737
14216123
25053299
28140646
253982489
18601763
85602727
281926973
205789121
15281391
11014272
21217815
34247596
32359921
16184358
5136281
19546277
382018313
1709950621
86902905
719735953
87505903
115009645
14434070
2450120023
210887734
140399895
120124098
550951900
395945705
140118545
248549446
429531724
156362606
1699890626
14329770
21856863
435167929
16389971
266498721
1132994426
26227812
239124932
53789862
153510718
223875981
16076032
90438926
2207139373
68138268
18686907
114870265
66069658
819804799
65627806
17814635
1877831
41633850
5402612
16058907
343958195
243662948
96195273
26739226
452102835
29422232
527526077
15974482
93474576
40723249
501631797
39215821
15439395
224964544
110205768
182870418
19058681
871605637
17763880
52155501
234894155
122024579
78699094
274715985
158732105
403407034
267797701
53763904
215212416
713994056
45112524
121402638
1432977446
710064516
213745334
740336334
125148375
14346260
978115603
108253213
1018302277
5561412
18891923
7713202
296357769
556833984
635608354
561987186
50590118
128506308
149106916
45828349
44196397
53490725
33235771
115346674
87699494
197416799
506328111
234316976
85547141
208105973
21309169
270570852
52974864
79132783
130090208
86810901
281877818
1365309175
338462945
270797700
251168288
195676376
187890010
212019653
806255137
368534557
231953303
196733852
78058750
14585010
400117763
276075811
424327529
41427041
49279876
754988390
121096782
160208879
297351600
188780659
16329197
155498496
87421438
233460331
540063531
306989200
119360445
1480709623
9124432
1392613261
175586899
24447643
170978074
23065358
48015202
477574229
341481789
120507196
194033198
322456302
19069303
32348620
46716988
159202013
116810345
737392597
43694024
110247578
277242683
127765218
43593601
23610532
110302086
1364930179
258316739
38180097
101738297
24671555
501771705
41782732
15845753
47647570
35740832
22183083
25680767
25088150
3147651
149098155
276700621
329670264
96952949
121511442
798003
50299063
48478726
37908683
157886521
19659231
326379776
16314859
173419734
16330790
59157393
529285233
47448886
47743604
168574556
178635211
1127289152
1004533284
133249609
1142460740
56796431
178769798
898300087
567571450
152570227
241949363
273557471
438328159
206079538
128891849
481973434
15424344
176338227
479703825
5203141
145564560
32718488
112894373
39510422
53429839
19811190
14465640
21555790
22555569
39510865
617033584
561973427
216082668
493577413
277963875
248593325
29707866
964203798
44095402
954494988
934095842
14219368
22396478
20381809
28299819
37025554
111413544
70167492
205253989
269882231
16746076
842795852
33792634
92020072
204289537
223895418
18972285
266672949
18949506
69276033
570060717
756689377
1118321
21587592
266464616
31268972
17673595
8568192
459989874
40028791
163853853
302831391
116766267
20663500
23053539
204832963
158093121
15617368
28647566
16799023
212165228
235900469
27707080
6385432
66912149
2803191
105161244
85796380
18049626
79276714
179566751
941878034
39804440
20015311
26212884
399931540
47949452
245972624
536258644
315779591
353785044
244655353
160926944
9576102
11316572
211848704
210792476
38742405
95621925
312528868
16341217
29444530
84344194
500704345
17997789
198645699
102402934
209277582
45213585
69233745
24355217
111186363
235166355
6721522
325567701
436482631
288980311
83972205
188478027
817268
242279750
207904996
44309594
311989458
18725815
521301785
83590349
233254676
255798674
20936212
47157535
462229611
48944082
401820335
47940532
198836488
35819063
359428392
362920733
20970341
18014005
322572436
47455112
41160276
27015055
103828309
404382211
27845071
27842754
110755179
112405785
42372594
38688796
58551635
40252886
129213792
169001568
5931792
17097786
8520402
186957728
131157441
18373634
36717673
18217211
49375794
432557320
61305123
17022916
829347674
110138206
255530990
15930061
451586190
15669672
283386225
1596531
212256947
520389411
45452226
68692912
14704470
2425151
351120282
297894797
108937649
19231330
206621725
28782664
82871902
30823468
234538119
15643141
22434517
550924305
24882415
20768539
53351144
91962159
300355143
657863
466882955
32607660
22314440
329819402
41120559
55070643
76525772
22953546
25562002
20136749
17005368
519569139
271441733
86687022
2902821
18585712
51773578
210456091
12490242
22240612
23102350
8279892
65039736
559654312
64657863
33464361
6856
575210631
299601871
1652541
17684550
328967731
110716444
106044009
194213012
265902729
124262013
439007425
230845588
174633048
106430484
87639689
41640787
611986351
215749355
19230601
181383752
4380591
93840211
97893963
42610327
456497995
216299334
6708952
48962805
52509637
19224439
14676905
118026200
15208246
119421760
37210963
10929352
120051559
606251724
72242427
21982720
14705577
153000691
40360798
34302102
17689864
15473958
14183384
10810102
18020059
39486854
60588428
68119545
616454992
15987296
14811485
244807172
443134894
74791999
14473042
372891057
225539878
35348026
26589987
19762524
19083676
18791763
35218566
16303106
8981662
166664961
85660525
49432303
20543305
273469546
38097426
42389136
197418586
249154446
188039706
219243547
26829777
774096
16832632
36412963
50055701
490126636
16164520
25093616
8963722
11348282
28810824
15205798
18676177
16801904
52422878
96951800
621523
14749070
19489239
244571847
14215482
54894889
1500441
45180881
21251654
17873388
24963353
373269007
51014746
140423261
19900778
28583987
66356181
16012783
19066997
110670622
56377143
15110357
168606635
406255275
10880202
87296858
15716004
485929916
12635862
17573253
191381510
14958042
109034533
366498129
61434206
370028478
10318462
19590713
4908281
16708690
42203973
156926956
9850632
159377495
17865039
17220934
5902242
116425407
133272665
37570179
39957797
7090232
37036390
19178545
554586487
21750841
66178799
225454204
127840036
477125054
514438032
472914273
343417738
15517467
150256985
18085903
529442829
17061812
45900428
48257083
137628267
44756537
620398542
119681723
123489070
206155823
18622869
618355853
66271248
78262854
54135833
473397720
232135600
6208252
176873407
218061205
21787625
100308619
135153999
963121
43943829
22159199
27285670
33486422
19291696
114795028
10078
51241574
14800270
759251
17820022
30237735
19670226
135609924
3103641
139809370
19997104
18976324
90719116
84888010
106377188
22244736
914061
531311894
507489702
17219108
16365636
23492901
22255654
14886375
52544275
16896485
4898091
91478624
20402945
14761795
10876852
734493
24752484
7905122
9688342
11518842
816653
783214
20536157
713333
150956425
23452029
77061950
34796669
83435676
39745038
179470650
107135929
75980961
73398831
460693601
19484585
155916270
330989205
7278212
5120691
108343020
159562343
149689194
14225267
12901712
804376
24272590
7651552
156297711
21289308
153928398
25820976
27638861
310503647
58562226
71996822
81417061
227428181
218817724
21272440
69620713
34713362
7174972
59792257
432627937
115692784
390066737
34952350
21323268
87183181
52992670
14293310
19027427
14511951
45022448
349033419
337618492
19103481
28254715
11385682
119396952
56190767
7622782
351744227
40471451
2893971
238830340
17972106
45110861
17463
169091587
378223565
7712452
338979319
17797990
14216745
206336873
6409922
17093617
27902547
23047271
24222836
325483249
122697863
176175612
196235064
14183947
16542390
18673041
107056564
7683
50759108
198783557
236314227
113939949
125688358
6831832
5627062
103359049
18213069
87397874
32717570
222389545
54301390
18171938
43292943
214400949
29661576
275575393
15492359
113425681
34572451
39056668
28750663
17712992
33612317
16049723
274523099
175323602
8710132
14605663
918351
49087983
157105143
91462518
153403071
19391837
109522826
821758
4580381
155507136
119080510
47298994
271341816
17288456
80305219
22178046
8378202
28534252
14063426
32453930
52660746
18576537
279452961
59808841
204002663
135421739
14164235
14276734
28524741
30364057
19224277
115927837
19182978
19841692
39232421
50982971
23224487
87433548
21904555
118666416
26977928
302971361
23606594
24074302
746323
47593838
109851189
4839
148270003
101866388
280995451
21854889
19702722
6391882
271390590
286356853
138327327
190996890
3513641
15024680
155525188
229898807
214934120
33513845
142048143
80253100
100582519
177686962
80130945
19961786
7103212
227900770
150241637
67436205
216755067
223863981
17865618
141084952
17061263
43511334
262149648
2493701
54476572
20949512
50924531
41672699
137365854
44322371
47572719
15514025
116717739
34964101
24506246
224348240
12979742
115068252
41774575
250074052
40921545
21389577
27395374
89485180
2239701
9595022
54510616
47997877
8961362
78567876
972651
54923609
228406577
45025729
123804856
5495312
50094507
6017542
18971032
93957809
42226885
14885549
20713061
8553022
274509374
112275892
14159148
17454769
52482558
97675129
90084099
7395252
20975168
87927912
115617075
25416008
171117515
145182213
11512342
36082429
3108351
624413
17622474
18949452
8161232
1754641
25073877
2735591
2467791
5988062
813286
16581604
1344951
50393960
5746452
7400702
989
55001444
41778159
87118217
8263622
43324666
5768872
49442623
6602122
87428765
18497266
55106945
46428075
6618672
149608379
15595657
17989166
7599192
16708728
20977177
141305050
54307137
33676059
115625848
59458599
115613431
17723404
20862340
28320970
50684862
22016700
30313925
18022904
16727535
428333
807095
5687802
5706422
22471177
32360544
12076292
