3307370589
860552796
903491155
3981041363
843169856
114796408
274040176
180124279
937294358
20156427
15737703
221392767
1156866230
465723566
85772748
4063095921
4075147095
155943184
14725342
529953825
24047612
348379865
2876413477
26565946
214791922
44084633
113211214
80655102
15485441
17544803
30973
115485051
71876190
30364057
27091468
23151437
25589776
90420314
25521487
27083523
48410093
15131310
27457788
24886025
86613184
15846407
6480682
19927627
14677919
28164096
19562228
83876527
293850289
21324258
62513246
18948541
14353392
17790667
427475002
14075928
23544596
15693493
1434251
436266454
54730258
3180543366
450533398
813286
457737627
19397785
1223763984
562761546
19554706
36303200
332012070
341251022
22940219
23006794
21447363
19058681
19373710
10228272
14780915
