2946335898
428333
95431448
7313362
2467791
14293310
14677919
759251
5402612
15012486
262937086
28205728
1183041
133052366
15754281
319189987
16984147
441089626
1536791610
18020081
1378313527
18777886
21758029
24246978
2396551668
41540854
1214304650
313454492
1591988768
211037693
7376382
3308545012
299820130
1281459318
268414482
23544596
3063032281
241382835
25321479
352592763
408010444
3308458708
2247259226
61690399
173551074
2206706361
278787223
2813391138
1135521072
857362927
237845487
74510767
2963126128
228932594
241264057
93478603
30000912
37643845
72423061
204881628
24668720
29330577
23464695
1090503895
51311437
1396019252
531267133
15935383
61170418
14177942
1339835893
16314021
56768257
48269483
1202498522
225086401
4099171
2329649780
2233154425
2240743626
414998937
380066477
2615322970
18752408
521904297
2832039434
1004340007
1700840191
2748742897
2846183482
1952012918
359417018
612043406
1176035958
1710536322
1184052914
2569171896
74149849
105479096
66482863
2742217050
17814938
1241760662
539462986
14511951
14075928
15693493
549749560
231753473
16825289
41409563
309920464
22417027
1732358906
14550673
320154349
25913058
2617623878
1265329536
16000632
5768872
1436970104
439732044
16685316
14327149
6632072
972651
112236047
2606736806
42793507
21879831
2661980660
1706002693
832471260
843112550
783269130
414441752
2266209018
2368562678
1669212408
2437161464
17399269
1553706547
216189580
313060089
1323778454
18781641
10798802
1332794598
101480658
2329473391
1393339369
139530754
336243683
2333517996
591920938
47786101
701615052
414897054
265217310
342248309
18055737
443283685
2382624792
2407765986
631478663
1400136258
1297913125
28709661
546299650
14843046
1972154413
847679660
1855722577
1526563316
339401422
2385637015
321431738
2375883464
273498780
1582853809
1729860386
155639557
129947794
596102203
69436987
745789740
1707927792
856578451
16303106
25990575
158414847
262505198
47285504
85452649
363394649
436292177
18159470
24807616
2177167354
151905720
19777398
117167644
619309810
46957344
297613294
806857638
439779382
20737317
322349817
2275377889
23006794
2155365456
24056185
21092948
23762505
1170420222
379394178
802815685
16507911
1960939304
321492641
18149543
1049711166
62390116
460481728
176919820
2303778170
34265544
73992972
605178330
399606508
878899514
2247656276
28706024
31239408
426963761
1352264144
1409361348
799215924
141341662
132646498
721177560
372032913
15439395
104969057
30973
266336410
133880286
91408245
711017619
15308015
519717958
1723671666
93240796
1151608980
213793065
1016021178
1137161258
46475424
237670274
58545637
62513246
1660468830
15666380
90420314
112508240
22548403
2216997898
15485441
724662060
319528067
446691295
28204375
80700514
430076901
500042487
26565946
1857551846
22940219
321085860
23364519
15727578
18173624
44228076
16786977
544835567
23690344
1710168577
807095
21904217
43192807
67418441
36947388
1430561394
581298778
219198149
310066839
136168669
16135175
32929008
414482730
175140634
23072819
15964196
262365288
36292086
7235452
52758588
14360757
20174852
18964696
18393773
325038862
109331873
23037421
604772054
91048230
8984102
128956175
65289126
15687962
393852070
580097412
102600381
1866487062
25395994
200268415
121341102
1902232482
373019594
69577059
272700016
883950518
243936924
216479859
287680243
141737926
1945376708
302069015
243811833
895872301
1928834558
366332722
244327386
25521487
700337318
1705454756
235322745
64715482
348754066
48771029
1916214678
247879718
1120477994
40000622
28221296
66561957
517009714
391449533
17681513
14780915
74712538
412765470
459267294
50733898
449470077
1408946292
301438340
39194250
371582146
926406416
408868832
329847512
118504288
129400817
17398854
72694635
1695668371
166739404
5480472
337077788
15846407
1486400072
413534908
42037501
741687450
176549532
160817572
1342431865
859053529
18127713
114845389
405906964
1895847794
1898591880
785408498
127746638
43805270
64439329
5896952
123377104
1897857986
22021517
22422040
22370622
185876411
411187957
174831032
325365427
628503260
58698717
66618379
314316655
336317256
213705347
581338072
1689739190
733950307
571753529
1350128798
49247353
573373275
1496791399
468969033
1078001504
314862765
1087704836
626028880
39426649
487965981
853515048
463037565
408907316
414105283
34036028
26053643
27970832
26679285
469612728
386593885
31219769
1089768427
24077557
437721276
463410362
399142426
327163252
165807179
37024356
47323584
52182916
371427610
65117565
111089518
558687737
556350319
70032510
15520253
342683107
16188908
26834195
384953260
305275926
386788466
440388434
866810809
394122335
161436399
834399013
636398377
19329393
494266498
345811633
287858728
361987198
279139960
19940190
557086510
354471836
101061892
19562228
291976371
304185486
47492852
621267045
391037985
227883398
56250578
18378446
173991488
17503591
36829803
437725914
23523352
16264006
21349535
89349394
27398435
21415235
26711120
201976678
25899520
19328984
16262866
16381279
437869667
420618898
392077669
379874593
398235761
84580216
62918301
66699013
412702427
393014768
155094137
22451390
36793266
38035105
39956893
17201277
89003506
16212952
118835535
17470801
17344075
17471554
17471459
89018574
6761682
21955058
22060294
21705931
20978103
22536395
