343694145
74169715
349300271
90202078
34892463
586032653
19329393
20012204
11350892
14677919
21217034
17525171
22179997
2883841
20113887
15343682
430495837
547289837
1715051
57097104
602317143
1373806026
1375126604
329313503
207588053
19325609
57795767
16541021
15666380
20108560
24670677
112915037
38259087
75974281
14871080
20106852
14681605
107717034
65289126
28420827
512728218
382815761
23089228
177345928
172887151
19877186
16331010
24398222
116260753
75641903
17446621
17602896
259392555
237845487
128956175
180509355
17890601
20632528
15888142
15227791
18713254
28109359
15727578
91390383
27457788
16786977
243284052
46973152
250831586
82939583
15687962
18173624
137524817
49717874
246481013
16302242
223884297
29964675
31535804
18950402
1045141
16312576
41830590
