185538925
826099286
3241888721
2899109548
607316347
7802822
254206890
775193904
191732121
3780594262
2317926254
258788576
1499401622
3242019557
220514246
2874441538
3974001759
710437037
2325741211
629972445
19407053
25053299
34713362
30249176
914688666
1652541
91478624
2793705146
18949452
14677919
2735591
2337567606
51241574
504368872
1870733533
713376499
17884677
15164565
275686563
2339698385
1394107286
3108351
292476026
69193277
3403314244
1963486676
2347049341
35773039
573918122
16459352
2511376477
3732278296
884596082
3301007719
2729145631
3906818603
1419645271
484007137
2247734552
519576984
2305330494
977112482
528239492
515361532
1621581428
2453597118
234053160
1470973268
628703258
2779503991
405181146
1406206032
2647489932
12229902
1484651521
2722735394
146753559
621910498
1210845686
15604245
2384653423
168095811
794198653
1140518174
66593845
21932859
193365851
16824146
2580530060
2464931556
738576612
247084658
252020392
2231233459
1376602711
51022910
39291808
121158213
19950847
2478785696
2271721831
2726375347
100190274
38201645
1062028010
1569987128
99128053
151345618
2244268176
204267998
108661044
2748898717
239246106
745828470
592848274
108353094
30286145
145305040
479000306
181300983
2677085787
251343368
532037333
25595508
144178115
1600400100
55497099
1086340632
105524755
255609802
111496257
245556939
56110169
253755500
93822743
16721910
150003563
549609965
2226312997
82715995
174784173
341560914
222803760
247571573
101823090
283343848
160131066
1155522630
253167239
84281104
272161214
38237581
1178011
426159377
17416571
19103481
360685668
569569550
80085539
1657797787
133919222
2156098016
2935789264
601929215
602092519
3318056913
323747049
2778226074
2493321485
4154125648
3051003785
394018380
2895193706
2244809228
109081943
154258375
93445560
1826429642
4174594288
4179767603
217652016
2846596713
2229127807
1183173253
478183745
3252553095
372011777
3285514116
1055760253
1367700690
4182610511
390294634
88709289
1338159997
2304003033
192126676
4229726185
4229203759
4229618054
461112515
511104485
794481751
2891623817
389229444
2867735239
28158136
48069769
77780450
14435332
43216644
20089995
45589568
73453532
114576831
13779472
58891995
21256953
24746707
1355062585
180491614
19541358
195920240
109335353
2855759311
2983162902
948176653
44145884
18863724
775528238
2841216880
4195132213
2989768248
1623630138
157066205
94066005
19451930
237028905
174564851
3038951807
4172402363
4228540278
28321703
556422395
624874540
404942218
1612341410
26155981
22350542
42963818
1258420614
4228983806
538574004
2368440940
16732997
3311317458
272202005
338279385
16017264
2796534685
131010168
4182767159
502261667
1966688527
4229495954
38280671
3300327134
21227073
199588002
3150851245
4229502433
56007456
29875741
1676337283
3654102447
3287083305
3301698727
3222117767
4229830393
612625089
1558162466
2149489429
3980469979
1684595876
2561542981
181876449
1365692827
2240143350
3391422928
37676400
384662022
42928783
215767728
14314244
3212152997
86426290
38487052
2896337822
2156400980
185949823
1378195861
2712284968
564931976
1911893276
1672601269
627132335
231167106
2933680911
25165065
368914688
33923443
1644055543
3056256582
2718522558
3091317443
296540666
129524189
3125633194
362684034
1546809294
83641636
301089802
3164980663
3119966597
3145543519
299569686
3061593561
218483171
96107288
3244057577
16607099
3215053975
437369041
2258622949
3292900215
3236937462
632896266
3033748508
1634051
3321294292
3325712519
2547264548
3192610286
3331759948
3258352725
64256643
3084445263
3324309598
1382890916
1630538616
3307307553
106468517
3192470665
3356111236
2690573545
3357206854
2960288983
3267242215
3270698246
3269735850
3272508776
783183666
3266273552
2469930445
60104502
1978040732
1544616979
2543137853
121353864
327021014
2850411436
3199933577
3390121864
86716225
1205764537
281570507
710042856
3258393522
3307729646
708135690
3314896825
118497809
3289008129
3238527778
3319211601
3358894513
2438558048
3215225885
1500041
203680448
265431281
341560889
438866863
3503976676
341561121
574099847
3577800675
747871274
11529002
38846761
2916329946
33642095
2201951496
3513556461
3616267399
104701516
399480083
3640644678
3487419139
3811780154
3885601216
15483625
173974339
3434121550
2807772261
2795813125
209026599
3945575477
2892918498
3582095173
3725067252
3421466241
2828636667
22006543
248619301
116540495
28630977
3466378819
537666113
10985382
3021539278
3827722454
59188658
2849823726
220256327
102211283
273603872
23185924
129129718
17506774
31298952
2475885734
4049687892
3589451352
3791242515
3865177821
1516755511
3883615733
3918474437
1945519674
3256895683
3267590978
3365331039
3351722626
3279063949
3377368588
320485110
3235517221
2209499839
3309071532
3305503722
965996119
1573108141
3434643395
18548136
3517389741
63361600
310047432
1975587572
104920523
160405882
46092005
1573067298
71050483
2690881250
2361413834
289867286
2193159997
21734516
458349887
46081994
2491633964
2981066433
19312845
41633203
21451819
40186435
248122664
15754281
886882542
818851976
34322454
211745235
16851490
2837127982
588559501
2584547058
131800972
32219625
246861960
1064197483
2858425305
203071766
2889413896
2893763019
2207482896
2656600508
2191907863
2388164042
165430860
17696636
2816799090
31562944
2755282951
86066569
2333714622
3382
2892882432
39527953
406394253
82814604
171827285
2472105116
2840871513
2478227234
48591465
262874704
2819332707
29143676
281995038
2839587229
2843101396
2809987668
2843087177
1267692732
2259696852
894596629
2875918814
307212252
188432997
2871607664
2193500780
1528960531
2419129680
2377074884
427611347
1219069604
2842673505
597608840
2199964441
2328578294
420946205
2842755599
2842737909
315273081
2842802249
2807276701
2875793690
773609719
447335928
2280984302
595985858
1493526060
466922905
2842943926
2252640865
2781778217
2842151914
2866301995
2296751947
2871624332
2775322651
2169961078
2401811057
1970086717
2586657686
149187125
576064994
449692153
454386988
715197480
723241998
397752666
2252739968
2545518094
1658625276
45777849
2597971080
2843081463
2843147500
2843095707
2875878656
501720532
15991258
969009691
18327902
817288
15705567
187893930
1568165725
35810766
2812849157
346836110
253200818
2569827475
14069063
536680005
235356237
736273868
505689359
119837126
2815729877
75827733
163049278
2784750228
425978408
12968222
2762364398
487755569
2813684725
909038310
2362107109
2202231127
34392691
2510957605
2594311207
2780799691
259311158
483959704
2821201305
2816714436
119147273
537002689
2730461930
2205875964
1616211181
211001441
2331249697
2816009232
11562822
2849484762
2176916550
2821532146
61682462
2800314330
1080490616
2527913220
1853370170
2800888804
135593596
2726143123
2716744603
2799048522
48699124
1076457150
2816013381
2776189315
2831806868
415348610
1330101589
24373989
16904036
2821211602
1513190700
2758300686
2851052448
2848786880
2495274120
18964174
431333994
741117913
2812421213
59134690
1873976478
502877212
307148675
2762421673
22673515
1394084473
459443600
1256966040
2252702120
583289563
852545310
2763600297
16913772
97383592
457361103
407183932
53689588
403846049
1335002192
2821134956
750966565
44219825
2803106441
1689085254
2838146868
2758555463
2722118771
2396316507
606507722
2839432064
64822755
2788299177
2802218171
2839153525
106818649
2839478155
101958964
2803125826
2835199388
2839476595
2838282180
549058843
2803102695
2839481329
39384997
585312474
2839414170
1165817214
54196885
781494145
209967256
756322519
555884479
48005090
2839444820
385518556
2803157488
2559536377
571301764
14588785
2500762720
1599041618
2803106109
2839419062
2803108683
88445570
2546228538
2803138721
2790217979
2345900864
2839447844
1322415824
114272595
787121431
2803117827
2803116057
2828858455
351110632
2566404367
2803171186
14840034
2494414508
2803148183
2803121361
247338777
2803177324
611120249
2289134832
2838961940
2839449860
807608058
133547462
2803157165
2801608223
390588976
1481025468
27264379
364213030
2806279650
14504437
2793899492
83981884
2803118194
368761059
19335168
2801986973
2427716086
2267923041
887428956
977771839
226910214
2803198234
2803147335
2803125221
2803199086
2803189924
1645563936
22523975
156166032
2529637214
2799988539
946282501
2839420188
2758604597
2839492933
2839492147
2839486777
584076839
396557140
2495321674
30665246
437871043
2583426324
2803138797
2576875784
2837409038
2839217557
2837525743
284329504
2839423872
2839169280
2803221310
622294782
2584787418
2803139565
511539031
509564498
2839424454
2550432126
2803228474
2785460088
2839425006
2803179075
491728234
16528360
377029672
312955181
2831275945
2498396474
159181283
2803183887
448879537
2803233262
2637011737
2620321333
2789959715
201908004
167840599
2839436372
2838531908
2781874006
16164704
2803159905
58851731
2785861282
383278655
1140845214
858520488
2463683719
2376547399
60031833
2550591241
1047534997
38247323
411985525
1055925607
2797479238
107087487
2764609111
534381125
2240603599
172846897
2416397492
1067089026
247571142
21624573
128796014
544459972
39047949
45571759
14770578
2779608782
1122906733
2780056655
26015743
2429154462
1754462965
80434446
195747980
870958770
97070091
152568491
2152080541
1855135531
97073640
271212128
1065721033
2508400718
53112612
208299387
2325442002
163582516
2736991116
76295423
601119617
34169185
2692269746
2733539382
2473219639
265792775
1169960102
1918737733
368869467
434887634
527360744
1418166697
122030129
41068311
2388913874
2758049983
2828329033
169364387
2771384960
182220456
72249190
239591418
174475950
2832220861
16702542
2318635447
17949516
273125169
35406751
2230478545
745920972
80759906
57497901
2788848721
2501842421
141856231
2768228696
2800294526
2832577022
2785039210
2785019501
245527835
268186643
32856634
2583466460
904996916
2218868586
609766607
1190152867
2265945528
28918980
105588068
119101949
2330998573
2726782243
2784647757
106835731
370769312
2823169195
66429119
2805950208
629106817
97203875
112946801
919383146
80838016
242099453
150649182
414096729
189770284
136251520
39944766
2525602495
41240577
270308051
2719824622
832287554
2703577133
11424872
250890704
2686818164
910092864
2727526930
2672309720
2441839076
24357823
605399658
2652297131
2596022822
2409939800
2174479173
2676379828
1139545400
2166504462
2703404117
2456707717
2333153449
2522174655
2569488974
2678057413
1106241368
2640010886
557171834
382461060
717307568
2718885970
495699080
2379405228
450411981
1680893084
467919532
2281067222
1350032611
1894590870
2441235755
25351916
2617366603
315571382
474287729
2429374403
160082470
870556014
2341140410
1145337229
1092537800
2290708621
529966479
2600274674
2546754241
198945049
106118709
774739825
1680753642
1675529371
215701804
1381672946
488951833
1373503650
1448884734
443387902
478590407
1854735788
154256457
2281234992
491792594
2652034436
2674932632
1522357974
163451270
230306410
2511069895
2476104440
2287912170
14284409
158799969
104871888
563374823
40852004
2614086046
581489367
2674842830
2299100299
1108807484
1432668500
2719059310
1887009079
2356043566
1893707478
127693685
2675081719
1711162392
2544867894
1546071998
452546092
43840653
558222623
2564622735
2675455183
136453950
909280464
2227580106
535942680
2489085602
2667541867
2673241059
2670915631
727170360
2600515843
2536447758
2621123836
2433142514
2673614695
362096991
2673707322
2585796128
37340384
2650493910
85877008
237699529
381731134
506439004
2488697328
2611916500
2244105187
2407257955
2669534352
807972289
2546157757
2673630192
522325755
433244632
2674804518
35741626
160353443
2445753811
2420775684
2599510711
253263664
41605121
2587295281
76567984
1547722903
2708654897
2196952004
2459060953
1635237164
285866402
1660892209
908850822
2705594987
2467581079
2646446112
1465339740
2693192229
2635171717
2447194805
2356585693
2289134072
1148066792
2612971838
407082465
2442770708
1377326713
2217428842
1931811601
2490796516
245725998
2284007533
2569906851
2250764024
1061998735
405181667
867049452
121575660
2390984551
28938569
730354951
1215656946
1541587014
65480733
2331982950
366812553
103477877
1877173656
608199309
1146728694
17083423
822261650
2298299924
37864359
480987656
111294892
56293707
2175522062
17184065
44126993
738981697
50763889
17199214
163700260
257726454
1215614845
90722330
148316126
234957953
784898641
245520753
1614611192
371021056
2290192561
1472997277
129823014
35099519
405960450
202966039
1215521832
2227603682
230304832
2262202232
16218242
44557447
1506058369
92638580
772142946
31408654
701875818
57758942
2280238743
2252594141
20652468
1066135920
30282464
476946794
18226744
22620030
605809941
2177424650
77423114
213320007
357023059
210349558
2282838842
377199941
2288755892
248756594
2226991059
1497519090
2220542891
428620737
314039660
2276493092
2191952979
543127249
324191367
64770107
1910867731
32323381
405847099
554088639
81244856
109671841
59292466
423440052
2281691125
2273243771
893415828
1621935799
216808756
60313461
164439438
521540955
1457387971
78503033
451429617
2286165031
52689846
703118826
847363308
38570287
169936057
987237409
199817163
157443576
41548875
186569778
253065991
469420321
221800669
2285484618
151618526
2278212066
279695141
2275584839
570213673
584128266
244746802
1028810210
131021790
602839471
74522177
45774895
771403765
422631428
75137401
763924874
68794885
106742844
2222462048
18487616
1799964458
1704778710
2251796036
410582796
919978806
36859452
2277605370
2242589786
554979990
394949512
484999518
2240316981
954493567
117106120
1872317144
353532628
36757099
37414830
89637914
404877449
335222380
1341788574
1404968809
1350435578
1594414807
932989782
623402306
128609666
919842474
974316300
362539812
1622947892
579430568
178435052
2268024606
2264396931
370818592
172397445
789865482
383634232
354741272
1048269967
963355542
1401331081
1316767628
887864054
2176872728
50450654
2198360306
811132842
171750243
1577747293
256904580
1515973022
1861429188
1937504828
119699026
1735665067
826276051
2272978331
817483681
889523671
2280063871
1322099318
609326192
612752166
1417703430
2163393424
119198305
371867421
360026216
1633804292
367609840
729508760
215693759
222537923
2245583914
1721066628
1467040056
2273803106
18521687
323657678
789091129
426736810
2184566507
2275869019
325536138
84692679
2261858139
1211413087
2279815519
2265553565
303413514
125827086
1727025085
2229293710
2253868957
2193851102
1239292633
2237052153
406160358
2263076208
1917694267
110319433
30905481
440509423
1550482195
1977118620
1334290334
893824472
2218093124
107473586
564595075
1976816840
38971058
1705948032
90136965
476245158
1536337014
1053058219
2256449048
2259298856
2259337338
23110680
2240470455
2259443143
281776546
2150979744
2260087322
2258187133
18004059
561097737
34763344
2260485486
2179384760
339436221
2234639378
2241647295
2216164728
1506018824
2213730540
2180732546
2239591530
2194240447
2241954646
871668656
2259366822
2241393780
2238447361
740124973
865214815
2260565820
2241977435
2260589359
2241961419
2259400741
491008396
1976314843
1041678420
231686562
2242033359
208939091
414977064
2192856757
234303617
14238762
313133078
521754846
143490105
980865674
95196777
1941592604
1350498181
849343086
2252653723
2226389893
2183673656
86781552
1533992569
2252545495
2235952640
35943797
2252783768
567890105
553786648
1370793218
1110812798
55280622
47586577
1940300028
1472897257
2251031220
1727098068
31140780
2250269377
291701794
369565182
1047842563
854224796
1155928855
1065488082
987904717
1064974254
1321449908
1351878199
954595369
1032292386
1323756799
1213829892
1195721472
1078163472
1222703784
1314819025
1353316428
1418239902
1246898678
1439886506
1354552026
789484898
1512153067
37003060
52829058
1857002306
1866266503
1521077556
395507397
1367244740
1355535396
1366690939
1167680522
1169892332
944882004
25193135
120523481
1005793524
1308530792
166726682
1292433685
622124627
452043166
1064142698
1233416588
1057988497
806658385
1340107202
1321132130
1116952530
1317832711
952496774
1252383980
1300770571
1172755081
1239558914
1352215728
1336964436
765935850
1355241505
732748207
878659645
1182421550
1054930122
951764864
1357985431
565714232
1365976814
761687010
985628532
288151055
1296243020
1367605951
1235367822
873048775
1137543138
1357824146
463237294
1039444694
1297493448
1367852796
1036098926
89097130
129905404
902489809
244254731
1340217644
1083899618
512939470
251517360
418593953
1334728482
747068460
450899440
300310035
352585196
1307330119
1142183010
1080157128
1331473002
1178338346
1118194386
1159395403
1331858575
336503533
509093401
246662566
109366528
1305572028
587554655
37225336
1231947524
1273302354
1268745774
163640489
77793808
147779117
1190886908
240741836
1322680735
365895450
173129718
98573339
1340531936
51582290
45912503
136386412
199475666
1066446823
1070548309
1319341754
170530166
756241032
71125180
45369648
385707284
108663353
44407068
1345706544
425715521
920745000
1340057005
131689363
152875117
1335853921
1340078246
1226088973
1340076625
1339459129
565362534
1340226367
1340295318
1340346758
782808697
323901499
1304989225
213387611
1340112750
1328334169
1340325722
1328016421
371970531
1281771768
1340584465
156250230
436027456
801185660
18288017
180949845
68895486
216763055
922344487
1332790284
1327678885
459667728
580645002
501969971
462518336
115269938
1329943710
333405628
1132602181
196173144
177809084
125245313
449875360
248029214
607462278
68140638
130845215
1052882294
149663105
1005274388
1021629066
93441790
408027898
1240540368
1249376078
1250229740
269090482
560375935
1167351852
1250330077
1250263542
283178208
1250612995
726805513
1250290112
533741498
1244915587
529553202
1099215871
489842340
1250417455
1236429132
1132277988
1236936553
1038480547
1250417090
372706968
1250446981
1250386920
1250327082
1248546074
1250435192
147027246
809911158
631527280
34909032
632221453
1217286792
1050355315
255630367
129625576
1221745291
533372186
1191136166
1222808492
532554250
1129169113
1203131526
1074145334
37274287
421989048
289924758
460131605
203847654
1220054672
423385831
24929227
307449952
861561048
193949903
111873330
837419942
1244948912
182048224
1246852274
996879224
316718811
29963232
134254564
1136224158
29169074
201956275
1115945684
333167522
1139134974
1075294926
1134258444
95061846
280266031
827644512
23922157
1058907696
966201224
956330820
42255548
58526787
29803686
261858970
275729592
629707246
419590707
265621647
549808089
291574185
1126575498
283750284
1140707347
1131465762
330675736
531778722
1117947284
756492157
1117597962
1129945148
1132894694
85787539
26332886
39159534
206886516
28195724
50372842
163719876
161433528
223681014
163243464
233863077
179998802
348282814
170929716
193946799
54437050
388688136
188443111
142635260
389165393
21416586
31663733
34720397
49453539
39103190
52757678
29560446
40791217
37424418
55377402
12844732
14702533
61144994
61950707
62220122
60693376
63443412
63208635
217000370
340903910
153972560
400440830
322351523
149697636
154111458
184656460
364200137
400483403
377780776
263986485
400129269
400409512
248401266
270454380
337252632
291656737
348379168
361584311
388174857
400289411
400453438
277605357
325968083
387868270
19654406
385191972
400130932
367274889
400263108
165897708
400454057
362770582
290160320
396982121
305465882
400452378
66350411
385801158
176211077
236702462
140189782
85468863
399849501
217639999
400450350
400619552
228000455
399906875
180839843
69351830
218392320
399565571
217254260
34803425
310557791
391357310
400416375
395423670
301917389
20864129
365121129
400237880
403776484
400476218
104362378
403768287
403814255
370462431
403805763
52796119
400382771
400451978
396249450
374656639
259300151
175249938
226289422
371685777
403789662
195912478
401719141
400460999
152451699
400405418
357074657
377617342
399095829
369015119
217632503
90644691
294990667
403796387
304544343
400982024
340660337
348891356
392449104
170076350
290994762
328289057
414828079
370668842
401625022
263442374
341780867
400458370
400471361
365756426
234813581
283407277
400293937
481116200
472835586
389730635
341480231
548631449
559637120
35934391
287042766
334140321
225550441
385543858
107482184
400446851
271460427
776661206
386897665
400458848
385167489
342809356
140529824
745423897
494834087
12904842
15732001
807095
16529238
19995433
95955871
67995848
18863815
23515533
115485051
50393960
28123862
428333
19310266
91409081
43166813
105263800
85891683
87520051
29221344
61922688
58436414
10020542
39688312
11611052
823905
2425151
1344951
783214
18244358
14330994
759251
33584794
14334532
742143
15856435
55533289
14091091
5360012
11348282
14803917
14559961
20536157
36072264
39866993
