89680611
27677483
15612015
39008044
15164565
59163147
30013509
22333510
14462885
26076536
62861160
29295002
44440830
48481509
17514093
18363030
2374176276
47734273
182161200
251935775
316567007
1158141984
993723446
915348697
1487997440
34176543
16031536
36065771
5920532
20626359
101743223
18332190
106062176
22536055
551373363
61514970
71626760
64510593
57018084
260907612
12101862
7212562
234565401
392850624
3154158529
22986148
13557972
23995748
92717138
23151437
84358766
38802447
3327445031
428333
91075555
14620190
460366979
276782498
89684611
572064567
48059242
485919720
86226186
848090448
848205331
17479637
247613701
1413688747
382198802
27368199
28213367
398279309
516701523
298047476
229673918
456866731
507550388
386552584
292912400
357793447
195368300
287386180
158884210
23115514
414757459
292093094
169174797
246935141
281883453
423908456
180297569
404344253
54682125
783214
4641021
409706406
114250132
259720377
275120298
406458595
40343463
256370271
130874649
153544878
145084031
54982451
185640378
44208808
14363353
78084813
11518842
816653
1344951
5688592
24621955
7402662
11265832
17448965
15288936
13159712
6039302
22839628
15832910
36730070
75014376
