119157934
214975484
17673635
197729249
823247022
300878435
730117734
33982105
67060591
16396588
14677919
8622162
390191371
87707239
18898143
168788869
183295405
706904462
68369430
292385312
1744621
4222664058
2253665018
173968915
59525600
46503181
16742099
14792516
19606528
25983654
17813899
8724862
7717612
20182642
4169560693
3417777173
3745304894
3500676915
360474298
414120540
3011244063
44953111
20562637
2383904816
417565340
2177710981
119788592
161318053
18080969
442782547
21823532
114685387
69771400
15954704
48410093
27042513
508086493
589003950
102488708
1636590253
134758540
14130366
13058772
69198445
2467791
1109129574
3389689932
256495314
972651
30205586
2876220805
8653412
2735591
112242274
112236047
145125358
21750933
15441074
388576668
17486629
18539631
16896485
19407053
51263711
9676152
19923293
325014410
76117579
19761513
185102589
2675947616
14293310
98581590
218763149
2459371
930270762
48305184
25053299
14836197
36323511
113419517
14511951
950165300
4898091
47786101
3319706228
108230576
91478624
1579422614
17465759
19154824
34713362
17097223
31526381
1137453541
257799442
245548093
743585142
1857558206
490868308
14800270
25581439
19506790
15492359
68977380
140601768
1898852365
29958928
39743812
41844292
18213541
14818045
71267595
334944709
9252212
37034483
43568964
55518994
46706620
