109660695
339363378
163626898
26892157
28638191
34097876
21401466
268414482
85452649
21447363
21111883
14173315
23544596
17919972
19784831
28785486
15012486
236699098
816653
157140968
23613479
269536278
44701484
759251
14677919
26565946
2467791
15485441
5695632
115485051
16933422
15846407
3108351
22411875
27778893
18001417
2516599999
16299627
9763482
29420835
122201371
428333
6480682
1705757940
76175716
50515656
26791824
94006243
243442402
22872643
137815695
33384033
76826169
807095
25887179
353300432
24007823
54253833
31436332
69095720
202724099
126372821
321654372
23000522
206914521
91974249
76102347
75555665
45588326
79765622
354596349
90573561
820086738
17060365
12701412
18821808
14511951
110604635
407386042
38240429
25630971
45609172
39796874
39868135
16145875
31648178
18124756
15864446
284111475
383801482
240734425
72627135
14058094
34018161
312747290
374835720
25341216
18224975
380404106
481658215
22676390
198137642
18192214
71106723
443164352
283245508
475564682
243474622
475387994
168939370
371841456
148368057
146047663
345011265
30379562
23617610
27989078
32959253
28669612
16409683
31239408
25365536
18468547
