15605855
18202722
18148907
18240736
15256721
620483923
14278700
74460926
7702542
15976697
38495835
196168350
110445334
16031927
41634520
3306348134
4249354872
58546914
311170551
13877942
18948365
14244295
378216868
13604142
311398021
254192543
37566772
726577010
433385719
132723853
21435812
588374381
3105704822
450414420
428333
28248473
46543780
2907371512
391095086
27961547
2891673494
41418212
25521487
42562446
54333994
25855213
32765534
26257166
21906884
14736947
18993395
3167583907
56268513
272784604
1648034497
18359218
11842742
172415664
741960367
24944915
15652540
19032473
388634815
95057701
316118332
26258900
385459631
515065623
6478532
266087376
807095
24529614
57042349
19544398
43024351
24371121
5392522
301623259
34366817
64439991
921788893
23151437
3105336235
118156770
2557521
50014110
27195114
358267554
64417485
17725674
625906376
11942692
102379734
557434986
816653
15235117
346143568
20263646
15991205
85216687
