311032328
2395268660
3268416434
21768429
107523645
15177871
248251442
39995712
102689724
2277997410
229558109
898111800
302081333
53132997
27183552
391513146
350044845
96754286
22125736
609779986
195259183
3929557900
3910211559
436821727
3895552127
2495700853
3192810248
2331052747
18080969
158414847
5392522
2467791
25053299
28140646
14677919
5988062
1344951
5402612
4970411
742143
17471979
102488708
20562637
32359921
49368656
101842264
26568085
2372300468
138184181
3236280395
1716675482
626408085
2735275400
70809899
2548253220
2375658697
72993543
223940027
2811634453
2770652941
43451256
420462292
18828288
2472823418
39313314
169485963
147631887
21929304
315280292
558038712
454430831
300466172
76544277
549443777
108396347
366612188
380109168
3697335192
3542126066
1643762905
2856282434
2791204816
149913262
18089606
491461409
30694631
1117060148
727472528
334715818
19091173
1500129642
94953520
190804002
2444522904
40572559
139636675
30555146
29352083
30699383
1935675498
3248133962
115679415
16435389
3000137165
545808541
3229263121
26103632
19927676
3616401852
2767303416
2151876602
543689940
133844872
2796728558
613442906
2316243402
2320104610
365225968
382137061
3038801917
2677750604
3121801276
24436600
4054375653
216431630
65577676
32896052
1622898439
38804737
2218267860
24859536
851316548
35741196
2255893897
2177130499
985186471
430727193
15588657
147023972
433804134
955885435
359099321
114685387
199085031
61789291
16261638
372793762
97439700
2230355179
3252519077
569458183
97832363
109237155
1252806792
3805034117
3054317464
12601142
150546196
33495086
35120520
1345577827
2149083431
393145048
22736017
18704092
17915334
19028953
190074321
141944292
18961078
198302146
17216468
136161469
35482376
161966800
137260976
166747718
139869817
130068464
243287822
17936793
1855454736
80815716
278337152
3117261152
387181116
2361413834
3189086780
552005607
2218614180
2385357091
3758730674
3032104750
3091808182
3082904350
3153957432
2693137016
3260312202
324421084
2800148984
31891798
71165327
34508635
3908614094
3319850121
2715403902
3345886792
275849725
3506032043
2965242904
16292216
886882542
174953869
207323988
936437790
73896653
492354072
1666732418
247742607
31163959
287449965
43503158
240829435
2803093933
21936907
399317819
412875280
477359032
2342343421
48994824
478801086
14173770
630239351
630521377
346093712
101618342
63150988
82926705
273108619
166400724
491809548
67022418
236386762
317666448
322647652
254603281
473793450
62788003
510965238
244064980
89277003
592199046
337382775
329295828
738593587
780811099
132776804
174287966
127669757
443300587
519279958
597864422
1041745830
486738880
300904691
1451813400
104253180
713250313
1026536822
299371206
545289347
704491327
3053496317
3241476923
43139414
2466224414
245735008
4058474291
4169350941
344302515
50374439
133880286
95541499
182321465
57334707
170968294
52551600
22256645
37286984
30364057
23135992
137531592
1070104604
14511951
129044480
13049362
1336514875
813404702
48398960
15809249
20651285
34116154
1330457336
116632989
21982720
1665453012
955775689
147285546
20609518
1439370193
14824849
17141024
1093090866
284785604
20545055
240020164
33055971
478861031
19562228
80450975
18327944
16452705
24868811
292819455
135385495
19725644
107619534
54127953
450070954
165848062
15492359
145870212
281670717
1339835893
200583835
144534535
417915611
15983907
14173315
414415479
57158747
50393960
394590995
21119156
1180379185
2231967744
258488489
39922308
260855850
39681936
8161232
227262323
26493881
848997607
2861201327
306676025
2390483677
135019364
27935505
109619061
139162440
381874511
468336096
236718614
3105643244
3108351
470736087
125972132
289175484
28706024
245407764
61691554
91478624
70258048
2420022414
168358486
25073877
34761176
11348282
116006173
83504138
401092237
19154824
31187615
44171091
24541174
57497901
361468994
16248319
35767916
19713521
30268257
19478383
2993745619
33057154
3232987351
2345302117
2350116140
4199760134
40336414
398105585
21845492
57226715
900315912
463205843
3575550197
867316670
582670007
536636942
21035529
2191771632
1248559614
3119805971
2475062808
635053388
1076205240
1292449110
1435811695
2562756069
545526535
1583056988
60227694
129845242
43107473
137926053
147673432
157739670
19152523
85622561
143003573
160409096
140301920
158181899
163127997
63935504
172869388
189267711
237748795
269417668
85744450
273015224
187578997
34880062
267878117
279723176
58578066
278722294
288290469
228947637
25729768
289473772
329392395
168262818
333568805
357313748
278762007
152918553
278278471
2548647799
51712724
125787035
21167203
16107943
29546707
22204847
556271451
301123974
120841791
861011090
503942887
290549236
191863729
51230127
146283788
1588885236
398472670
69070401
2152336152
2243942966
1852934612
1624966214
339209582
83939699
1029938299
2447893392
61631282
2904027103
1869931598
2617631857
2963094038
1483073419
2888547820
377586015
1446665756
2986591024
305531924
1513119810
121646204
3010551666
3558401782
3168998478
76438828
111021320
147052206
41741908
138171439
142372996
105247686
32668334
42897828
94441858
24835152
1979471
221798347
165420773
109348834
48057643
218599700
191264536
182569949
223956157
222956427
36375424
232433366
176983447
243398248
102793591
191988536
228819442
174781347
30658342
200278259
354744108
1208868626
1342861195
382134372
25282099
114959802
80139295
28220303
247874292
15603688
250218068
16343608
33395640
130783545
314116375
66772701
332452342
145041477
44013805
358790162
69147093
200622908
270700594
26130423
288750896
58490048
378132396
337262814
383465813
354505525
167377748
48804519
199537110
375077400
407804539
314662792
409585379
24395545
124508885
24725032
43799447
242409972
74267358
368709971
722865421
41415537
103981161
1020962916
62418931
136640939
52757166
253892587
38701511
264011257
34104616
1423595928
1141329229
484006306
374239522
255657736
12199152
442881000
22720424
20120026
561542898
851942857
1216883648
169340255
1432034930
348185011
962898553
75382438
594181867
71379814
38518979
249343998
55676144
57549784
296568017
810929294
52436581
791935231
99340686
372573868
1046306994
305510662
541140135
857085025
1250984402
42865669
325247983
350660137
971392658
961638404
70457320
19882533
2329812264
117504135
24121698
2296236493
223354589
343169132
24733483
1452028860
42405220
17796441
488011724
521321191
517222594
372073904
222632459
190314303
430272385
1393453590
3086479381
296520276
30047168
308298468
188711116
3962264776
3962203337
4139459654
1231099225
198214895
17969090
2468764433
741958681
332036609
2281112444
84631434
14219877
33645850
43430484
41024430
23689478
26007726
66403013
75016467
66408053
10850192
66395780
15676492
98955572
6753242
89183429
212332850
192981351
309066576
317373303
102323621
349714440
1545994664
27650674
57016932
323319539
87984807
249090055
1542799166
84519195
2792167703
2389112898
29260880
22075696
17595745
35936474
328214532
54969017
16713771
591084334
37820309
19426551
23151437
50411743
416877695
179126369
20322929
2606806459
759251
236699098
17294956
731344339
545867378
42749025
79293791
27260086
29304837
473452977
529809126
237597796
1201505616
19923144
15933690
787484886
19529387
16656350
89828373
14794075
90420314
14532539
2999235056
1677283748
243266856
2288934151
15763416
27845396
22737112
134840341
211633599
1579379730
73910310
204149161
21447363
251170865
21919642
446708476
2715739032
246542637
268414482
19050461
40235392
174533632
278185890
240025822
807095
90086513
311434643
115485051
173457546
2913108164
23375688
814147214
30169055
355784391
44159806
22536055
30793542
40931019
30973
269957637
23617610
95023423
1554464630
16397030
55923746
56188803
1732377918
739509805
37758687
210839313
157140968
14920785
24192894
136165096
47787970
16303106
197225129
2311019996
419911021
22730876
34507480
66447837
20521159
473619428
2610374101
2280556108
2890130472
3518336592
3142566169
172137574
2321428598
29844055
2431056834
239237520
524624462
1041113744
58666964
3679849216
2337874352
2192006673
36231315
2499658146
540418183
152731003
1323262374
1476252494
628566074
480742050
526867452
599387089
45434088
2359066002
17398030
2490560130
243217268
2903089556
3102224432
567341777
1551051907
74420282
153972139
1242969666
55594930
304587968
36391088
389174835
205415788
26027940
23818581
27195114
79332579
33044875
37088016
25365536
288970833
15077013
589663816
15485441
132195627
299926319
72626786
2302744092
15694286
2733205262
1881759006
69351991
19055674
16849209
325629203
30769443
15846407
184136098
41304837
132249194
407329611
169686021
17092350
26656803
175114454
79377017
330510986
20924159
415157341
199976424
51524439
286209959
3315430119
303386929
24252117
122507905
64263295
37262774
354409136
363402632
368026549
97690357
41603992
165502321
2664055442
2810401531
55706281
258868912
22085112
43777248
15937025
44607937
15679641
143282576
185384617
4099667539
40493797
209513014
495481614
868258122
107319838
2332536546
395769789
3267446353
18501987
25959030
711085573
130540339
8824902
168826715
55377171
1091991739
17919972
209725175
354441246
16037707
370508872
15708260
384630357
85973698
2844777810
2153685524
262267814
295527473
15447337
89014429
4138049962
59794400
486955518
181572333
22515643
14629315
3092352016
183778535
420634644
1386134678
3300306559
3287178848
25481662
140994196
175862626
78699234
21342094
1011507404
215879168
140501826
50052125
778513982
47506071
189209572
357257513
162080002
361706809
1616254849
1205213804
26029917
27999516
188487937
54377224
256081206
43973435
267386720
388396056
142817096
37254695
180527414
292518531
19076619
140236277
350853215
319681306
167258040
81134107
393130034
441032630
1180489742
151906903
1220686393
373387882
38404568
50295776
202027473
237080230
1073994092
221142507
109096638
105201949
284744062
123375719
267345511
160081550
1129148760
48419374
145122238
26122946
51244977
107127688
117870090
315911886
903707544
64503958
23027185
291004164
63586621
853886324
84696056
390168571
29386334
56026338
40759684
24580952
917555706
1873856738
130954977
1552170823
40590739
80119094
131301182
53809763
25236571
23473875
524812387
62035048
559997495
180815695
180538947
212456046
1101026208
1060457144
796865185
226887759
312023667
1308680456
304620406
538506740
340145838
1217198726
327740673
880577953
89366334
185713046
989683638
36962897
24892090
14283992
631020323
1124058062
371615150
513456553
1286414371
217002087
148953905
963264620
20657163
208776790
65522706
1241937762
28265228
99021906
515002254
1280165533
579816332
420912766
208714572
50403442
18494593
65753711
278190996
19879313
72615693
352017493
497989500
221573745
126468036
44773659
170994532
24443584
362284562
468140779
15407765
1323626964
17175532
375511692
1268713298
147410088
284924103
202409095
1143331604
33521716
337533280
18159470
857424547
123398585
387428017
427589184
121540672
50797408
82683443
1260671862
746281543
231240013
790590678
52244066
1132132015
436888973
533394907
604545802
28283679
20913964
240725570
1150044169
88494715
480660531
1173456756
561184325
57213267
182662505
819685194
1222639789
126119256
41438769
271779570
90688507
479373967
336267350
880539378
67331814
17853760
24653883
369583954
552900435
1081311372
101278878
53991241
192368875
23504870
927897752
1092348144
269998188
65846366
319286949
35024272
244280379
471659043
126739061
36908916
20396889
36109270
226009011
172887151
1198215355
1177681592
23544596
1118211846
729860160
400176894
333786415
80449089
13036842
1216719368
355708717
1195370804
176307605
10671602
53775273
23544268
103009843
482393674
248540427
332538287
393795338
102384824
48712630
16302242
437231643
233383898
711277597
17323985
206495835
829500271
22735770
941243893
48289730
170868920
26443114
74887840
533408363
25476479
525986615
457284574
43633150
16073159
119836109
557129915
332626171
420065776
514973707
1136114221
148384632
339091377
186357408
347330730
304856319
168774914
552160193
709095240
40921016
1015279374
23804422
339370010
1110397009
38129438
395566241
262144971
17823569
38263858
331245983
51657004
904072075
299332331
811552812
14470236
20120623
462337762
619469518
620547018
370338998
181937266
950436157
462097215
43832110
43633246
15070269
493715452
48183103
229088635
17861062
609427394
550395234
58558116
847573952
41407575
436879669
716614290
955387801
813545328
186847270
17351972
38412267
278611242
40818782
1047540277
378009710
205120642
96483994
18112598
18540537
22241792
286323598
1012418210
203380221
85235264
115027361
955586480
1007140574
823745209
175161093
141896292
464417781
14355949
758341459
121890540
781613052
276776286
637262476
23828325
21002145
335705617
546560598
262269526
630641494
302946202
492405021
184146823
121952208
28061932
977498522
62992766
440591817
27389854
194465032
77100675
608770637
818878524
23151880
501477951
52827913
176630219
164068427
291877135
43290882
274053474
218729572
43392674
122555803
739417207
533501223
25033489
237794698
19684833
61322127
300653805
60529820
121207255
368583101
143522541
40256870
354462545
17542901
26895364
68151617
48247436
237070799
33031716
474573701
707750480
579624080
576145815
35204601
614510706
897596610
163666409
576899197
19074563
28217854
611259773
180471685
348209597
9957452
26226288
80937141
158178587
147340636
633820253
514912652
588417224
485710752
602550581
853895335
883241455
87087352
98579845
239095089
153489897
90566840
76510965
367304118
241631138
17507843
42912953
123129650
294177308
434617428
185449401
18610936
390219776
37946390
258951612
377683200
500355924
33282629
19942991
487637078
197239871
23484067
397235465
22232334
18348602
289635407
43132477
56495906
34758631
364760023
26257166
211276335
174721917
167488187
221440674
242402209
76075225
44221139
154639081
65316195
829407504
104664142
589094502
824580176
276114361
493552172
88497082
43258779
235068430
264301513
311210830
147076161
16713682
587534956
601619526
308520211
791057444
306098300
125137099
296550635
168385279
140936296
165640851
332031152
90758171
41614813
26705414
332611996
333574953
788671214
29627447
588542052
201108009
55134212
401556325
19285529
318882051
82640260
164129316
509414049
185319262
750238574
221521761
320871677
772355000
26957570
50099238
85183520
68577152
562381032
96311215
46029009
799815672
360040458
16714448
372850307
98241762
165521743
17220636
277404329
161920360
765331615
41756894
575741705
784203847
309332138
330368680
115198364
262793185
24994582
353410801
24817806
106631349
349777619
263882377
84162307
35551884
16435969
29898836
47715299
788197512
25508338
230407089
301661323
409514761
57982473
717552787
387132250
215148451
787554896
188581457
341647783
745760592
265104007
5520952
464832442
200183943
188399183
297749252
431347831
330937488
332859596
36240413
305370031
99008565
302736930
164958315
352185341
138221532
713231438
350764152
242386894
187311622
149911940
211756392
185415503
29206353
73436033
6480682
136831465
119925558
614205913
236633110
189082459
27346900
254098644
39463146
38311025
23561980
523287661
72821188
636671039
131951051
18274527
15914468
271174483
385213118
607757176
142909668
25011828
151300182
340533537
580460101
278289847
35133435
354051709
118779965
199775326
370255741
468487957
422849458
519749135
376533658
62236978
270526593
451079983
198751733
178230651
218470845
16471835
27526273
610908029
183345186
388993146
46966542
409681562
40088164
377512398
431921194
733751245
168323051
157385389
311563480
26593416
33058370
54504085
7517222
293891855
381664459
49873848
128087783
198722982
59190533
46010453
57217265
36744766
105884339
74178227
331191341
220866941
64961440
61286866
254195953
78021630
237590404
509144357
143697026
458638776
213187362
190363415
14668571
76702052
128176279
491497191
379841579
25652282
324057506
37559939
21705931
178690065
487925032
291798756
501628918
26090319
336102929
301991923
61355746
554957284
74001533
308110862
39311872
577706874
82625983
379962457
573166528
324573739
41040908
157868708
83899257
564192173
27079214
77651028
172603222
223711635
378541351
382831160
160349134
74744619
408791027
128665538
98820317
608893558
716570910
717571076
31299587
452653869
398914149
163584436
126112604
52536349
179249277
92635468
25946152
377795099
547135627
52875561
339176009
47443208
20792438
25027806
337790156
61061751
49134447
68624099
390724716
125218899
26805575
31343207
565652515
172599639
239011873
42625888
214471525
50595242
488925949
520167463
304323445
27782102
220869227
369692162
89092702
17354377
58012350
376995249
23083404
280785297
271125485
354054379
376794662
71449870
92180169
46690844
232010910
259078287
24932634
39623638
231777686
45646130
18272352
17850787
102176400
53143032
167083580
350500345
221575552
198624698
59702413
23155212
597656932
375231527
196318875
56295940
28859957
501181790
24476693
36287466
14646092
87006076
36429798
382898421
29724393
18661107
30071122
25772266
31206614
16108114
310438286
20851795
191853865
254626388
174539626
553391405
581519110
458089081
20556153
191898105
68308773
329936331
169059339
23935121
84051388
396988769
22377038
27054441
447600398
74167603
51628917
367808001
63370355
307187485
360927999
25995909
594135637
41770280
22002881
16971276
393849481
269505970
17811082
194747001
48557476
428333
465912743
18146357
210327017
130008639
17901282
69113924
340324914
18948541
295374835
104042809
29303686
105189748
93859206
41703046
143622649
227442014
454451991
131819834
522084373
581403404
396935517
253320772
296928777
12925
81238912
237057786
70874845
147691593
104034886
52211014
161734847
126403060
459249468
537211458
26902613
79589769
212553071
283749999
262463930
184162663
27513328
84494026
42949186
46444600
78881186
115983699
70725301
266233502
52529345
21951568
417375964
568492517
33293002
551092335
27603081
173746847
138628855
29800337
133321507
170155793
120943272
548935764
567968897
35887183
52492085
300677450
26923306
45348174
279436427
301111070
494878878
236132392
185469280
142499361
81758202
204832963
351750136
140968528
434165317
16396118
465735550
40484512
37290954
22429948
323688719
27160585
84642822
75136876
75004406
29357684
532601969
296926615
15290441
19263971
134260926
68450683
91885227
106958292
56198622
88969294
28157370
549079860
21700145
560859416
299129111
468512470
387343930
28101818
76793757
74320216
353421965
23547709
189186877
98763341
50495738
562641052
162746766
559641526
169331507
373129969
34078254
319478017
258109525
443210350
100786333
14622632
12000402
155035645
224431444
229250229
393180627
135269863
22609246
62429293
123706459
39595677
271255900
480744751
48755307
22185437
95121469
461417305
17293159
159777716
290908826
188342347
417244845
499149708
199230922
137119402
546386883
321593964
529405343
293497549
17073
371090678
299646656
439821535
278346028
234345597
545875238
204434568
318132646
261713321
155745148
182406540
21783154
276710666
58435580
27142531
257518915
95191457
196375488
106303231
159234456
541541418
430441932
541440380
288237055
439634316
462155643
313002007
23089228
61619762
27034964
119389922
90429643
56282488
212067814
64835974
376785757
255282367
186287179
220913174
440172131
468366174
206231793
495044167
38075629
413887459
174699516
369250489
110014510
243000301
141407505
18487503
36438686
462579991
189373452
387205169
385808120
89600703
128996831
303350296
284537038
14183433
323898374
326649697
322861233
189093415
220048611
27142515
87533454
252575667
46868950
87562494
322878872
417526048
450040226
196693094
254417704
149670585
38482140
278802953
360147551
234561223
35003231
404938996
515998828
26691890
35366976
90245718
146322653
22878498
58292381
463928141
242960383
28379089
95115126
19430748
502276012
323642464
298837362
64372203
25831357
323877019
498159227
201852134
18069748
156846320
18322639
46159966
166777272
23898963
287453721
110564839
164021991
17813231
302996079
106921770
20374912
36722004
116758417
42836070
90434439
94231277
161217148
24026186
50128071
61548468
142835497
122141342
44821645
40945238
353984519
457633752
97833392
181822575
122777554
237402185
26788841
15277084
246613400
502196138
262522239
490982935
95086942
310434477
66699013
29086080
103599364
274780681
310451259
270638389
95529595
32323769
178492778
442572141
89775272
88310381
31346892
172882258
392736453
281858935
69059617
473480821
490717958
499892615
210659021
399614856
85090986
244224146
419966826
498829949
483219764
413808675
139209360
252169664
291143907
486755462
490759648
229951891
224803235
33756839
72491966
326346376
124818358
90494633
15964377
109065990
22737026
486509569
256394120
367323808
406241796
153965725
115670261
73438486
443494377
27023228
383803218
93492604
145568641
170424259
32060034
277061315
131961864
103126796
112875647
271057157
89986844
20648067
122200939
96261086
44834326
89784397
53204083
25777362
284608523
299951322
162908946
281502609
239150842
143336381
99136330
39558363
80903258
890891
49101544
237800041
331768801
89800353
127998060
58589889
297487514
96304720
23918831
27024162
14456150
116045423
363491218
69710323
302266257
262264074
26449395
249858902
22002617
69147571
26038300
369487784
44411925
47670793
26181991
81245926
87524837
371291557
300551747
139381358
86748223
47746436
376538100
241734863
42516752
137489324
59283983
20649488
210874835
223976009
246670783
21963872
43700006
109443370
325947015
249401745
289256940
74418457
204004148
60170815
16082536
263820228
24406387
27184914
19779089
65548585
331531005
426851775
145417516
87900823
486703993
114255480
429531316
73302947
202642109
49569721
92611103
43454112
214362445
11905232
482225496
276323282
380360741
107326218
43439940
398891746
202467032
21047583
204582982
27571518
25786844
36068368
38927182
25401782
30155212
87885644
45342709
55298986
16863069
133153889
180926323
26199179
190533233
183655246
87281177
31810338
104585221
87530540
198688077
33894501
42404392
41636691
25650576
18005290
65325019
34160337
20948534
158129726
217333873
50523883
31133860
96821645
161449690
5054001
66519582
197457423
91186036
19613074
77745755
51095557
177019934
79312149
86149932
65261162
41838543
331211474
130385498
223421730
110340239
104375468
67747990
93091480
216551126
19505144
41062163
73043310
484512706
448240721
28157481
341256671
136436777
37020587
313800417
218974070
179826454
15672173
270538209
25626874
75846188
36499013
96225214
63366479
213406193
69210586
129309604
271218617
269916365
124011468
61832297
37567121
37957826
138862213
30790797
17918397
18846079
140845817
31674138
100444795
110273103
103908713
38615739
45513879
89052747
188459022
32684900
89301664
104418660
33961087
107265220
61496809
25336126
250362924
59923985
45015041
220846108
397610743
76208350
89174684
28486596
46139642
290566725
123688028
213985895
160460878
192367269
48166173
364420687
150950505
44527648
29182684
70963525
245056117
381322696
104569975
68086063
236973294
222484813
150517593
108258470
105251590
24622278
300577063
187680691
472468231
15857256
43334982
211028782
259987318
116986241
271034620
103725462
20030815
22203516
91384467
451429084
41404978
45179124
229597764
68578998
177663562
58390782
42296641
287955853
383515928
112915037
130922325
115682368
270051908
36726783
351140757
40938547
84431305
30044484
87522018
56752880
104636637
76731712
30195190
210957159
23611842
216108231
92866310
59188013
39257839
103081401
61235884
135045520
135032268
131902103
199864839
199895984
20833944
26757521
89593213
336105886
17754624
20527491
149675672
278920785
207635203
33621578
139848744
124357154
260259378
260251997
102923684
184066765
35471392
133964049
39440824
48490006
75724819
166217953
22293913
25943648
44376198
32264774
314120493
58461808
20260707
215450706
256573865
209283215
783214
38184358
135039839
361000796
20968681
85737849
25137522
41155400
292126827
14837202
212053748
161109262
25873686
151823386
30624660
96805389
74470348
264131016
19057478
24478317
243412087
131067783
250684648
94234458
228102197
345700630
39592087
19446336
433648339
426871764
57860732
42641290
43949747
97561323
83862703
40047464
301779034
360961685
20147466
19885655
194323408
168526812
71524278
88472887
311711967
42141919
53251561
37861603
40102504
87407293
33261208
87821613
52527735
84081840
399629455
41678635
46515126
125450506
62739893
22718617
121673987
27527929
256852106
35084039
20835765
229573338
62751371
138600717
40502070
132271664
40549967
35070005
56832016
116706779
21061448
66010028
22439879
74310449
475991892
53944299
23505903
14531680
22502456
17798832
102526576
36235676
43909332
29594816
87323439
51219116
23410721
44750567
37258486
113780259
21735888
33681643
42519612
80233893
76122124
5160091
37669499
161317418
17461978
88057127
22234483
36774538
15462161
66254327
134022550
193968620
28951400
105061307
43195160
24826150
30506859
21199284
153123969
40547190
16588580
21883149
168908838
250831586
323120520
456775719
80115922
55341605
40357460
52656110
20635016
87302683
27323020
90809127
20824583
22365249
32820118
85523334
212543140
37661197
121253189
68064142
100678782
46437179
31080011
46671731
357286380
8565392
22735050
18896006
14744731
109145036
13396
124285862
55307193
26959277
15150969
71749168
60695390
192128035
98000587
128776640
58683004
87569597
86729029
115093611
18699142
163358280
57988630
17764377
166714576
101842453
267782065
98917278
124857919
319360744
28460196
259568248
43453794
32498911
42843146
33696016
31439804
83248955
76196786
3297441
26867801
42683753
238253521
29325383
28807346
55991693
96142718
31028420
245841139
63387090
62999331
42172964
143116973
29616127
179105129
82645359
214558699
34900333
22745779
452637226
152846773
122575976
25267437
96287167
21271274
229822939
82614255
478941688
104899388
236722666
127573778
158193814
96788439
184974260
24141603
310691202
19699509
52791173
137447797
177479809
107169417
61185562
246388817
250763589
301751668
90057442
245488077
366264446
47864356
162009789
59102214
21552394
37852786
476219042
26089290
42182909
66561957
27816957
92464299
204688509
72195231
352158088
195508960
38973010
93365814
86263056
34370231
144984364
310463188
48041593
103922870
41090390
28115447
36768493
361980635
148590725
94418279
323034554
237824805
80270615
217008738
89556802
17733320
195728807
169063947
363857921
462347141
177345928
43971053
29459731
61576147
128112039
99570517
39547342
41447957
61379833
91137189
150811775
109059785
84427981
259379883
42803122
248514724
21596098
26624877
21931363
84447226
43736146
94922777
20500225
29226377
29600053
28709303
18488990
15170035
16553826
38423116
42989165
17930189
16228398
26106801
16934068
61099340
61322443
58936841
22091272
18360000
24741160
29940335
83782211
15123229
22850416
86633726
27207473
57690247
53807788
95458172
77055169
36822115
95683645
72895069
52181976
101890008
112512232
60211263
79517227
34891160
16905549
130987540
154782013
123350944
100915554
122806307
168873160
96433915
100415066
84260071
38454131
113546419
156132825
58044308
156256405
80380177
9338192
72089893
162651849
92434681
111162990
169758807
36962276
44991181
424321941
23981591
308532275
236263132
42463518
112917356
33740455
20886466
25542975
40709222
66544351
77341736
255536123
353596408
24136518
237536896
381803808
120868204
340535076
64003096
38889559
19999038
64197974
11990782
142921712
26673190
312391968
384452148
237038886
166630163
199376273
221219249
181399741
31632709
384485293
50932026
87711714
261920413
54436877
50386756
307599526
175850143
224836446
64736112
2557521
22940219
25521487
22832087
28547235
355288280
44483935
106788435
323859396
93828170
90521461
122793820
58139694
242162901
89534187
38369476
361512405
50005296
113191691
29322357
36542282
109408123
33976872
19451820
28273401
68080316
77383832
61964436
48931671
76075290
39776268
217107303
138749758
87274970
78120081
34370612
38957399
25938820
24061566
23119425
21671528
18255623
31256852
87559346
23559108
41634805
46166387
54856746
21242006
126191899
21586418
271293554
55351351
68321738
50920331
8349942
86099256
78408161
20629173
79327336
16000149
175442701
21246151
14189626
303665018
20495190
143888401
249728329
18208354
95500708
51726250
86085228
106170524
115121769
154216795
44755671
19798578
38974889
18732991
26667184
66899288
38147433
60694754
83951542
27676444
114558701
106322069
56518880
19298301
57516454
17828988
28188369
50539213
35631163
119477661
61283362
6446742
246225682
34705686
65468720
88064439
