4054311620
580071317
2773868449
2281068818
370699216
209708391
24538061
1656186277
28201743
510928143
526557632
52536879
243872846
250351626
17243213
309223199
2357929956
9695312
103352098
1678599378
14780915
137398695
1254935054
19063323
1231284696
1878739476
15178186
315440994
2188981151
14236207
17817297
1131564300
18938807
1160675580
18583294
18595493
930611610
19586483
33446306
13017862
300260970
59188533
125569468
794745925
1247362951
71955536
19737907
86029165
815002578
53375366
69041284
327635743
91887075
18092494
724585705
144579475
66764801
623609049
131811700
54233294
196183528
190290832
85538781
985500936
214775300
50929997
2958678308
1124630904
35485024
106710681
88856792
26565946
377991714
140880662
52360436
2992543369
20578408
79293791
482808822
37599685
184910040
2357574121
61409445
3169521738
31312972
81182809
33878144
11291192
251826832
408338751
41404244
943531106
84358766
56766228
42519612
38802447
88006631
15072233
1090032282
28706024
17696167
1555097636
3659176938
65356637
151469257
50963247
25170188
2744341483
17461978
21290871
133821192
16437955
52326195
611109758
67063527
595397469
98563580
45266183
193194851
26257166
53358433
1637928091
46347219
44601712
250831586
25365536
728385164
32468791
15719272
64620408
47301285
24606439
14230524
6480682
30278532
21254264
23151437
326359913
8161232
63485337
15131310
807095
91478624
17919972
15485441
21447363
16193578
136361303
109702885
30313925
43192807
586198217
36782022
28785486
16228398
29730065
939091
23083404
427475002
49061402
27260086
1434251
14159148
20710809
300392950
90420314
26589987
5162861
19927627
17629860
10671602
759251
624413
436266454
15846407
23544596
1367531
30973
14677919
19562228
24742040
213539531
132385468
101311381
56631494
32358675
