2977580734
4970411
14677919
18622869
2347049341
15235829
22278303
17837184
455024343
44957814
2909510120
2700128713
2868122690
1872028729
586542197
324354151
255121210
1387443397
989509974
30111925
1383272101
277253191
2578460468
2387103036
55023184
2309200284
53210455
52109551
26297505
2530402093
378948242
2365834208
85351560
240072525
107644537
3270681338
3750756136
1191757069
1666939494
3327461833
221954525
556499164
919491852
3242054164
558778447
2301737107
2906284574
2164576123
3367803118
3327925637
3255884268
806557249
1436317243
2907430027
18911592
1656378272
2906858308
1904282305
233364902
168003156
197901148
292511934
1526458003
346662271
1642481514
21751892
3227423035
9300262
72587317
1336966236
59162126
909333026
3239193431
3003992598
418111001
486698744
248714273
3006543122
25600261
3061931005
999710485
3055779590
3012192136
33505941
413238577
3131103557
74413398
2993466860
3167756435
2647648802
3157297858
81913015
18109832
29442313
60903033
52488565
14699879
928312772
443492997
2215514245
20536157
26659703
2191327340
2182800403
2244239083
373505387
137861723
581920339
14722676
17889970
714249878
245841182
2478893108
15224867
2283215900
20024038
2255031920
1339835893
1949964170
501356992
57403260
2820448525
2930499490
13171622
2936383662
18294275
805796311
2388746814
14071129
125282936
21461691
42867610
2934414524
76481951
292098928
158504581
916033742
13367172
229983550
116748080
2303579323
2302066520
30069215
2883923880
2343806633
2602656168
2839720966
1613354870
2886987147
2842105547
2795126191
25109793
14081780
14081640
2513657893
382779800
2778655734
1178392375
6794502
183684506
2180948588
2844796722
45629254
2646062702
237360275
2709720121
73730139
2801156270
19658936
16616061
18058609
14499829
28452658
2258327383
15368404
148477475
1594793552
1394929634
2729817999
2777407398
2706287130
2274926948
2800651872
19888856
1516849002
16879321
2469360031
50998548
583233410
118538756
52803520
25782642
576640454
13787352
312840253
321003525
19780664
16303106
700284386
2548443732
2329564650
2507595253
2454379838
32730041
2516743520
2526600037
50813782
1499013888
31582759
382348959
764200507
28631146
372415203
186175042
84113829
116878656
110418098
1675945922
338410868
111165821
62750890
92999953
39823988
61610186
2231695897
485736295
1878092551
2183454511
317770916
594945620
47671377
174917882
16727814
65179973
132754381
57406450
2167974169
14321021
17486898
2382843866
2326764433
2329827979
236284313
2368218084
2379640494
16879232
16648333
2365977751
1654703222
136322338
101812204
2357115264
2230485595
573660463
14620497
2303649393
268095121
92804586
2337077360
94920696
2272100184
26810542
17119957
2221490688
91233805
2265024577
1844813497
357882419
1741728128
956665170
727705687
132065357
563468080
1405644416
2318161
567663724
17238060
505511732
913257722
15536445
1330369243
61548337
559038011
350092875
51265080
142937982
17658949
2169778232
2285460217
16361665
633327312
74580436
391469589
227468395
17393790
117075045
2150071309
14079408
950640487
2191146247
251270082
17377977
1710766560
304239840
309580279
153818168
1058702358
91723023
21847851
25524787
17781673
19255955
14870662
25718274
51407841
25562183
12819112
357395039
322115382
755635255
360054369
1317510884
1848999408
783214
19397785
15693493
14293310
67324224
44777959
584491489
205847300
17194090
1769551
1019762347
86697288
43677186
316389142
58626494
124237063
44783853
106895787
15134240
53039176
208120290
41164651
65416742
23771696
399423279
945580903
229046403
17220934
44034613
862974992
85552831
1468238780
783869731
1586297473
1420679118
18625272
892537531
64767085
985166887
86479654
197962366
14116807
271461410
1352386519
959011326
36151797
1590571680
525772077
1327251428
369512165
475479213
1655720142
108200472
8161232
76366904
298150971
12908332
19725644
41073372
771206306
189118752
141947171
555130127
56488059
18723114
22623663
104573125
104515737
335209376
531892451
204725279
477653561
1186325870
621608533
213484763
59458901
135961649
24958115
382894242
978095532
76981521
28569174
37091157
76318546
283687745
39047949
21227559
103058488
869592337
1599683275
1606558712
1505609347
46472423
1571196342
1352122794
1569005756
1480030038
277649327
1258948741
1258857242
486959007
291764104
1001493727
59073563
200551494
180396181
449953489
499098285
250203312
163707771
304612719
19402238
18244332
63485178
59101726
32372834
168603650
178193641
22390718
388761105
52180980
15862891
70837868
55121491
306257551
245539106
496420541
204832963
14049120
39930469
67008915
16874638
14868280
21930466
969348054
22296472
852861
14428644
27895071
85290305
23487853
962681528
13783772
8453452
19380829
86626845
103022812
27922157
16892009
25928253
46759431
41866944
193365140
16348549
161801527
75069067
201537115
733211946
19177501
194644592
309261602
481773505
102094857
102754598
36275526
169146823
20551423
481730463
267920463
354474824
620110806
1345010064
568247551
244188918
139162440
245486402
614643069
68504803
46158711
16544437
23999515
538456752
104576097
16423109
154653297
584084364
20186316
44795874
37139981
20272531
15588657
119456029
879161563
412362576
1280486664
542090679
567874115
183736112
19556194
123831247
132932932
125272208
206314343
67828592
419516844
89976801
106666220
439241446
16381804
100059022
444289188
509040658
760004462
90514992
314330848
114834884
111372764
845338146
183892849
612579397
468989085
777269100
1317080310
930770904
1321193252
1261548282
489253076
273071925
60630907
622110368
767531863
23165647
17616890
92278630
813286
15566901
1080165228
54105558
16164520
395595801
111229374
587743188
226190161
300916697
17437735
54288928
1020322855
1089602629
119061808
309728693
872928564
369160268
8984292
113728763
106967102
133446327
557314735
93689522
475736429
33287401
48949710
44074594
7503452
268311172
58585166
168965698
25197593
408978109
385593756
383966754
41920879
21290240
170844921
65613996
399227354
389127416
110902651
348755808
363610183
108634005
448215020
441984177
156086860
22867771
594407871
381565227
393748520
612183744
424436941
594839418
635769313
283327436
268375402
384475664
632062987
98434292
79344520
715198105
16215213
300660005
282877606
313174205
617714146
476197637
531291518
14766615
804170209
798744884
351632620
785595552
39764957
168504027
809476728
260444501
33998155
893509700
358595431
14679405
210595024
503633271
76144577
817687298
211318951
318134850
823697700
513556615
172218036
266520777
995640361
19994585
235284937
310499437
1020294595
464787729
1019510833
20364626
632085958
565596273
17978074
1073452640
1068451082
296255978
563712354
1099441711
352352605
1062659930
46127740
1118356273
1136769840
817351153
282206148
176773068
501111971
173838836
1202027976
63188134
1096364346
250616058
312508385
1209978420
109485507
22168173
1264279393
417958285
68265507
47714847
16066655
414079503
737936540
1296119492
929247054
1288884343
972258588
1166764590
260221648
976045993
17526317
573610281
996040820
929603743
1114838252
1110300277
895991323
29212033
225797064
42613702
246823261
39598890
1075616174
14326245
234270825
218737890
866705131
17201883
885276565
1040324390
182036550
985545470
996352945
27159498
29546945
19472585
22957993
15723971
426909329
21982720
28096105
25203361
38531995
499199920
18170896
309757684
417378241
275548734
543586076
191859788
609220879
802332546
526911053
22924785
244181370
579535043
449380343
25639508
123932962
593993765
252630376
259359753
19573932
336116660
305958597
361051650
14735121
409515450
5019301
462092022
867196801
574811834
18434866
842338356
23986097
21910114
65025914
254036748
21711635
809399256
789523981
30667061
237845487
345811633
75641903
189328141
705106208
119428276
21343803
76743917
19387859
294114847
259895918
55364045
128884334
62586762
325163455
48074782
320935096
314935874
14345566
15329159
263754785
65339343
177330882
396747624
254719698
614611240
82972291
615468871
176418075
596738540
507639378
474606153
553503668
209732438
614643152
612800495
422779271
423726784
232199570
461555338
229369083
447155317
108854310
181082111
236832674
153153434
90464293
114466257
208813991
322679677
90463824
69330783
192602717
619276627
104586530
533172506
395081212
510803499
616706504
520083297
567645049
15147397
415266439
611312278
601448199
372254617
158414847
287988765
189751092
94210659
120291754
326375852
53074709
76812393
258860163
268386649
613015853
78925070
201284068
54417228
232272513
16131505
32309662
18596023
183249265
20032100
23522447
132940197
80899222
262775351
213297023
413454447
61371638
20285514
132237327
40896373
18108782
154603221
87017466
176550948
210821882
212259069
18459636
47723828
132873258
53957183
484069010
445430388
197705094
398898234
555914614
328406144
36849836
524026996
27359938
233336165
116229451
225921994
157012509
80336968
31196586
139046989
113490466
104538650
195093508
52417379
211645471
33276988
16743608
484934190
577334407
15199099
191250245
549205313
14404168
18635755
18343348
100113994
90452074
65648399
45003012
107195438
26015136
536230482
52717306
213311032
119494127
73456022
54647622
19549419
126030462
21344177
64531674
48373586
255845996
88914175
50393960
18997933
40744725
24711011
30910366
130281122
351527741
50685696
37796974
254422947
35303705
133039609
44126253
32519286
43422557
240339588
336091487
26303602
64779846
35961145
34017675
84108986
67629654
24713778
85656406
41157739
119204023
16422398
43269519
21771762
68707862
83919512
50024562
74309185
45569233
36354279
380143159
36998639
14528306
16150688
516578094
46383887
63275922
100364634
61505549
386256119
486455447
24223641
498320897
23423088
169988221
19232496
16788597
167532359
234154565
297068542
414091020
20815041
42947755
129845242
397912882
106770160
40271841
192906510
348177925
35494373
15966668
54275319
20609518
100859016
39697092
100864204
17486629
199596220
81361371
22700817
13784322
253043017
252522074
100864552
166684510
240906658
339593554
100864409
19724113
179971291
13786802
58877648
90520148
37237007
248365392
100863949
82001055
203414808
100858847
18676177
256950264
225064688
46192863
100865565
100864730
107472911
323106574
100858485
451679692
468748600
51937611
260193786
170185537
14062221
134422126
66025911
52950813
270550734
20811693
108488710
277616378
74307895
382668621
318701077
37236773
24908105
183279688
337255029
148463866
71073344
100865152
409734237
331890913
381103672
139225880
149180925
18621377
100857035
141693303
98976505
119853136
224282808
108483985
127875042
68679221
331103972
262310802
127573678
44039298
90420314
24447643
48110818
30492393
108528349
102749216
17825445
11274452
90915061
97489261
108956147
271184238
264393558
415158646
270508641
270506856
270507777
74971733
243695761
95026773
68447211
45418830
163943083
74682682
415593517
45352957
87796779
211344986
113481149
62256393
40724289
24976803
24671723
270990623
364577733
344799342
74597047
128456390
377995037
19674129
50088781
25105436
40096060
317662616
78191173
147984411
98724176
202037425
58047751
84364827
404830056
294783168
54935831
103052465
376295078
324663713
167142397
254156260
32135805
369916737
312437075
19192859
19076632
215054208
155324879
33462153
320231617
68000720
346272258
374511694
32509165
6266322
81020561
17744424
31529832
398886354
145769201
5666932
357674569
48055954
24471698
325938751
234764436
128319316
15322485
166176726
50693596
85601740
265705352
20739133
227012970
361453726
178118471
409494515
173834817
71515996
18993929
34010976
78097327
246944672
19982335
76198900
46177685
19070219
29259814
15587500
28425340
109011666
114776086
20901918
35251089
21343147
65063164
32660314
37409273
126691963
44853190
17195687
26090222
11343242
62354986
137147515
149985006
32980580
156668643
166631134
198554324
302726009
305942121
183765232
324400303
333363576
348642833
30062303
113376287
176398008
297734361
313620177
347937377
255685788
19816525
79851657
73138329
241632135
74473395
76029312
79852698
26266341
219510054
24547409
271053549
68251275
139134814
135232614
248873191
132337697
267331649
40085732
259543506
197514105
167331178
248440893
21587945
293389534
51178084
273016311
314926923
298097308
87253091
122963897
342013159
340729791
339472254
305953332
34500011
105244363
105247495
262835058
17542775
182513095
55057618
166042018
69326214
18875736
19504968
12513472
62581962
15492359
25734884
49141593
28966226
160908420
31474755
55458142
43478399
48219621
71762810
196796610
68940776
49280189
71917400
91848833
32663700
14614580
14609577
37700644
62997011
20170584
19078143
25377587
74096950
57400087
14609286
144906605
25611815
52969861
52755590
52579164
27103712
25549479
17731430
17723056
15571728
