304185486
1367531
6480682
17919972
14677919
759251
43192807
31080039
29730065
14230524
30278532
28785486
23544596
436266454
49061402
19927627
20710809
326359913
47459700
19562228
25365536
14159148
427475002
36782022
21447363
16193578
17308994
30973
939091
136361303
15131310
222953824
90420314
7744592
17629860
15485441
586198217
54730258
1434251
14075928
109702885
807095
3321520226
338173747
2265327894
120178497
2283304580
2281911146
145954319
2343706254
637313893
50393960
119509520
813286
27260086
