15164565
35773039
14677919
373416209
196117813
2789793253
3243333021
3079225703
323973289
153406657
579314677
151630766
35700321
1356062366
31173665
1967475978
1554042666
318590188
14387275
1356193718
31474483
1536791610
33300246
2174269755
24069453
374651825
14450739
65045121
212973087
500777004
186106340
106709630
388257514
250256717
2774525616
337886919
169473051
2934305381
539181353
2937787936
133198267
554016159
559313958
19562228
2896083934
2174518214
2887077099
300821251
2856603987
1003545182
1617440580
160952087
50310291
2280554462
204520358
18063173
286311652
77821953
427687855
557801745
430869546
27859139
20582958
198584761
789605024
281046179
26981013
1660468830
1573649600
2540537003
48654203
255198886
16042794
119384138
2490284182
19058681
5402612
252555782
261884137
27651211
69666615
441854978
28760714
1891931096
221356147
116465952
538021652
1673700452
1362554317
596440352
549155735
627673190
212560938
497822154
138419416
1330457336
889086978
1356165672
259925559
17336372
878668801
590370399
1453439102
24742040
23023236
14779324
1111563350
1249836458
353786025
50805818
204832963
51850460
90059455
1252334106
22151193
126002546
114007914
111136897
78026748
14291684
20579364
19906615
511402689
153784150
11348282
19230601
186154646
15217478
76900155
212780294
295705264
22146282
85630827
83814679
997539450
261887904
62617230
63420653
81816303
596549709
1018076599
942117494
19697415
238646973
329816616
989690426
52093371
583896776
964432980
429140135
117733067
802617506
30505158
946604030
574713842
113034662
626372660
95431527
11856042
27615237
22626790
53232829
456130959
113108098
255488333
329612697
46627286
63680662
247775851
116637869
471287735
354930465
18948541
25319534
353540521
87311611
134213941
762042518
68837355
61198592
77811568
475826738
32519189
140404054
20015311
595894438
275575393
87818409
204467806
136004952
293482180
709620571
501825960
190995402
92153553
25390350
33948932
63576239
186103851
48292668
29171695
79179874
16311809
539806613
74426673
38224899
19187116
22000429
19594736
19530527
175423559
336176092
340419937
47338443
102963544
209212054
32356101
32922034
104192882
32845471
8973062
17820947
8992282
60575311
8973142
161242354
17208934
191034278
56981755
20987043
75050370
50360725
141158796
264174614
399315982
365067268
36631599
32453930
499748402
627722243
38207868
19202984
339748999
119058067
387016923
234489024
558099991
108568373
549930965
453029950
38152783
96965000
140034669
55246492
317245257
191413848
35874273
563251184
10978342
18139461
219258966
263540387
56908710
457615353
205665364
239466707
184840015
110477807
222838978
238711426
471686104
42589640
14063612
399659940
69009066
18780435
98502799
52755452
22156865
164633666
226138661
96298873
21193261
224581395
300373649
20777097
325188374
256959080
155927976
216299334
15203904
245969135
331164869
97989749
264348057
212282111
428543117
327549892
339070455
254600134
195151908
23577405
15962096
237251725
184208420
20189202
63468836
47448276
162659729
80563890
139482399
26727655
18980276
74146095
27679489
202261677
348573435
35699428
140515657
15459066
160926944
19335378
44115106
74791999
14479046
213683515
141243580
15572196
97690357
347389846
131273096
299866248
113618684
112479899
308981378
10810102
75414115
22486912
321484893
273143419
128216887
38409533
301944420
44874400
3646911
20155652
1652541
2467791
5988062
86230406
32073913
261706937
227108199
31142751
135199551
255145435
145162330
283939362
19425514
210876287
267458300
212407634
102988335
253718507
106888006
263725567
219243547
118739566
17017636
167408971
39327331
20142549
250735488
15484198
238374789
15311104
83551400
81099298
215939782
18713254
51788852
19160164
221530900
188039706
27094614
19646552
94035162
813286
34329095
128713071
147940000
226742184
202262903
56324237
20479813
20098015
19291321
47373153
16024207
13838562
17753033
19982092
51714636
14123683
51009499
52369672
15439395
24447643
16735351
