2097571
14677919
37284007
376895269
2181132306
2361650234
109025212
16543775
131102007
2715029887
57100687
2308599278
71023061
332638587
2482636207
500704345
2325933050
970207298
11348282
1330457336
216776631
95649322
3286985232
18055737
1536791610
1339835893
62513246
502135911
436292177
1093090866
1338378404
5695632
2955596087
1068256782
3025967524
700308744
340467750
358609312
70454130
2330591796
1131040442
1865019560
2185538979
17522865
88599864
1242092718
320297405
394442878
724223456
19608297
58823749
1398113294
1754641
32359921
6385432
194706426
91478624
267435485
1263465577
47382727
282789898
373735362
1463638172
198671911
222229062
246144671
16085889
248383835
863376942
243933100
231605031
297714195
196434589
472631890
76873978
131752870
375506377
233619713
25764611
622194336
386788466
29826035
520852489
376822988
348257918
17844280
203338663
233990070
28006093
213419913
615833064
334150573
18915240
579583243
931342129
471438447
373619747
453500371
468869719
332478998
1127585852
484927137
206467688
176501095
926484319
323504466
926968362
931062906
931165225
486768058
571540900
31482792
972920312
990148898
69511883
282397419
1087446872
748382551
353393813
292059590
408968396
18064372
39696195
149590738
72553967
21837943
606478694
206435365
472532307
471750004
22643259
58316736
610026272
394105539
1031915438
289734110
481747684
431235286
741273439
350339841
874712876
333760357
17074714
21506437
251833080
930447318
412609955
291877038
303433783
39843432
211583222
848129353
28953631
565971327
388042042
344846938
119220914
545595809
366232135
16727749
252238212
779106720
409408536
120142067
87284779
22256645
574548455
24807616
178003639
35348026
238319766
41265813
1319921
756281234
411049249
234691869
246600258
40042367
329877981
213907262
372610269
261439772
432866662
25422900
216716212
344418088
6427882
39982053
14663955
383495218
561384323
33407716
263451932
309278602
602969486
385711921
279669821
349282379
237586504
243949344
30973
127245578
248373508
251496825
270577377
196374881
492399548
56845731
95048147
283096161
332605908
458590241
29886288
45900567
349540312
158414847
14094741
291399199
251737418
277450203
47553106
269176102
350655783
196830350
33254915
213455679
310346264
23482952
30008146
44835583
61898653
392333120
276769777
44215023
395323374
237579379
247089649
34738598
63796115
276620348
124818259
291545605
436411543
807095
390820579
389636990
352145373
266234664
435224487
39302767
482539248
88836132
31239408
270106571
509335531
90420314
15693493
286469701
14920785
34097876
404381106
60961677
27902825
53132223
466826033
500042487
372509509
78086225
517091266
384953260
461418185
66699013
460712595
393579924
350386414
386855197
563538129
3108351
58528137
19058681
19329393
278778939
3745781
16700766
355743494
36686415
30387852
205766455
111140309
25521487
271578026
79536438
175584991
15846407
15651878
334874366
243794463
200926820
365669913
28211427
15458833
66561957
21447363
6211972
79293791
184910040
23375688
17919972
19018401
14230524
26565946
428333
783214
472653655
