50766916
23560015
203162990
21904217
16440762
311205590
18173624
393852070
40516848
685513
14677919
823905
300544697
2196018073
15687962
20255162
22821175
156048040
25959300
2820225753
157985213
1541461
20044712
24687494
1688949846
250225570
3256912730
383312782
2592205519
5971922
63586621
14305711
125988399
2283361754
2484331177
236059999
100543245
14955722
28785486
14173315
15012486
1367531
51241574
14293310
1652541
742143
2467791
792302694
759251
807095
18990627
1513412088
186569980
12838532
26527812
7068302
8771022
17602348
16104602
427424201
24783848
16225445
15189463
47964412
5654712
18887735
552151606
16830572
24939832
73143907
9624742
16669075
18458068
66369181
115749048
15647676
2359926157
18858998
17629860
50292966
20177423
21769127
15220806
83936212
90416226
17338078
31511502
17780809
914742186
17050748
306304686
50004938
991131145
18148466
9545002
342782636
14498484
7663702
14790524
17028405
15032862
14957318
12811952
364831813
33592188
7313362
3140441
821175488
103866607
17074762
27078832
138373654
23947046
3585322634
40072837
53199889
102368606
14355899
15517788
22845344
2363732958
41932264
79747155
3308158938
3027090134
3524530216
274286438
44901046
84708371
2208132895
3028020069
17917326
15193461
1922861
193553334
531748420
7573792
284155407
16583846
3300505108
28431983
31939089
67383778
1606130287
2203246710
17451031
42915958
26599573
54299806
1057915274
170393291
810424
566633167
328049559
23133852
17882897
37743788
241108342
24272045
278621162
55621794
45018780
25397922
16259973
811359223
1969630836
2956576356
94602389
15444174
33187261
57824414
40245758
562832782
3241436540
6018802
2943792807
1239696828
23986856
15515919
17137891
63737212
303827856
89084561
101537650
2557707714
18906599
16043565
17196937
1957581674
204856343
78692364
44188896
539122237
14313332
416600546
46116615
469134133
80656590
10937622
22536055
130522705
257530985
14780915
140461929
72444851
49652155
17956296
2364787134
15291335
8979742
50252277
252197668
409346793
16492352
19643599
3240400475
179568369
21759987
5920532
2902435381
1001977016
3021749644
14172570
17494348
393023199
98942778
15169907
347839812
16735885
38441438
2260970581
38480601
96071944
87812719
18479513
65385312
91195372
72890443
791635
99745205
34176543
282710694
342772500
20683419
2688183595
140609446
15838969
219770065
71598040
222551540
1470627253
16877611
2774288462
1529566500
15651878
16637204
21347710
16381558
15162193
14846834
19790261
65716459
56795956
243742269
71091930
89746884
41037134
34355078
2923490403
2939010067
95215474
16573941
18888465
27687672
61600173
2869162777
222473974
2795110416
2285374225
15947380
19043424
23079560
26565370
54306634
87232977
146592524
555619139
2275158650
52556452
236316459
436104368
2359929061
20965247
177229228
19313816
2857278626
1799281831
351035614
227782695
489982808
20329965
1912134770
629871678
53413746
280818001
279699171
826121683
1963672550
308223042
422810592
1969233608
599628114
546825941
18027568
285749735
20793816
2931578106
2445752551
27694902
16211434
2906325126
2804069840
221836025
148446128
478450321
591363815
240712399
23480462
7542702
412637633
16197737
15771854
381662760
148478068
102826931
23118745
16174900
2802187441
39811068
23603092
1605935126
950245436
1093363844
149737332
1291019928
28109359
269809420
16282626
2784639220
1138342224
1916183498
11238462
355505025
25332489
539829864
1577891468
1694521772
2869948349
1378349492
569558290
216220189
57192777
33711990
68445786
272536764
16029273
56820483
18647765
460538660
15947602
551290354
6038642
90750610
1242357696
875695716
63043
494422173
596307567
52049661
29799341
326239999
372817561
25103000
27023063
41182951
705904579
87016821
74650193
26951196
40838211
1390025834
5518042
21849140
64334975
13687132
1192221344
2167028378
14264854
63268714
1217373696
15846407
599498817
69044944
567535118
189252968
2508443706
229148202
275174073
24759054
59742254
2826440989
17341436
146626180
431721243
166707531
29334444
19262500
2745522918
2814712543
22150977
2809647733
15725217
19653892
2530924860
2394806707
707804047
246996996
2800888117
515034648
15676578
32495700
2754842886
2752040035
2737889382
216719083
285823691
82938850
2696416752
2690985704
2690936280
14927800
2646213842
2646111955
354847710
2671946590
2603200190
2420788843
2254190767
2242890050
2234896260
2217348330
2190778885
2186587574
2175420866
2169110592
2168462036
2161733413
2158809566
2150664356
1954359438
1935440318
1911036432
1889777760
1886922474
1849529622
1834966123
1716648816
1708340870
1699974752
1689549128
1688523049
1687201795
1685386542
1683883909
1680994806
1660453680
1619094103
1585904814
1579257787
1555938883
1553591161
1546780968
1541267250
1536119744
1515522350
1501689026
1499282299
1496834682
1491962768
1490568271
1486167836
1468791811
1468442040
1457861774
1454308405
1454180496
1438954220
24959037
1412318004
183016276
159250404
93650677
19817294
14189475
1359535129
1355816204
1354988304
1354672398
94558801
1328386098
1305656448
1297209558
1295667734
1289394492
1289211714
14476292
1262918486
1249694586
1240660375
22175551
1230459552
1228357706
1201591122
1197641360
1195696093
1187770788
1175319595
1141525297
1113938108
249559179
1067049282
507888569
24549334
1073740855
1071472537
177249094
1052873778
288205018
216396233
264897818
262747253
205541866
308504965
1016754078
1007597251
993972252
993914898
993200827
14886149
984121202
14885860
429756468
27279258
487850388
27667693
36913032
17447988
16402507
24786329
115748758
14825399
29393264
919038133
917780137
14892220
15458197
25178152
242458715
898031562
893778480
878715362
39293968
195893284
14604911
290081566
32610345
21553660
20064449
15637008
68718961
105171466
292881484
105392990
837984889
168654308
311126160
31070610
435879169
594126813
128565636
34981507
193527077
257591674
238229403
109651157
39343367
163584559
55607413
27467807
97758754
13229902
14709352
360153647
248803090
217178464
393562570
495367608
27769457
138780231
16693491
383258072
37219422
55375564
319178111
23637063
178715392
117451893
14590477
291837807
197875412
38074095
549409741
186970008
234607079
123379249
15010678
245637723
339384098
342918434
2375481
312759594
210062954
397715749
318518392
301112153
343454456
56730516
14116807
183352448
16892754
95244639
616536743
619140615
16047198
401141369
563942703
611124996
606525525
539374761
537407730
534382198
27743648
15112070
34356038
78391198
29210161
58896265
157661496
384478371
552408114
19539207
323365666
369482900
216455279
615183230
544511785
422827588
355608903
16411289
109379321
107879781
15695579
386201315
22258070
18280042
22674239
7212562
65453104
309186698
121816075
152219250
394644336
118553927
262806068
180858434
200264419
80928773
211189788
17926598
7912472
45833435
534436931
552120872
63803435
24017018
62845144
235283301
24149681
14801813
86964620
283741184
165817219
533841689
290682530
437627160
18669151
163353760
589565202
16258633
24112646
83377691
146491026
429276975
422871800
81725200
386841915
322024752
410995395
538332613
478298465
150694275
33098495
139626898
515643009
67392303
14663955
386666463
85862008
66395780
384268456
193042922
287714993
44430149
59482886
298126315
365486019
280868109
31997610
307635149
354838642
379816952
27058415
392936848
82609272
281556196
151117020
246929082
29491855
28166836
26904552
33425958
22493872
21306049
48822877
165807088
32500691
44613115
180779476
36632111
204881628
35731793
115485051
14983499
50393960
17456140
10228272
3108351
5988062
33998183
14511951
19541156
14075928
30313925
6017542
18791763
5392522
50747187
14246001
61698439
15678093
16909907
145651803
318070584
37906603
362585620
450372964
92757716
242463099
16221237
146192007
311082930
457891696
16744509
19035761
428333
15390620
191004676
15201580
24189083
8170292
493221595
17998665
35535652
25535964
28394332
14437914
256323824
455304455
17174601
357048436
56531947
366237036
22053597
127725012
16142801
55621863
38736167
506054884
23712749
275368421
18218824
19169808
16723958
291194134
5402612
621523
42712551
28140646
14800270
16396588
15224867
57016390
211104618
385067366
112150907
204387576
457641702
278039216
290890785
174793500
329317068
18277647
117390862
30227507
17520078
34055084
59202859
29450962
15985960
19206654
20776497
18776942
16907474
305113586
142814039
16114093
22974854
16332802
19205956
20283059
67631479
247033019
255719070
168780835
19113374
18252775
255944294
376327986
94213060
95273012
44970004
14849284
298158534
38251461
139478204
287497601
20695188
436945009
49616032
34349891
117847329
21404093
239557481
321574462
20702470
206487352
235196204
182038232
272566480
342330158
33635267
26843564
143913804
18175442
44384307
66768584
26376018
59031230
305156182
190433694
23621827
191475879
425998918
12880222
6601272
211268657
240293295
102159200
309798935
253249624
55030162
138459439
171643751
262334573
17841740
78716886
44681022
352570175
38683121
110538332
312432659
187987879
301628975
66460911
38527998
199030948
121166620
35039244
59868932
16313045
37752080
16132485
15815453
17069288
1754641
16212685
19968659
69574145
140495335
417932033
21085906
23344193
164211577
19327697
133635856
194692209
23774737
254853842
19291257
333951578
11131042
19155011
23505231
274164493
31191706
246349348
252625054
21685726
176392258
56515908
26237249
105788427
92116069
238402668
19115715
39556868
106821763
136240920
15452671
24157103
74835604
460571236
169509610
89515137
349148338
26304325
485905288
369498036
58946293
280464808
141162438
35076736
131242802
186104851
41633113
268458377
14854462
303585771
252262067
217964240
29615998
135251514
26040764
117162181
86089883
41388512
165732352
362504960
314044524
18481779
23760524
41164505
274623526
238210639
22914905
288905732
472450180
342946965
98951065
20815112
21809431
34000620
44921709
17642330
18386918
8999792
10297842
182397757
317321626
366669402
112468256
20457036
191086584
14161703
416395953
113161120
159406787
505978268
40461926
385950874
228606143
21214393
21225157
208571880
418406393
342278373
47950478
466124654
