16645918
14677919
3687721995
63304316
3019974062
51837775
14849562
3949282402
18706257
852269288
17522755
14442455
41338584
110406890
240765221
2163374389
5306712
1263540390
14833643
72763332
150185852
2195671183
25829789
3427517943
2916305152
18644245
577406690
14393872
13212522
2988755057
6977272
241272963
44155565
456862468
246793375
234154852
116966175
2555273731
231504942
116568685
908631278
293
3057617662
15049407
817113
74584032
15932715
103075451
3070326495
2852223510
459949985
860222796
15906232
140699869
160863241
15330301
16175673
1619775452
1268770358
15381688
628237240
52536409
19294707
21999730
1925121408
297564170
8445682
19758072
29228919
2471158591
128608886
44142410
224079521
15679924
3573701
14112267
14964216
3191840573
12615
334921581
69151690
90488576
285428413
36155411
253023182
349378585
18824923
1016205157
14369768
65609714
2263625596
54291389
93963456
36252186
146365761
2202227762
13567692
14190948
16539459
35050151
269911034
78663
98588767
11125102
3065211439
14648818
1472526193
56831057
3058771
22106360
35617061
18139160
846891348
3374231
221460294
262050648
107586555
163802435
316593885
87017201
3064883759
1358240904
17425055
764365266
122053508
2398901665
3171832404
17937100
14678929
284162348
3121
19351707
15016604
98419948
15088129
190346305
15946976
326655274
16857255
331803536
15804774
14159138
391778893
2597498814
604990177
18048935
98206506
21584870
357908674
28394317
38478122
968881477
20254407
111193493
115494880
536965103
16156256
435236587
523804354
3038651095
377532372
438050389
19300480
24759374
293748355
9632312
201130645
14066472
3033204133
18318677
1543121
166486554
102241939
8815922
258032124
22717651
1481054280
650013
159822053
562566522
54478231
14594844
2999876456
20919626
47344254
2575305541
18263564
105747354
110625764
21311342
788835
18160154
2208027565
16705804
381629790
2978205952
35338657
242515927
47196257
488810967
1161711121
208346105
18037154
2887837801
152862026
8525402
21780251
395172492
26987425
23410776
20861943
17425484
2476127616
18574825
44742180
328782672
293310504
1891806212
397665362
398955330
1548590978
2351049438
2919960464
14858947
5773832
126226388
46957751
79393310
1526228120
130922325
30065770
15996661
14417563
48511236
107225267
6307572
1072027086
142998242
1383021229
17069513
3392411
1547722903
21970248
129793
344295386
8815562
2458781599
18995998
14807898
18713254
1841791
8526432
14258103
2570036744
4934171
709835222
1658816472
220145170
252571802
410939902
239987002
2282898774
45618045
18028431
201415696
12096202
303562492
233879935
1299912162
191346057
2833194265
2413531399
20263710
2319108198
2693681478
15300995
999470034
860473998
399057812
1456122079
774757
25858695
12831
7206422
811087
290900886
5875682
19658826
2550693024
44776990
49820803
15583376
234362929
249235406
110075039
15363432
580240697
52276894
807360
68263746
117918755
267347530
15788641
14837835
14603342
697453
2259160776
14268006
246282403
53151247
178065935
55097622
8037402
17772540
18210168
14155907
808132867
604940737
39238416
316389142
15618688
18476766
14197644
40129434
1470770234
169272396
804379393
66533920
441546611
14090948
15816595
534675241
45573701
356447127
617421398
55080227
2517988075
224379103
1562518867
17712257
162436508
440519278
733383
682473
14110075
2609660898
17062849
20963651
14048901
12819682
593900537
376825877
18983429
9160152
2296675008
528933485
40283581
1471542956
209814743
2612261960
1628085056
74795958
237921924
16811829
365603329
93999953
201568456
47694347
143003085
316154811
15326961
14064577
89447929
2334136548
24500377
17173207
2562491874
301445534
223065878
472119021
9670142
516912335
15141042
50684256
23016237
214120461
428058083
2532817476
1967601206
5264791
385663302
14367669
255617445
15649735
80703
57113066
437698597
7233852
2470692012
15670611
2500061640
2532751952
49563282
15473413
624554778
264403018
3639301
26853
2208943201
77960021
24773177
2257902516
1265412830
1159442503
2439889542
13826102
14380900
599669340
263539147
510659981
8627682
264481774
1706415042
16031975
18593319
25472251
169601129
18210643
28325059
673953
1372594171
1668444913
13066642
17194060
28616014
2381468161
870777510
72926491
2317351705
20605481
4255361
63858347
7856512
1093623200
91033895
19465262
56385427
22537794
15120464
219205278
2160019124
537567953
26303602
349963
233483538
15690151
19678509
14111858
7339982
14166714
56309136
15950682
20094105
10179552
202545124
22790881
188768528
1666038950
138128898
15292813
47797211
38214152
14094468
5567392
15914986
237548529
815520878
86424236
255630558
2329066872
2253821635
1316390684
26567591
1152279248
101078954
952740715
422
249547283
27698202
17790274
463534985
842692290
954179018
454036436
123093566
1744031
87473131
340613443
33235771
1946972814
38413836
15763959
106023134
316869223
19190011
10768282
749963
38975663
80422885
112806109
33662892
214249878
19084455
26313
17800533
21995408
239859719
381289719
1400188922
50149303
116069021
41073372
921245191
14261952
374268208
175091719
4519121
6745922
30345764
199718134
17567533
108370814
20951512
1663327039
1263967268
301931359
49853
21064956
10257182
13334762
15527007
529058152
1707676501
397689316
25734277
20873155
743222730
42305900
17142930
1424269446
13837292
1665823832
18710668
573415146
35671433
47668624
531971062
33099864
14924745
374280533
15234814
17975700
116994659
1624190701
634829155
90242391
364206490
609046167
83876527
14344469
2206131
26970530
15665166
1311137856
14313727
15952856
87061504
7894852
15926485
6031
15782607
24358412
47863526
3566151
5773482
248507370
13035
319349245
54730258
246780780
14669471
8548612
38244604
15709706
862224750
8657052
15125585
815031
34201499
926653975
552358536
14931637
17347065
1719311
221146875
318125560
229288992
262914828
34378922
143958468
3508711
450604546
14706388
123993155
425553421
23678022
1337271
602101653
43412697
24789175
121489431
22953319
20609518
66432490
167499429
15694863
6601862
81132251
17375057
57371662
381748153
19734656
4099171
180463340
1122192223
838673862
1286312880
424461011
8412262
601317546
22762177
281138384
23763
177334079
386170457
23549430
28596709
635013792
388574483
567067021
21329739
23009949
16665197
55020213
2360761
6257282
105961394
16891384
9891642
844463227
625056526
278523798
557323827
107190796
87795485
812185596
19649358
159904799
158832315
16399949
16244449
1183041
103130238
46213956
845743333
36553142
179536948
14287094
82178070
15096652
8285392
6774892
14436943
13895242
15685575
41456770
77404080
18199228
137425333
133064711
465742594
714565267
724186104
7597362
133725333
41712825
24242585
398195463
14188985
34743251
44196397
807688986
4578
658643
16877374
65774480
516875194
148481460
123273554
413327797
28196433
313258478
472867113
105571819
47455893
14046504
17158189
14274132
2384071
74543
16356322
792853934
552321387
15322216
36886619
88723039
16266129
373416209
12514
107544554
517877400
138034438
14953240
722354048
164181335
48132847
432891490
14066024
15978412
15248437
250525683
91333167
13682312
169213944
555681182
247501033
64482503
14209229
809512
7015112
13378422
15431118
7152642
87775005
14550396
88031480
172612269
26858764
326255267
39407892
44857049
14951588
34556109
477434412
586277623
23192201
13917232
326983777
33805522
170254080
563200400
19001036
33157627
573832324
321003525
321504370
384644732
557925141
259397068
327337127
15170912
29237870
14772910
91457003
9033762
8005492
15143478
21786618
526316060
196876692
20014851
19315920
366001503
17599371
14636374
480756007
180055456
14348594
380527852
17086475
16444412
23818581
10295842
19519071
18766459
75142909
37858884
17174089
15194242
25375836
479775174
16176754
72831048
9479872
135897307
4207961
18179596
15441965
858051
6480682
79923701
203132018
38059253
44282335
14351053
16906137
15473574
33276161
61681958
778057
17375281
260959284
429227921
24223867
112588576
18589146
191970110
221835676
239489758
10506362
296004682
227750827
163907919
70782362
18655567
16944165
27530178
15554922
16510537
9989362
18957805
29979814
410238062
353789193
14939981
799616
141834186
15087011
14275562
208361818
885361
148529707
53789862
40912473
42977712
29442313
28548626
192589318
30508215
14378113
396238794
810583
39879948
106433398
9207632
12
1008591
14439168
223978695
30035888
272785160
284694378
38562109
14621918
31812497
47387749
14277600
18587457
69193833
87075439
15458181
18053134
14475268
211031794
15232432
21046936
186238902
1140451
2730471
14789629
19530289
153082453
30837289
209369652
41287144
61249886
19605981
16469809
6981492
114452371
263292498
47356018
15486485
22737278
23745072
16129652
84388888
117848769
18393773
223991299
285731376
5380022
14370819
48428463
16142493
1465481
168699669
19394186
14561327
28049003
122581663
49753110
17042799
105057976
274667893
60983046
66666549
5150121
15846527
174770559
16063910
2729061
22282564
48960692
234270825
12917402
14778898
5796972
257310218
257094713
1705871
36743910
7864222
35857989
116856530
42746209
8920302
124516775
38271276
201415149
5637652
22193651
17171111
55355654
16935292
14606079
25558444
16122373
17732153
102226868
242676841
23365626
17462723
11388132
13862172
16012854
15985111
91935208
234269020
4922951
17813218
16017753
18204855
17540857
20778387
16721886
22604013
11435642
820585
158426909
18230864
125371355
19368361
18856867
136293558
7794142
15691197
172894272
82788404
19279990
20015511
142818316
60400996
93012359
43259610
7592
51259915
14749606
6540712
51085686
169911659
80700514
17530305
16437867
16219226
8208852
16742806
16589206
13018172
83869694
18741370
23544596
20972371
7450992
15962096
88749392
1949861
16389360
186335508
66263785
187371887
106854022
17372569
189376144
114487592
127958577
12994322
146899007
175624200
767909
2365671
15077794
153467149
132430765
14248315
6297852
139162440
14188172
34528094
145753059
142430279
82747175
19725644
16035852
112548462
13919072
44549462
122255513
20425155
6208072
11107172
16188256
1260231
10027222
15948654
150
114907034
27696762
15439395
21634627
11814082
16536215
16956955
926981
18622869
886331
733813
2529971
108168713
19138241
21810002
28697202
2630121
56769616
18170944
30017964
17174309
19044178
48847011
58123106
24943780
18744957
34522736
90994119
83883736
40381496
23839835
16017475
79797834
7064802
641433
12101862
19697415
41017380
15398764
752133
15948610
16317059
21779416
17006157
15184804
75209240
57900958
67260054
14834340
22712226
29330966
16076032
14455321
16933278
62581962
67674891
14307648
17853760
30077969
59888030
18077270
47433304
30318395
27297597
50802620
18818296
31346673
15907412
48474796
22177168
8236062
42749557
18379724
1581511
15780750
14924965
40959360
639643
38539630
38263896
23235056
41157343
14885927
15791451
39142597
17179368
30313925
35233
35818824
756475
35076918
15864713
14127387
19409938
34495219
22997907
26050585
28923126
30171788
23954775
23231179
15642029
30293631
30909235
15529287
22589679
17162653
14223829
16303106
25599803
15815684
17427504
27046692
14740219
2735631
11348722
25085215
22431813
21054991
1592731
18044341
23539124
19002481
16657011
22076041
16240267
20187443
41713
16113089
13448172
633
16476000
20569166
774838
15585752
4816
19775516
5443282
14409028
15359280
19137281
19403961
113963
8860712
16727535
18713
6141832
14070567
16266780
16129920
11640472
17217087
16916896
16829215
17142956
626183
17200017
14719743
15903781
16285834
15446531
6451032
14936776
810561
7288362
939091
14173084
15082089
16455716
16337457
16045004
16229878
4549621
15899090
15234407
11348282
14578884
14937441
2212361
13461
12859452
6124352
15418895
15300187
15249156
14693823
14580197
14572927
14368074
14361698
14306302
14296789
14094741
14075928
13421162
13271332
10803212
9720292
9636632
8859962
8838012
8659322
8415182
8315362
7633052
1964461
1598411
1235521
930061
813286
801607
761975
749863
75913
783214
36823
11113
5307
8006532
8051142
