62513246
1536791610
261228758
1367531
14677919
91478624
14511951
742143
66369181
9624742
30313925
22179997
21258337
20012204
22650211
70180285
20710809
248409578
3653553497
24248663
1927344504
86330674
3531334576
130122646
243905905
46452468
124335068
57097104
20015311
27457788
418782370
23613479
157140968
236699098
354256296
1877831
15754281
2916305152
28221296
2525848868
3224371614
1320206900
58806510
194569649
3248968609
437231715
583068630
101788047
967034900
126806209
345401054
118794954
17424053
58813551
1345547053
2163942078
2802174090
18220767
288372417
947957610
1495120374
540230655
239938002
189628123
3174317410
3169785371
161842201
315377387
192378571
151635175
3302962535
172638935
415683367
1372212427
274087824
15324722
474775032
73134924
825623377
101839426
339786199
3063048622
185658756
70246837
714334891
127518805
619491713
2964856233
2285611350
412369489
281048706
17416571
300390462
301610238
939367022
1439187697
2280993104
1396503505
2844717343
244385361
1196822845
16573941
52813110
21148293
122771333
36320709
21439049
371531338
2978057428
207138024
293117914
23006794
163978358
417069180
314111713
2940246446
18363586
164803945
146148658
36118416
146490400
454132312
245795318
145741832
199334022
27064354
16228699
286977919
2710521499
1339835893
1330457336
1500529508
140699869
2800251411
2792224443
64839766
2897441
2312217600
2642547848
82106031
17308994
54330182
54548089
1198646564
26971967
23517374
595881334
546139160
17137891
22990521
27898122
546143428
49718202
18912121
143860873
228186739
197297442
87368357
18847632
175437503
42753508
261022029
64477046
295219710
110365072
107544554
33930558
281874041
24776620
409369432
91390383
118794370
323285390
161792834
248760009
26037739
434130489
72644483
63369209
223838707
813286
140154898
7744592
52070270
20109973
2557521
607289206
1003023973
340973041
2317351705
316389142
366102676
28785486
97739866
15012486
14173315
132707319
743593404
527940086
1881177722
215996236
304526698
28641033
216444984
127968593
2285622972
345053613
277961079
219386391
259612451
381318163
2321240208
116519220
139615680
1855467800
472623389
582916398
108480049
7424642
10012122
27706753
94687040
20598058
39668965
18997715
16310534
38696332
19308735
18775850
15842160
224223563
22894572
211391078
613508372
287377727
251465456
457679849
2165490279
264968785
436266454
34140316
130649891
34395888
26757599
372575989
173988421
60649803
27025414
586198217
203026347
90774609
33612911
47459700
68399194
44084633
60659498
707154481
904916509
21017888
259379883
807095
25516302
135368352
244074403
30704824
158128894
218626985
250083579
402446977
197034645
209780362
37019708
2425151
7178432
177882217
731223740
74594552
249527815
16249628
34932439
473469791
142295586
140070953
43152482
50826280
91488267
17602896
412742900
17220934
80869674
138510935
23605048
100329236
8225692
285332860
37717733
155549968
140960194
24996837
884556398
525264466
2883841
23690344
20609518
200163448
180505807
19329393
241747585
102278356
853411141
19777398
15112070
254274083
2367911
21447363
31927467
29334444
306570355
188983501
78411917
63296944
43192807
15220473
200318462
173998684
75974281
168796956
197505381
17813899
18036441
35094637
42703075
71349174
39837477
138525090
34918353
546128934
14353392
43088077
500704345
783214
24919888
75662577
271566688
772758278
283352158
559344345
126634500
425584009
289076761
317262774
69482101
14524152
41689267
81921867
15803225
17997789
52809406
67418441
588584236
76256268
531502606
23998793
789856765
275825580
19697415
15492359
11348282
763093645
381680886
229192377
5402612
15970050
252604182
26565946
41229669
34675746
581955882
410208673
433438548
91610363
256747696
186471345
201162979
85788068
62988756
872374136
210938747
373101137
16409683
21111883
413487212
20565284
109118967
472360546
44634497
131310357
969306631
583533591
211587847
114894699
2884771
115485051
21694413
43254421
119758810
44409004
18812301
28058878
10228272
33514869
90558638
278549947
214206926
17365848
85603854
624413
264800777
135403272
37338814
185314895
26585095
118857505
21414413
153686381
588348887
14894721
168530002
97513349
51084025
5520952
21681809
115516167
197182998
174526279
95217117
170207676
17446621
16331010
14085040
28140646
3108351
11039532
198873627
71026122
219059921
22536055
202782532
12416472
33884545
141364423
8081882
15272009
216299334
9245812
56039780
84657042
157277134
14333756
72378139
26637156
75697633
19058681
759251
18170896
123681659
111416958
15224867
15588657
47498127
15336827
2097571
24019308
19877186
40255499
50007428
55375469
18863815
972651
19397785
20641995
18628984
15666738
14493713
18462653
26250338
46186400
37734489
43197754
52852315
25589776
15485441
15846407
20536157
16190898
14293310
428333
22565066
30973
16423109
14575107
6017542
