14159148
567523972
365939318
226320142
14677919
30313925
27457788
219743677
93702190
22978903
15863393
813286
186168577
21854543
500704345
149180925
14062180
250884927
134846593
16129920
13783772
22945685
124003770
512700138
17393196
913279892
8011072
33235204
235162876
240385346
331017504
132948409
6199412
13483762
18165661
55338739
15854730
286303032
101964362
135316691
236493099
12811862
17069288
12011422
26221870
451530773
17469289
28976901
25962325
235971053
16477771
109669677
17162311
82404658
17856624
93990797
21421703
108796474
19730865
41227280
28902856
413067859
21148293
31641658
20105324
384920113
454499544
17559706
14128938
16639469
23615682
25340242
159065451
14141095
15846407
25203361
345928003
36169080
14606079
2467791
28785486
1367531
15012486
5402612
807095
428333
36204244
224622515
29927980
90420314
22799750
15808765
20245775
33514869
20109973
23982550
488061573
311062620
7744592
51241574
6576492
5392522
13395932
106788901
25173829
15224867
14511951
19397785
14230524
36688117
324005557
11915822
