2537973982
281123406
14677919
18725815
2884771
1201698912
25220410
563819203
11791512
579866102
19643656
50986517
236377127
2870653293
14885549
3932082556
94513786
7905122
74991835
226711215
5988062
3190960625
393595209
17895604
274991683
170693534
20937304
256444687
49873268
90956647
20731664
78723806
27172744
14807154
234311849
17460256
8841372
248803488
118022756
2481683161
1140280051
20873069
2978345031
50109015
14385329
330404048
2775735621
21348913
1670927264
24251491
44039298
18704659
2916305152
1560981402
24020447
252030584
90021519
43289545
497638198
16076032
2329066872
568523404
3646229961
17790667
103309339
2343829638
3310683413
16305370
233344316
1209941
2970833694
887833585
1733884542
16361000
112481670
27711685
81480697
44381332
3302766833
2932891568
256131756
337327788
130796662
19328543
20939312
151803656
3000996340
228702003
105870763
28838048
3179977818
1137227065
622123
43764370
15306235
55117855
323239572
3303293865
228394877
881865498
17536614
30906766
394416044
263928436
42891713
281046179
88616133
373342438
121849647
402980453
179569408
964276754
3153759771
16935734
2444266784
29077513
1261726454
210208506
2330303124
441949849
586671909
15028398
20982910
1366981790
14669471
4816
20788631
2242054640
891794228
20244875
337753465
251496825
211318361
216618670
187179778
92568214
62325392
477939962
41607294
14613723
413255733
314460089
95482877
137988044
254951091
314531152
28898570
544393294
432699057
21383965
54369972
484197914
108641835
50746928
268478664
321962760
74138037
58584659
2842634818
96093115
842375348
522327024
44625690
794435480
23578176
629364710
275924253
132774626
2838394994
139359186
508648804
123979525
337953446
2555631012
270385241
880970864
105231326
19023112
2776764829
69231187
17137628
71653572
2710715024
820527488
390287262
147849987
1546887205
297640890
18091925
34780554
1598829607
185838141
14342565
89494940
10933632
29691463
20530083
480880913
240339489
212386902
1189889046
33315010
91897726
467716027
66618379
2592749814
885433190
39542268
2353740140
428464810
281766200
68645370
84538631
18760904
594614995
250832913
6480682
2510931516
47624589
562381032
121626258
31312972
1375895540
82419536
2281598528
1653466142
89898430
124818259
23027237
15414968
2200338626
113560280
21526685
20762687
74669397
47786101
65045121
544445053
2423478840
1609383102
18809430
291007759
104249727
355307031
913517749
2208660609
67451042
2375956932
268414482
45607170
512445695
2192696442
390361521
20609518
500704345
637224629
634130355
765007610
59949396
527526077
381919062
288574927
14996376
23397027
2264521822
31173665
391037985
452455956
2157394609
91408245
266336410
17017636
45622540
386056280
84279963
1914169076
1660468830
14700316
22084427
1568406775
1726874155
152693221
242686458
21793630
176566242
586824979
467797863
600200615
129898046
204449828
785471108
49636886
1613093582
358386170
72423061
14159148
1586830105
58232451
927615350
290693992
89486038
149061291
19589086
44347516
21665313
165552004
1455823938
139816947
44390201
19625711
18720595
39596022
1033602654
1339835893
1507797152
887464646
436292177
633349213
20605259
49585215
55529067
212662112
852803870
1379786864
361262738
322223270
251540422
502135911
549563997
624070423
797927300
1397997962
742633471
16303106
392330470
1395643046
507600158
36735810
1129420130
566737450
239585441
242507834
83819864
33475651
435414831
180294522
58901718
1391451
104937383
153430304
246397156
150246405
270599953
222621506
52854748
96646421
38013204
19742143
1094922224
28644174
40053168
17844280
113276240
18974089
166747718
20155652
255388236
206651356
255747911
142157505
1299037050
40387329
16493191
291060137
500042487
633588967
116686965
245320407
5402612
37724389
999792337
1228349546
45851819
490318984
87232174
212425241
82097756
178797712
835154126
19588385
333615851
70150694
45921903
16681111
50490454
124863907
272611854
18475847
18645842
441854978
24815314
38948676
475417089
178397085
522349867
22903962
248801188
93654953
229230333
1023072078
16153562
96712638
25084660
826762334
540225716
105515634
15995155
1022361457
27825390
20281026
61592079
181350535
630264208
68151046
160912170
200272521
68418681
20282120
225769446
618513452
38407110
39325505
232804636
204783962
115512512
409283525
551919775
727368288
868644763
204569891
314901898
51447776
76017793
531493316
848954095
20592173
31080039
6997622
33199224
120223640
221486800
81362398
17350250
229961414
192266559
28814450
552889949
22560570
56927066
580819568
700374013
398893153
62513246
426012763
361847734
128317942
140531481
55554328
718762628
730695595
498373704
20504013
30219348
497391647
35750871
142811787
14702533
305175578
169877660
19536861
293134047
28062164
19879313
713229877
413569543
19725644
108105280
15485441
275306750
183599827
22080646
404938732
53413571
626822674
183387449
619029458
113703601
361965946
391434667
460160688
22151193
23464695
15936845
604216947
35995728
410999378
404384551
550514014
198830228
361463924
113514650
585912123
504351474
341431366
22792475
52087269
135567885
441086366
21506437
560651918
384953260
381023844
259399482
309016948
42970557
14089195
523600365
287754382
14075928
146246203
32413139
436182619
15931415
37210021
76997832
477978131
424885801
259225127
153821487
21813366
639643
296048007
76683610
479827554
479841522
39041663
18887526
14166096
469399075
38497278
23519852
29123186
105119490
43285514
406383432
462276764
421442285
225190109
265826890
166739404
217092575
14275129
21356261
410190605
19063323
260630881
321970500
40047489
21114159
29044572
19226938
417175149
19778310
130456459
247799741
407873961
54187575
292976292
15002620
397229345
313620565
60144618
232364368
380426944
377535569
163398647
87721279
21684129
34718568
264849310
284697184
292922583
23426571
66561957
55920122
12866742
140118545
235154079
191398501
214750472
18009781
181561712
187371887
160992421
169686021
21982663
24807616
7076492
17336417
44874400
19394186
14100010
14222518
46692453
98987621
19551069
24190981
18055737
22941324
62581962
66134284
21208210
15800028
20054249
19637934
20908109
16510838
21674080
15515919
14202104
52866860
17919972
15439395
20054788
24599923
34988284
