218263535
1704926844
2490232848
78926478
236970587
2846899193
1886606179
42229590
27905488
181505872
628095080
2748783476
877666716
3867438027
1433427858
170513866
3285771902
514019757
368231469
3284474504
1273983056
2520643068
226978448
401365604
3272316974
2219403546
459936650
410790929
91396258
126403316
19233279
2790449998
18029139
377825859
2297197093
3243332767
15723732
382423706
2350068586
377169074
88713990
14408366
3070743581
54200165
486169290
16581604
148439604
2418267931
578026783
1945435921
1223158088
46133318
241291689
703866809
1467332090
3101068391
1969180682
64288197
2974675414
27195114
104444264
56938863
2159908739
495030068
1330156333
1578738596
127750483
3292466842
274601311
3256447079
2838837231
822009380
3095260325
70206087
17429663
16715398
2418290249
402463382
128985668
494456296
98586663
3542972841
2557521
144876529
872929554
395528866
270453961
21447363
3997221202
25800155
3044529672
386893124
36726350
2385766273
437709186
3655030101
226764701
2409511567
18637710
3843259000
2194662172
238304685
2988408447
14494598
308301292
157472033
15140295
55338739
191655414
949921830
25521487
26257166
1523031266
158706147
29216673
36390011
72650262
37836873
24201088
26402657
232600858
43425975
28638622
29133821
3157959015
172912501
23385306
1420976557
1093437043
259836354
878640506
1138194834
1591687903
580223886
810424
2556206134
3407611054
14677919
2200447147
937184156
188598591
390839199
1589337710
124221160
739425048
705084555
2752138221
2344058640
2891681479
2858267703
2881092753
2958255640
3165597844
491040346
3244553975
526086483
2945585551
2991724527
2458231830
1965230780
1965189300
2218567531
508515502
3234491249
1093468681
4085538442
1730210924
560670358
1330241388
1394399438
21812827
330702024
182042611
1526760415
31776659
2564002667
107652532
3906668894
1618758462
3921414136
1380984542
3931113387
51250179
3150792564
1578847766
34047021
3316189202
142715935
75393386
401876394
337929612
77992727
376118814
413961753
229152415
17241998
18373831
59644699
51260424
2200843437
34849008
3160628910
2949963424
3011296997
23148645
18760392
3318114838
1055831425
41953868
3255048956
19028953
183094956
3407354056
3400778355
59610741
3286114892
2949899387
3292486926
2163564344
3374410121
229900082
458453990
1942393466
3381459040
3141276017
27197457
19566101
24966423
35094637
235446476
55935024
116362700
205302299
24490678
84358766
18224884
23280648
17560096
79482931
52174408
38100527
61619762
39623638
67095962
90758171
34641517
79293791
36806880
22940219
397610743
17901282
18222378
254098644
42519612
82390302
220521470
19840412
33969344
110326494
131414869
2422547552
2941412347
139722074
2742389349
2452001112
2422700730
123099072
2765619953
1971923930
125777025
45047975
77935990
329499504
2194477237
2853095605
778258741
1049897107
226301148
3264371097
2936152161
3193298705
19870967
2415501922
36781875
311032328
194802228
2544256324
942446118
196685507
3007559378
407121353
1305499669
2906443662
610515611
1225416685
971274644
2780180437
3095785403
282569265
2785414744
35936474
169686021
23083404
25365536
19923144
16548119
66379182
15057943
250884927
20299862
26946348
39635217
14423603
29663668
94129050
25421094
156132825
73218364
350628549
2373148090
1935634256
28209292
16157577
94375038
17169320
369744127
436706091
3078568420
2414590892
315512872
369045504
18610936
14512909
96829836
113279837
1476214692
3197522345
11912362
360848349
870161047
413528696
104235481
108186094
3041698451
314024840
31360279
15781432
16658390
725538792
2923032260
1155536988
1395701773
25027806
28390876
546434358
23627469
40572559
19846884
18222770
29330030
477136415
1418435390
28035260
423035707
26895879
512398437
20518710
348940687
2616510156
75974281
26667367
24822280
17696167
19671129
543708643
219803333
2275746809
3188033771
54951973
1388090736
24278900
1709141648
138600717
43846810
117778179
38802447
543519057
2905285888
341685709
452577987
3035338932
449371183
195755241
757870399
319938356
20567939
3145272501
2650270941
990684054
49758070
20682941
3092118669
272069154
1187603324
342303909
1220053201
2929616362
597093291
2906832932
1672191608
109943453
2203569536
1308223963
438842065
20898760
229390349
926100674
29784121
39017662
103938364
321786747
404059812
65458568
39397238
2758642305
2458352867
2751481726
633627955
2548834136
47290876
150726272
76989454
29295832
50369749
2202584376
49148950
30316921
143102397
269541898
3028153073
324634415
188075078
757738194
3041554293
45297045
270156739
450322542
67120629
2321144871
607369438
18047259
19359250
436194854
562815773
109317980
2995007007
501526798
2688527682
1540815829
229524529
2491279372
597550347
412824634
251967200
344378302
82658388
2687366289
45564482
20186881
2307922729
2749184915
240804703
2318283005
45468106
163242091
1729258812
28420827
101549211
245067693
225654963
608665255
2478494228
595833147
171452200
368769528
625970442
2838281277
41681928
323666767
242175201
198147419
516792687
252170940
406025268
25534296
2727877355
31188390
36589044
26465780
24028470
2813153100
907346054
27337339
264010765
2481551757
583382090
180542052
130316851
30822997
27288308
2713633043
545306646
238763290
36761197
2351783373
2755465907
2314421545
64451434
15846407
75785385
30812118
1656279871
124904200
3008980973
155620016
2286789829
395765315
80694498
17347063
318868610
30361029
366187017
227817125
15485441
852760537
37683386
17897859
271028313
52494957
42547333
412673927
2894250735
54617515
2905681779
549779460
584470024
2728708934
1491861343
61047667
948944533
1202291400
812817079
2459912678
614086483
2670553633
1593458515
1888139978
2587695147
170900539
231640674
2448741122
2727190932
2726991004
2157820154
2745297832
747600666
346570517
1016935350
29585812
2492122184
218742290
299127703
1061276815
132610094
869219060
2690234864
1926096913
474270202
334331683
25317409
2733489784
1353696488
1346180581
1407924606
1099683763
574978267
19736405
195441023
117542074
2706681643
862269758
2651334740
319711396
14297098
760251086
30506761
369319801
2372131508
93301517
2202231127
438140085
1848924205
1877213636
2524090585
2517998598
52753409
2680224887
2313700784
612200007
2203807023
2659413519
2268837367
1053224407
65105351
495332953
33515666
2352177610
2263637304
288116280
123799902
2541661628
66155652
2497357729
232235546
437240722
966857749
2387005863
1589147119
2361558954
322085518
1612009542
2335190935
1681734157
590077788
204356919
469548105
18395177
1274442780
1305080978
389160547
2474556925
241342050
2435508830
105044868
44742213
55998901
397861702
479852331
2450702406
36683920
1036670406
395415635
1664089868
1338427435
1442405712
797369430
23184896
468498449
2246341965
497935439
20007157
129938671
428790053
854435132
2431314878
2352401953
2424367194
281632458
2405881670
1729770530
1495468292
2157565051
234261506
1248414510
437327666
905341170
1305163538
191727038
39543324
461261404
158088100
304730131
16849209
26137989
464250460
123667288
40816805
2300752585
969161563
1372223737
150265617
1286440940
577860219
970394742
528587416
382350502
27781680
223606988
23489663
278822333
279333424
28442098
254788047
27721830
540861405
714689185
511679058
330773174
15355936
186137335
1107930715
2249457447
139825723
405334242
266498100
1402804310
289044401
1058391770
2268291373
1046664223
2306642635
22092001
615150113
756522733
106216853
31157959
38044134
201320421
209192530
91422929
189592411
2150021390
211409886
264002367
223662918
726395616
236157504
38868741
972552590
23151437
517564474
25909356
328215154
305909115
39872993
23363380
101193287
113513217
268021492
1368825079
2248646159
1315847076
1963432621
1732117682
117195139
35528272
147410088
25912385
131753930
44649028
53572237
17276080
144044604
44976377
1437629857
1687282046
1416099998
19130751
497693750
293856743
100401335
52484614
1551972240
1715863339
213341720
361063913
602355833
47228452
437231643
19280376
84947814
106236517
331228322
75924225
243974127
20454174
189951232
18310788
9655952
22030851
1651817528
1895821902
1681662859
818664404
973918393
1519764204
791733973
790071163
787583604
1287393666
1436706054
1509433050
594651269
955523480
319117784
17452509
154318330
25817407
28333691
205840402
466198914
114268456
19387798
87370174
34483624
848061812
16440558
287868444
73124294
19023375
111502482
