838585712
186998158
616554112
2905135973
2721418012
2804138580
14677919
2467791
5402612
807095
742143
2097571
16343974
2566535282
19046765
500317946
1510935931
186401848
131557285
134494787
74826304
70686448
259904904
1155700122
142684449
135675218
253311947
134129241
356155953
184583581
1963886756
109040582
24900072
593370001
3413837823
16573941
480882605
296654428
2737379453
1439342611
1114590254
51714340
1902709716
20015311
321347755
1630330357
2773195074
352725318
901108766
404528816
29536477
1613466613
369084484
1390853828
741059497
500841518
211294603
155658960
789992874
137760342
716298415
150262552
166956390
871052275
376118814
565039568
524531680
1689387589
3146362684
947024125
145346276
26559800
3297671731
2291740412
58669141
572225652
186617550
154353593
590388355
41741241
3235227098
33995343
15248067
113771891
11354672
64505519
104846297
36751350
182059443
152038332
743472216
2736335258
2218886514
2150907582
759762108
2871488667
421169002
160370783
7806312
130300091
326034604
3222581309
1073159618
159903074
105455152
80947060
132259242
1449565284
777024108
59869798
21314314
1149205364
201048802
294360194
173864452
468326912
128015777
55459700
465599875
152780185
23543947
1267953463
2383111083
757161714
1126774087
1228194541
100014747
243778730
2358848610
19835035
50004938
69403126
52045155
1429223046
171271070
370794213
2973453269
1372975219
332550161
204324651
53065562
246822953
478745958
169319793
3221751910
606931125
150689702
26053643
379825746
257548783
3152964153
2231819540
3126802005
15635604
17901282
143535680
390109437
438121206
131981647
2445809510
369583954
30047168
270101834
145421975
58238978
37205524
231577324
69416519
226009677
583097496
1578961946
62806842
73955509
116429402
838464523
27023228
2330330082
624086291
2980351605
38985053
53093801
156132825
140837511
2979208839
2933613539
26887938
253508662
274677508
428576608
249634697
1305378985
2669371504
1019112475
975051650
121274791
242454415
424354829
293960749
2610263066
627673190
133348745
2996474665
423384542
16808626
789605024
278008658
582146329
14872237
1897895400
124450567
1411548656
146989389
146578557
497576265
43229355
254098644
263193752
1096873292
32706379
53807788
22174686
2932931671
11473862
2887312361
299612820
394330479
276266019
240572515
2788011222
2166430418
26247736
2228709626
2237777358
730400376
88064439
106170524
115093611
246225682
195947234
52983394
112508240
93091480
298837362
90809127
79312149
19699509
30506859
87302683
178492778
237597796
115485051
113897988
154732071
740443634
146764706
1731804445
143079359
2490618757
121508584
173752759
1730474293
1514065760
2883228919
537636081
2875227293
85627373
2743043963
2484781303
80857373
417418512
66747518
78016089
1398188406
2701389380
1528809433
91234465
1604220710
2844756402
458395836
876126548
2391530083
397786237
733763166
2751362723
295325513
124536846
568492517
11823682
378803777
487868304
57226715
151647096
301074626
703581570
270447734
65852905
17610785
321495907
442192649
774246798
340941769
2300419872
954665359
19777398
15485441
39623638
256221552
293229858
2382991422
620035688
2180572524
2650984818
1446967357
2168699880
2739300917
18373831
14567621
193014915
2557034179
2655446144
54249863
36806880
500264882
263187530
121243808
98765275
134214884
626464350
314792669
807608628
1526228120
893167046
121488823
2482969064
134988377
1037987485
373366266
1387550281
116057138
12116282
143843372
142827701
15095537
19637934
140070953
138372303
142295586
142296675
617155406
500042487
179604202
61009431
2495199115
227063008
18065572
45668062
398323499
454237315
473493882
48294321
2457387374
118719914
150828541
90758171
133051204
20563871
610105517
27150723
45316175
20929810
21163600
58266800
21024556
20931046
21257782
194835223
46257156
266882221
238759325
42519612
62371504
2303472186
36942216
23299192
450080693
554131873
141242861
574150146
2326096012
1589012736
586671909
15846407
1107649729
801426762
1676234460
2331184274
15590302
1549392703
1561695264
29940335
390314079
526014676
233242838
162171015
43221408
399658302
1694483425
929654281
56518880
1963453609
1451869814
18208354
465735550
107272435
278611242
18298331
317051415
263169865
834702151
174469637
2178897602
471659043
20928181
490921920
61283362
73910941
244175368
783120248
2155673456
29715245
1970035308
610908029
537709853
473300819
170955445
499351195
465749851
1934025354
1478319727
74594552
572974730
77207659
1130043732
262630555
108247668
76727519
1611697987
946173631
913995067
350620624
80096621
26521820
332638587
270445482
153223388
24978710
1195266662
249345746
1262615678
1666732418
1092172340
10228272
1637397061
285123681
560057277
102409083
167539528
525264466
167533334
220817148
407360976
193322834
52269799
112257152
17248121
106631349
16895274
540396084
233646698
1446601106
13787402
50005296
460508951
11348282
14647570
15862891
17471979
27323020
347198777
748055011
280095492
1160795197
1308559987
155598890
252866543
250373133
146099241
169982864
838352730
261062315
14922225
140409019
69008563
369692162
506434809
1077674082
555548903
16331010
187428929
17337554
102570694
64553734
19798578
93828170
713449092
83782211
310463188
788186046
15648827
56582285
19607121
18470558
258013235
8105922
174027585
167488809
162215457
66515223
129343479
282281889
217502048
21024748
140441829
78381071
180463340
37831835
574087332
367522419
749058600
739332810
212678356
144800186
19428104
383771209
190364901
721388426
52422878
221565358
23559108
444217852
132235666
35631163
619595378
632442415
180755368
25992212
136821388
119599972
276169885
166216663
192362534
291443893
25345626
17602896
166401709
144595279
28951400
150852046
575397036
540213749
75374081
120128401
130979339
22482043
57835291
597007260
162173169
237453728
266946868
156821304
198315014
160577282
38704180
62536844
783214
428333
759251
51890039
96622206
94836153
306806869
37093819
172346462
84208167
21586418
35253885
263016001
357286380
117251043
292077714
362468124
180076191
24342206
67772466
111416958
8273632
174543133
179730246
348798146
227159812
457347159
179350031
194564655
148812089
29557642
171468523
149286609
153533362
17027964
81430069
33989170
66838898
22949812
238475531
19114743
6446742
18396706
19081001
117407101
50157639
112523709
42933426
308796864
