117386434
276028820
26891656
27778816
30617801
14062180
50325797
16686144
633980404
14377605
15764644
16789970
73238146
43963249
15207668
14344823
11134252
733751245
50055701
25073877
27844479
13018112
16012783
15754281
91180720
86141342
16129920
8839632
16955991
2836421
42958829
14677919
2097571
17134268
19079396
58550415
214791922
55573873
21447363
184910040
41634520
23970102
1367531
52070270
28785486
277165873
15012486
607289206
267921808
14173315
7744592
22650211
15335662
14190948
59010637
115666612
18462961
14681579
42274287
264003515
15431856
21436960
15662133
26208862
17587250
8940342
15726728
300338214
80859044
580096228
198741618
481418599
22519200
714914370
267399199
19639085
21238039
62816265
14362241
51040617
26519462
244246055
402154411
567471315
86595709
453441370
300615384
2748701868
611295355
380879472
350335365
630981229
2861789108
896243527
2174447124
40972132
8559342
88749392
231183280
21454307
17220817
28412286
149590738
917748752
16493246
66685978
55016552
160577468
71586602
17860980
15135588
549460929
464857068
862233331
1968918331
18686907
1385406126
21883399
31034637
1635164262
388118396
19466606
17416571
569569550
19103481
613635955
168264219
562255311
350685612
15174382
441806834
388388380
15695513
2361413834
1087860428
45093104
52384621
14222871
251895220
2484331177
24436600
98425584
62870442
14468929
978851197
24365181
2680358389
3416997166
36686415
65478815
1300716044
466559061
98711815
17237540
347363150
18945029
21426656
15637375
185314895
85286794
66369181
15647676
17469492
17629860
21114659
73181712
26792275
120176950
39922594
16511394
26538229
25390350
1947301
18916432
116988614
183749519
15033883
15635604
16573941
75544737
208155240
31311757
382267114
19362341
23771696
2586192756
443492997
1629336979
17461978
1059194370
319859127
17471979
11348282
259674489
223517074
2399811919
22330739
44039298
16303106
144376833
2897441
487977202
243905905
9729502
252694478
459601671
19887850
402099345
396670767
196898438
2265363559
3458560823
201143454
444268559
139974630
30337699
176067698
3447493575
381100175
3191938585
80700514
44570946
238319766
22657153
14749383
23631859
325597795
73452506
36498054
23222599
93759830
14880616
56736161
28164096
557379987
137542528
14592008
25581439
19506790
10080132
28134618
23484039
15108702
18424289
16670996
4970411
59736898
2884771
34713362
32359921
3108351
10228272
376502929
516011776
141052723
111556701
1051295658
2233627502
15318120
45843450
18551444
334465608
208139326
2833863401
14790645
24262944
2187117308
3192739116
3364478895
43373508
157969844
322443746
47865477
2391602148
2485907113
326014971
99166169
1329619934
137550943
376540316
3028710705
14662564
16138683
68879593
6875272
151968088
2516614945
24967547
49736166
29856819
19397785
339838202
33518293
59790468
235006666
19606528
253854657
165511377
113897988
3180956851
270296701
35121067
20609518
14850840
17486629
714249878
245841182
132843060
271261385
378223565
20
65691824
20733756
115882166
2226739236
65045121
25110374
14749606
13837292
92366022
76966092
190406668
23636912
202875616
19837752
2158166215
1077872654
2168572334
14735589
166259820
39569730
246779440
19593182
19598574
64432553
613000021
331821111
239313282
17008203
18909248
513298480
137435686
3351431405
21577728
138529583
5548212
20822832
2180688258
376302246
305097344
97498097
30018058
33656640
92580704
125499355
34743251
13298072
230287527
67354352
23211822
23462787
20685061
17995712
3152406307
23742744
1069888490
218132338
35521239
1887707155
2337323300
229219088
20196258
14204287
18197629
24329353
3148358598
204825176
245435650
7688502
15723890
15452859
145600904
15123846
262375385
1960940430
19562228
28644174
22321602
63291287
2518798657
92263579
68399194
714334891
18481641
30180137
155949831
18647765
34395888
549470860
2327933017
16913418
44084633
78021221
153474021
225190303
309978842
743585142
110445334
336851461
139823781
618300542
243835805
115093438
544517731
262799542
22811937
348998306
300678838
198996773
273239400
90777412
6806612
2203779648
20609308
36747038
3111906801
3288936184
165744660
175419846
125905051
1062123997
20767445
2358092648
144134238
256191329
17111073
14099435
127929667
18910044
16246929
14248555
15741348
22255654
27640297
98012335
32189846
115132643
73273614
204913828
42676278
16732171
3014302521
272561168
15147042
35415477
274793711
2696016510
14579415
889099657
277384097
985093387
26735842
21392684
1414290690
2539976357
17881816
14645160
36101932
16220605
67530314
20793816
89084561
19776761
17137891
21452391
277012264
133865373
110775353
46177695
221875193
278606054
151079975
284031415
384803981
581976781
23637826
360054369
20457806
1934702336
16530584
26396463
315002750
47797696
41406377
25735560
34675715
25734246
26787673
71026122
22851407
153833998
47796779
295852803
874060801
37042180
44458662
19407496
58837642
50671851
17659626
407977463
44215023
138600717
2243184612
180893928
1070663911
2258218458
2988637894
3246459135
3142239520
384405651
45181145
19491657
2726480652
58474131
78081806
1885199442
2967536916
49081015
1942783920
7702262
2236514594
2796649385
82169284
73476162
168905743
80374332
79320096
41330603
338559800
191781601
207507805
84281104
38237581
360685668
426159377
1155522630
253167239
63781564
65174274
23756134
16439117
16726035
275594058
16945766
275570277
26574806
177325161
175534926
25478011
46655547
15894470
31176167
18667222
57018084
18363030
29493065
64510593
71626760
23096405
14132853
14140913
14369314
37434855
61514970
17924644
14532122
246503061
78077927
11856482
24016767
22508964
174377718
16211434
9676212
20071863
1774391
173992307
19110632
15066760
36184220
14363353
16365636
2340891852
2375504220
18819574
17365848
28535982
19915096
2592036300
31548658
2746683784
9573592
1961001206
380560718
23828110
2955379023
21055733
175045424
390137928
17844280
28406270
17525171
17446621
1128848022
216778907
2800257738
948633452
2596712095
29230762
2885707365
67140324
220154039
37599351
87403396
135063908
2950630443
1877430547
1877369833
2950635951
917352356
182384817
52659564
16024029
788957581
601369792
5954192
2327936714
16497754
16936058
280716675
20562637
353701419
2735591
21003977
46442771
48416851
215378633
45999516
52506586
366794455
312094501
24879918
9759932
7906922
14208617
3382
10638782
12696
254247433
567419450
2951512500
80149492
17093617
82303907
1007741952
384299659
159265038
29390082
361725548
99591577
248564834
2842844908
20515090
447492511
134228659
93024450
11284802
15175695
14791162
32469566
136361303
20177423
22150977
32432308
25103000
113672911
14306502
702023528
14003142
273603872
40807571
23948946
3107271
7798232
7660072
14327072
93436545
244290816
14880295
284221122
1576931762
1954714663
15120222
603986609
3140396518
2547141851
240694705
35767916
387181116
91942071
34826262
3163400050
361468994
39651447
459586511
17940504
214372723
547537854
356147156
425827858
168254503
57395277
266136984
46238160
477269214
74759560
314842586
43976252
5252591
20815181
262359254
16458824
22532974
56422080
169187248
16104602
5654712
16381558
90416226
12838532
16830572
12811952
7313362
106840674
18148466
175145606
298717440
266717381
230753361
16895951
538418266
427424201
117252513
182539117
514541905
38804737
32789366
15882393
53829677
2186062965
31891798
15307727
33846451
211212345
47402890
20731733
24775410
60642052
27814665
185808487
2602253953
15919455
17611446
17396566
65304372
18189149
16248319
245415119
200454974
833395710
71165327
16186983
76563268
16145224
15380717
30278532
19195914
2869531
27039884
112342908
937386085
151335364
19290107
193930027
27664273
258613618
236025544
157140968
59949396
1058847528
348379865
326359913
465723566
14367669
243847008
18327902
14269152
42940355
155034763
254707079
44953238
35233367
8864052
2837482750
247582122
20823221
16784555
14199104
2325767473
79293791
78194111
19306636
14465139
15315857
2858830358
1617314359
2800245353
245520753
18949053
19029306
1262361122
20720596
142547820
19612644
101595798
24599923
113514650
338084918
17696167
18220175
169686021
153470677
87284779
740118727
479809444
25950355
24236494
16561884
22752559
25928253
27922157
26077026
28160998
1769551
22708797
13787352
262326533
41602160
11856422
10791192
15566901
14562016
30947351
25087685
32122637
243840781
17393790
45456097
267545566
220396494
586612658
465166102
208770817
15633074
9363262
31503269
3065850466
14599976
26094126
2337086216
781696616
35522684
38993127
81177685
27591786
752028078
784304
25160944
22324642
595965174
36220671
83970227
94094407
402152361
88895071
128639455
47404855
17100355
932567048
31243794
5272831
17288302
42161742
16728546
381289719
16409285
18844557
25165065
80914249
17413602
22868313
14048725
168353419
95744503
150151257
23215482
104288093
23091951
2506141932
18019485
18864548
191504048
330740614
255869083
67918705
70557983
31789225
31139756
1023084498
62911012
55306612
74030464
2991863053
2926309921
31270821
1589889788
478878156
133232715
5664562
376448253
15842700
301094323
118464225
140156041
21991908
32896052
50294938
1565724332
3001551161
57097104
329746058
52551600
50374439
14824849
256573865
443215941
436292177
133880286
62591681
62290422
285282053
86422542
54365543
44559386
27457788
36711022
354166630
206868692
34487135
23740831
126958776
20221159
18131961
249310316
350766681
18507505
16074627
913114592
719829083
273376284
39606379
500012687
14315150
1322691
11752272
8287602
10978362
32698959
21428389
567440698
29262781
18980187
61387670
352673744
107225267
2964883240
107183921
2342634444
2832266222
2655079123
25319271
2715115656
27042513
47786101
47285504
1390094640
255747911
366010246
266137774
217538774
133443632
33014441
15570993
17850785
907309218
79025880
14378113
118470443
15349546
2830872505
259403751
567360618
19540483
16689804
8020002
2493418602
12887122
376667616
5935592
14251443
9703702
17218096
13824412
20830972
14600116
127062637
1636590253
20571756
9182882
17781955
1417918555
419648971
71456721
198179597
14260608
15126388
7144422
14458280
15651700
83253463
270440825
2717254872
2619950906
997040168
92116069
153045056
618512779
2881176072
20830005
79265397
308573576
342845547
229577410
17425055
16141179
1156984098
16392208
222652664
20167623
95292874
14608850
107537888
6527972
14401550
161041793
83634607
3364401
19094625
155505157
18367054
127634032
97359375
3713811
992151
3754891
13299972
2814235272
2239424762
23468357
113130846
66294327
42226885
40519628
398458864
362786454
429298552
288304848
17565514
19342054
21434557
19989714
78691237
69648081
46768880
21201910
43200421
16031509
200732489
243163191
934421090
70292831
128246602
105231326
1581289837
534788553
6398152
2850978295
2499539132
1871789076
46135737
17425484
2508322644
204832963
21810175
3070721
18994444
15102553
809273
42763598
15347534
24895587
126672013
109387470
95851485
207323988
1180495022
352289827
1731314083
2294747402
12701412
433551204
21030857
378018987
355285163
1426548096
272112899
23544596
56871360
6480682
573886158
522731835
15516281
2730103490
367130325
2327578794
411845007
2353569901
430304901
2353504128
2601700720
2561898656
2518369284
2541535860
2527681094
132964551
14585205
27237467
14325035
30364057
2566402626
2168904518
2376379598
192097952
16468500
48100887
14482397
14426771
344729723
2493454278
8543752
17919972
166739404
92367751
562381032
431765325
59247894
18583722
781319274
1903021
14184942
20721986
2327413339
18312906
1977560611
89447929
2511477648
20015311
566921449
599304793
879161563
19097519
59486068
245992215
2387655817
15485441
115485051
19877186
499336680
205373019
205302299
256881576
28175577
24807616
66561957
89503894
18170896
1718540178
16884138
1058431974
27500565
5577902
2324918973
22411342
34000178
111098490
259925559
344634424
288333760
1337785291
26105653
5943622
17825445
22412376
20224563
25503051
120980768
380880298
19539314
55014826
49713104
127205578
14896287
143560942
39590086
15457017
20414217
36082429
362527480
14353392
20727198
69181624
41814169
15662446
13
190067415
2327323794
2331056666
9940162
603492248
112848651
2387770664
1314395864
33792634
28554051
390837705
1339745676
837448531
44652435
378757660
265645925
1250502110
94541270
2359923944
14453529
65480056
14868268
13328382
22656649
121172434
303967163
2423745962
2397880153
2496900758
2496956000
2497130299
2497032649
2494686356
146320925
35773039
17074440
15164565
282735852
27966138
15846407
18812301
33514869
8170372
17185067
14192589
150546196
1162797876
4898091
18067826
19316312
15441074
2336811283
621523
25645004
16017475
16228398
17876140
21631913
421187117
1507563510
14502212
33041426
53297035
500042487
155823836
336116660
502281810
14210845
15134782
16208467
235093719
744634680
2419585554
337716648
24686141
203071766
17497382
314661647
331025683
2414757217
618686672
14241791
19167189
153966123
7905122
621583
19661363
28172926
8453452
2427904566
13840052
243537427
36530978
76112506
53284032
17877757
214620546
20179628
16463635
110541296
56810507
96206175
28337697
74813709
85606078
153149305
14587949
484824176
45950796
40818079
1075971498
19058681
2418154519
700595030
14441118
205789121
1754641
9624742
16184358
401838439
2328090036
35948268
17046369
21982720
73147282
14235127
16577839
14885549
40040788
816653
8292882
1344951
14120109
2384071
16360094
18150923
2015311
14078555
22873424
15231287
91478624
20926838
7712452
1364930179
1425535598
38226678
15151711
156010360
1317763788
248265197
35867792
51833226
335948860
77194340
2456605003
353429596
45827247
281000673
14097725
14283610
2331891049
208077616
86429301
378149096
149095965
266628316
972651
2344349616
26962875
296979153
33838201
783214
14075928
51263711
20536157
14511951
260741931
58560480
959161
112622036
18728980
353245517
16664681
224287785
934681
2332413798
86246470
612473
17004618
266766395
15730053
16887429
198911524
40842944
8457092
365495044
9147742
50089737
65381936
39568996
501801749
34042766
348659640
15308469
14800270
16896485
2434566002
278691695
19407053
95237475
16616061
19658936
146569971
357648167
282280747
17006157
742143
104277809
282282694
59157393
245424983
34719119
156651229
788524
87818409
1877831
19277186
759251
51241574
40994985
428333
1652541
2467791
14293310
12133382
807095
5402612
5392522
2448162505
13678962
15051243
5692662
14337705
5692542
15021918
16365305
902880906
44513878
236530658
18791654
21056978
24037404
67358777
18949452
28140646
15110357
46003622
148517828
25053299
82212369
62596553
10938992
9986712
44773967
487953023
249303718
389939137
85875746
413528359
219683453
25996212
1069351
237634998
139951730
221452291
95023423
488751763
2370773786
42070873
2305295772
204526252
2327315059
60091288
311497771
2338644985
266384539
17137628
20596281
27830610
14361155
401971589
33933259
18213483
16153562
14700316
69231187
5120691
102700680
5988062
169963553
14159148
25098482
27860681
1093090866
757303975
161801527
17899109
68999404
75069067
23733584
813286
293650530
166655653
32520240
126086206
113729414
294749876
17467224
208701370
14125986
1633560414
262295134
227837742
201881659
61359492
19729521
15224867
9488562
2328904224
17683407
208600540
234024278
2371903242
271117537
19042334
2330696868
2388948182
2327378232
45093266
169600973
2421070171
116350802
87570993
712018619
307575577
372465706
2405050263
25065717
137439805
510391209
2391170724
2326574681
2345350614
2332480615
494411436
5041111
2387108772
1902484843
2327900292
16446587
15304067
19264674
15234834
413523145
46096376
630436386
49108897
12118392
46046512
18509254
801213
8515662
11760922
15151268
16106823
7023712
15741172
22967319
27154035
97520843
5894902
2899161
23282254
41333270
23473357
232608396
1511628728
18030213
22254873
28612015
837381
15771273
2329347936
85362918
158800484
49981631
2348260706
1687238450
2371922050
90556886
29309515
22109170
130894914
12669672
610164525
2329413405
2255422226
402100811
18099023
251669038
16231420
14273191
15849366
829677074
130531359
106268879
2324737605
162125339
2315594586
197307743
196927266
25036122
2310799741
229196287
11105142
19726051
15056654
110267581
2281273939
19313565
2352197756
348569937
228802412
16839614
33557388
39873401
70664651
8645142
14549999
238819163
62678406
469103
19206111
9765512
14713756
302401761
25363840
20743627
313513093
18266320
68770815
23429932
66990284
615479238
714947918
2330793098
36843988
20214495
574238544
338404113
390801702
7442682
215694041
10201332
390229721
15537003
482856632
2304948864
10585342
317823133
353252971
2326015484
2329019846
63177012
18923264
136364721
2329460707
1729176836
1370885935
5437912
19571739
20792745
6246292
44196397
20348377
93957809
15936528
845680777
164365694
73227813
60308942
64498695
13162312
39349894
21324258
52544275
39344374
851753935
8161232
86862517
18100031
13944372
19291479
313396897
50393960
22938914
123639325
139960061
14857355
1339835893
43899781
15782724
273080957
15492359
17889970
22529392
204447925
745857714
370318047
17093012
20344959
588783629
