14677919
2352846660
278701294
275950820
248159637
1234786292
1676770746
1931098478
2216477769
580665212
301152327
253417032
80767237
2542446188
2731948026
481464767
1674402193
499618188
615099008
3265528928
2569204465
253653621
995405718
346754966
2235043732
3016684170
456974503
770706624
2594843503
1914975847
121668273
1058515370
592864208
2166022799
1037043900
2832673118
443619328
266856199
370802395
249771318
1054779391
533283969
2416154628
258721812
58168503
368344710
352971552
250791894
304982427
340313371
120243876
331871731
368901691
184891478
358777732
2684328834
1357218577
423103339
415447632
599615981
432098824
272883605
24674778
327462619
26511374
28576448
281353173
326821147
3108351
91478624
25581439
15532569
31957766
35127952
435802919
43283406
21255978
42655526
44620271
185314895
46452468
41229669
27778893
24929621
65992743
85603854
13416712
8834882
24737919
15637749
91942071
38804737
57497901
35767916
19053307
257618318
29130296
280826651
37391190
65577676
65589378
23135992
19478383
16248319
427799256
33920667
743585142
16308922
19993545
21303235
20596281
27860681
25098482
18213483
16153562
11695472
14055301
20674741
14800108
59560250
160950277
74506358
128246602
88776580
24274948
105231326
17137628
120153772
309978842
346603302
3525943523
26012202
2951854260
70676226
3519658693
718652288
149449715
1463880866
525821517
476234589
73593143
227626917
352145373
488751763
629097517
578901216
7144242
16044997
6433472
2768501
631478663
1572689592
2330475129
340280994
1459070676
1489312213
599728273
1173085544
809237988
335228564
1418905705
431915455
750554190
789025117
363113268
550482689
506119759
928542806
1437458792
1069128870
328585789
2365533651
33940194
567368303
1086423085
1241908940
316664814
941594317
2840673042
2556468181
883931815
59740265
124818259
278778939
355743494
355741893
21506437
14094741
6173842
179412681
150526261
1009323114
1467087606
1191766854
904490036
1191830412
18651053
21644175
1406131
3112361740
875607744
148779151
2205082777
521685752
2201635304
917728100
966927354
1093363586
87284779
289076761
595588306
790380559
479809444
740118727
601320686
41431123
181913019
487843424
854512956
596344490
1189427058
588983351
1343486720
15809249
15017311
74653520
23646457
189652312
374209360
189671070
375266631
130681675
139986343
601227277
2759372204
500733060
914319398
2837585508
1163585161
1557281438
1122507630
1679909137
835940461
1658337636
225305750
721274886
3088164436
765774056
106353731
103766282
83804335
11505772
103591569
245286681
261186956
292784297
163012930
52014528
14806765
259617528
790498243
132738972
433616891
426463880
352800305
496480505
777702385
335004835
603225399
2358731053
2331739543
2331448189
152641509
637339298
1387147921
219473702
2907364388
194629792
274962019
962333706
2590088838
219788542
2505400836
492788459
464884034
15810838
992873377
489763626
3257001187
376187404
3307824529
253937697
757565827
2417880128
964080871
3139167493
373666888
351634691
540590620
476730611
870704071
302850708
519485911
552202084
252021198
365984545
310515050
797760714
899716076
2793944844
2906584476
239876320
361336468
435736762
759472688
283599082
445837775
636274614
1341775814
1040927870
197067959
272168843
1010315341
429005986
331861696
288930916
78670429
15220473
2557037323
67418441
36947388
43192807
63296944
25341996
180463340
3291841
20727819
18018384
18086960
14840869
14497313
20255162
21904217
15291335
203162990
15635604
34676063
23990483
16537989
97739866
23560015
26585095
2211634401
8796272
578806518
980924533
544262925
857746837
15728505
574569127
243876929
276158337
203032905
240352939
223781311
1570909214
260664856
262457844
300152931
80886145
230288829
414133525
3225570642
3115949653
382111375
19927627
24886025
46696817
14360757
23484629
80331801
22001973
427475002
13784642
1434251
27022925
79633819
405987786
350066710
374212227
375478760
50618718
32688098
213009133
169291609
142977623
197224205
266105421
207426991
128472974
61003804
149760844
66339576
132774626
55728361
148760908
400770714
390860562
257799442
43042353
345811633
127245578
64019328
337502808
312230865
237634998
337836372
233430873
89423854
376072494
138860140
30767393
12728672
68545042
30289093
335107974
114685387
29573746
22256645
139399835
149915877
519196613
490036238
375481345
125854580
129900508
129845242
122028557
708379909
318846306
1979398412
1125585750
561043267
357585934
1175342359
362727262
279909981
352028704
428445647
325559976
613549094
867801283
618703949
610286971
876722636
994761792
1009295911
934044812
774037062
399603314
110973244
428510991
551869876
554282959
532477616
532202444
265259116
492787775
340390880
482876761
1137373160
329100629
547070983
590042787
600320420
313456325
810675031
613266344
473874972
380471022
357181304
785584050
587300825
594606072
1278508926
964201393
609450194
2758665487
2522799710
444964183
225344708
701401740
2859763146
3178463330
2972642817
3191089957
1408305259
470283925
748428548
249342527
848919697
1025886270
743355108
715143625
244135781
257936706
229007287
305449582
380207736
39017315
621208902
3272457577
313969471
39155915
308109878
57931022
71522553
763820616
269700135
248596808
14941669
434307060
257565074
49648022
513109140
386822766
736739460
440570653
623950591
399050436
269976013
598537971
68633933
278991193
556740729
632665061
253040060
226850538
193009061
86029999
435057746
242066180
602481655
409192544
142264595
188194615
124184307
285735127
762158190
762162486
761699221
762169520
225364139
157745685
85967820
154629318
61632148
81884049
142978018
73365931
367867428
962572404
76491411
458436086
73867800
283884888
89211088
1269719460
606166400
909319231
401605323
49385608
335166299
475179228
962882394
301884916
743827590
442858308
408245449
535634650
542339342
482622453
2605592464
580470930
2733884677
406574655
2446952610
1680625333
2747785491
777200533
2563641342
578984099
233324406
2537536980
288824828
267936975
241872875
402154000
527682164
1051419686
1460331830
1460185243
568932057
420374614
841166994
1240969292
1896511712
2266424594
531537172
2988807745
2658142634
3346131256
1096886263
437370637
464813602
430200465
1216946065
564875279
506842321
400674796
278755315
1333358533
1497798589
2477263869
2494633390
2248981546
3166573958
2415000673
445457838
153188154
225376483
38162949
285022748
121818799
423656000
611109758
118629205
2357574121
398593054
341949552
99449709
117128893
44527822
261712169
257575036
24141827
23249858
18493333
436569147
19374028
210438652
22928218
52095249
17536471
17831821
20933315
20642474
466744879
520358626
1964571728
1640169925
14872237
155659213
280701704
740336334
284003990
2326857668
1469402426
8159472
789605024
138372303
1903382054
39360648
19230601
108568373
265902729
713993413
343627165
627673190
576249121
576241232
371273294
565752397
245847257
298139450
833140399
109812542
377247652
125851115
163082968
164963639
557356167
175899788
229598347
218761476
339293028
42038084
46636018
526065625
172349580
543013962
244228083
2449304604
470598280
405037925
65998317
176097702
393433404
701177444
770189016
778141800
609516475
238669254
451707143
1308757609
2847771385
1480251510
104249727
16409683
49573859
209708391
73992972
56783491
2367911
196795202
618269382
610260605
594757151
295720608
2706602743
2168182459
893805876
409295717
3110660331
268414482
546599944
536627279
804927320
1307305748
861760854
2804948539
3304450047
3182794279
367068879
604390411
311593296
714385609
3011442379
580877426
3033324325
16375553
2305942508
2383553480
2761853617
2688190294
385261224
355592317
68643830
319296036
629315436
934182013
443986143
291374184
1034926898
501931365
1020632462
236025652
245621068
330291072
2484460939
2937527386
2671292387
282705059
2296062454
826701038
140053842
258677847
255949459
2308958138
131803623
48720006
123187931
265358970
472954803
9576102
537277434
130549988
538828543
531940474
333059731
1024329026
368068553
1849711604
133266187
596025144
373932237
73301369
29979814
314547227
705126140
2824718385
773944
2186358973
2428872824
285879975
431144065
264702773
17773874
958869847
977238002
248269774
476160217
283009265
358398016
318014776
14293310
3120535244
184906827
385856213
776390652
701582368
741061926
571070656
2402442484
515328035
2990470941
2839441179
480028202
316374703
60004618
42606634
353324181
583934333
560328014
296663621
703696896
2854670534
2721484512
2949747755
339770545
2888585096
2768157819
2872620834
1972216999
2524642453
405105756
2238037892
2877053778
2492973028
2430435528
2458494111
2949087629
1394966995
596985888
2876794140
3009356838
2802662058
3144916884
3088300031
3116180678
3016688970
2827182520
3119324793
1883822838
2453139215
2834163085
2992607161
2883141402
2292569261
473610620
94111907
2473040741
2290368363
2244178490
294300713
2173469511
3159417902
3067266473
3012662294
3134237104
3208124519
2802584275
3171177901
3106709114
3152659724
3119736888
3121587579
3117016170
3061749062
2810043488
1270507830
557313491
1012013042
395843214
527399666
521736349
1187687306
1316115152
2204483600
889610598
2363686793
447116208
1494662718
2863552664
2861464700
2950956308
2967201145
3199972897
1292358536
506323065
484148752
2447275408
400050391
464857850
282339836
378357309
468993322
492244067
977640060
566371941
632083152
474351738
927087638
1944177103
600462222
384723634
341802331
141618604
966933295
850853030
249787622
203004510
214850612
944579251
2942057703
405186402
2828554178
2902165894
2938207569
2909654835
319534525
253990287
347463065
180387959
275585563
155643834
254444466
133447880
411985379
132418939
258420175
309896565
783568939
364112836
380389537
299879855
413537658
439968248
267584318
215305150
3121536770
3231881815
473843123
478690155
404246726
369829297
261917441
132358525
292110997
422398976
816197390
365697561
318640786
531489821
309367318
315972731
244624878
241810287
116677505
269476699
246872344
247390322
505779834
270765848
348406281
234070725
443462396
237619417
248403666
168572889
251115680
306746994
309362429
252153070
250214270
296137313
542936786
242908331
131929247
88928528
187661596
127976972
472932412
37972712
402125623
281036255
199284530
175334166
480493093
39072487
108348897
196680870
2256486061
541656550
973539018
555755251
1175915683
283458728
2562201745
17428910
42883134
86632728
17554752
203479775
14364834
107563743
76712149
1891748329
397493417
887463013
1035449845
999546355
1328281622
1517788129
1535160188
513310285
855683408
512312206
555488741
1180272703
1339743258
1464756709
327635743
1332109614
128615451
725090940
815002578
734266669
706259367
2247926542
2168448533
1810538881
1018180717
2225509821
21611239
39057040
294983623
270777478
128292609
860158302
2191933175
1707366288
1485282332
2519641895
1247362951
992498334
2275403410
1145747935
3139118016
3218844307
1099320931
3099540348
3067775796
3167048760
3217328419
85569558
978693907
1154211086
1119035149
1116012764
1527755948
1151483742
764609827
117152727
916562966
2467515939
231422525
723561690
517650314
426573854
341512973
332700437
429676595
1681325270
498943883
290178890
428597132
42479282
120845242
486532908
87818409
33194801
251600033
220557145
284971580
326930115
322606204
897661616
341451433
1093667197
936329779
382654149
426853391
2885795216
2482624280
3214983156
3215017550
3214621578
3214311955
3214989980
2914993879
3076439382
2964225155
3151824980
2447139314
270504008
2573505534
3024454513
8560862
14332713
416593498
616072166
511868279
216582229
229524026
422131666
366169233
2429620166
488934862
1011755539
12599812
8886412
373230928
2168011
15196372
267899478
166566887
279438019
168060002
333385355
347390380
370110414
439878961
260205453
250002597
390673692
54292707
46699784
7527852
3416681
202872841
12490562
556380322
1254935054
847782186
48319093
1622684694
603739104
637361669
334752396
306979592
154962753
153733644
153724396
310590217
434685948
385291247
301932835
448732241
1221174301
252992709
2170593205
1027350758
1034531707
479970902
415495227
1257565116
807013658
1254211844
1551909120
897327841
915276896
1251986370
1349091757
298480821
1494203581
550340412
493848703
251044700
442653231
376883098
538319374
255142088
575418495
375903329
418675776
270262107
286668958
303348842
292504250
283594464
228968757
39717954
31378404
263846144
561890956
326988122
2502381701
2485478760
744639180
921257623
1486029980
509702237
2897696713
469721366
2357929956
1678599378
1544110212
842373577
709891695
276933657
489674507
1322999004
1120095661
250351626
794745925
1933511474
1472712210
734128945
417345114
1131564300
923768612
1596627529
2361863715
1624329463
619293948
253407591
1072915220
591823527
522071052
227944601
141477247
1524180744
280172306
129731515
610630853
606199502
605491361
491190146
403239402
333925878
98388319
541431521
327628075
383235196
732297944
618345804
1264200146
602638471
899864756
1024917439
397297553
2276575513
309624312
762189552
47066924
283189309
806386494
159512330
49251491
1096185811
266686908
2226222548
520417938
131254609
830453269
1288361485
16125042
326030596
153694176
135147668
159113258
500194345
74594552
20177956
345298205
612792060
51241574
53643297
36412963
342185880
139087462
522055693
21111883
132389474
317370751
205415788
42562446
16812787
17461978
50811932
34430522
34507480
21447363
23375688
19923144
30973
14230524
759251
53853197
42384760
27989078
1059194370
35982046
23561980
101928415
23613479
190592920
23617610
157140968
79293791
16303106
236699098
35936474
169686021
78273051
116362700
32959253
95023423
14920785
27260086
20322929
19426551
115485051
26565946
90420314
23083404
27195114
25365536
428333
23151437
15846407
2557521
25521487
26257166
15485441
275546719
821045162
45621423
495918073
96083073
49259278
136002930
14589119
78010944
108829312
630853946
243711009
18907051
202566660
103524205
543369259
418126519
382000144
445607330
23728071
751743
1170101
183582343
14525762
43682702
256919866
275396484
18895411
78864351
42839820
10032712
573022158
886724197
360478965
353032173
184694476
23123824
241543509
237228474
295113790
383112039
326359913
263838832
1183273422
255391751
438642706
2436807462
367805118
61804151
582814909
773919776
255910179
10215102
4898091
14800270
26946348
39204454
39635217
29663668
73218364
16157577
59486068
28140646
78669790
20299862
59736898
32359921
67358777
25053299
36843988
20032100
15492359
14511951
15012486
28785486
14173315
15754281
20436059
18058609
146569971
14499829
27830610
20646711
33933259
14159148
69231187
14700316
156651229
1877831
2097571
742143
807095
5988062
26792275
21114659
9624742
17169320
138600717
30313925
15007149
50826280
939091
19397785
1339835893
409486555
14099695
2293315159
18177016
1093090866
813286
1536791610
779098508
378752594
151425299
256726591
2230693592
276626389
117703013
248167298
340388889
565701107
186829877
580714186
357883483
467350597
765178897
2388681132
431355812
203482332
877227632
589228448
248821892
553785251
42196320
301120393
216289357
363246406
215211299
255380758
16245822
325833975
296931186
709920205
1092488130
428097590
483126564
242303675
16817883
5402612
526343521
510058071
191371055
452564052
221393952
264736799
267236823
327722701
116424578
608583
1245918764
140070953
479937201
1414022851
705205545
215676708
138168663
166134102
23303594
266710172
52067288
256930894
478887922
351982911
1061705528
335590642
1578764564
867824388
2302814585
407054921
572960300
381057875
578016570
761676404
2189938194
1068408252
255460347
78555684
327121600
125700614
1475495738
1911370358
2246768229
377325069
529711909
70006375
321484645
306138857
52395723
46838303
276954895
294022640
12786512
303650742
293770098
237904698
801807714
14647570
533092662
317337788
19331736
2909809862
3092818390
792426042
302624914
434897540
417598475
798699296
49022240
733720584
45960281
446020162
20946945
474886468
183911616
568370300
387835779
95969061
438823957
261791506
207365683
32033493
3041769696
613394611
273998310
504269626
61264994
312481230
285905036
269248729
246151126
2391347905
215219636
296441287
90668879
52571679
336914292
284222960
67277253
245306545
518822419
444077833
250683880
1074415146
334274672
234504612
271485980
20419958
3020301939
940671944
10870872
389102746
267139205
263395732
168583654
402831084
242987073
395495145
299491272
162844788
2353440470
171782897
443252701
263604931
34239289
295410856
501973448
550153273
5536782
1532218075
288178761
626809656
244775181
66591836
375890746
284560456
337230683
162138001
385434112
1178099359
943379556
23573083
495694872
422028606
762489854
526557632
1875729740
1125691801
825792378
705586585
444773429
482831858
898736083
1160682553
1636130701
1639154582
1711762530
949510621
287493809
391826877
520937338
164405185
713505158
201015261
612129272
753848323
586003595
1169686176
601415563
565118703
812970854
1063917818
1667757000
237641360
739762854
841387495
231431229
826361624
357706762
266468024
109576243
1442194206
607802438
513583915
495857554
476920909
120585019
2438848266
2587427930
91794913
241827929
33344290
422516818
360523017
416256884
242765596
244511328
2301912966
2147644741
3013355456
942872581
413726361
372361577
2418754872
2199871432
465781978
102547399
1582021484
17919972
548605478
2819425620
335241264
556151771
45835766
16895274
3111572924
134880078
2513663524
436462735
340567343
368157378
285723686
1451773004
2903756419
14523787
2399311781
459684432
371828235
111407412
955334852
52005401
2159094776
54346778
595393209
34354551
334608019
360099220
361249255
1465000453
188877829
1437297090
491603415
878018989
242245578
219255067
60327493
15819208
175883705
351528904
239934539
143531181
60598920
177941018
49942706
25049177
207152105
169108336
458301345
245956466
53059376
6135542
71516564
52032722
480420880
268168688
1112593832
418793081
371397507
795627494
847775588
1179397784
1037818638
1256859938
989022247
470114118
1049929231
739368997
516723537
1369609657
985985282
1019261546
1137269875
507463995
1697371658
2389212869
1352476460
1913571774
1251456042
1238340530
1197200682
378134494
624552318
368292601
353932354
1024236044
122969292
2510736709
436702610
425078541
427471285
366592246
728592182
71308607
142256733
760546868
2353374818
1583261034
93898431
598449833
1077840186
719735953
231753142
1205123202
277196467
1085734802
1089332462
434219293
138388408
71287752
175394361
382018313
411469404
507489702
1137984020
537407012
539228988
455630442
1157183760
1707227096
358121336
1859858960
714421232
142254821
861041654
294809172
1409952565
130682467
275028829
114560624
296678194
755947410
569160633
16130330
91815273
92522167
91143053
94818435
279003494
83836041
246820825
259771124
23490560
48463418
67283363
17248121
28543386
133945128
18244358
17842366
17471979
19658826
32372834
19402238
579299426
247289558
94119909
100076513
179308706
90778418
79969564
98705778
143170980
49666871
84653539
1611332490
131498466
109958944
31292265
100394466
363210621
198288297
19722699
471115314
413842366
1543216872
452182433
2342973294
391693219
427425447
313785041
1544760444
405169962
109958517
554089297
372589209
585914853
555340082
423205805
220139885
591967125
752512676
178185718
618142723
46096558
1367070823
433863229
369978935
33473457
963867469
1231476866
93494670
39927516
364959699
420771847
47763245
348857725
906644018
20120818
470307418
462004145
715259412
722875429
367768541
301073969
166670571
155264719
69564237
506443152
702246523
637388866
34430135
417283199
165908624
340299943
74529179
14642277
50323634
431930266
214540048
204742161
110681593
189591533
23188724
162248086
269225854
266093898
294214351
77072285
258307818
142827393
119360445
107457332
265299560
339995041
703446882
70425256
460464400
283068083
261636064
329800015
148515005
52705362
242684157
169274239
351470906
234155021
334977254
76679449
114251189
2221243837
566129203
417068854
522154603
44335525
400823888
262299947
1244602586
479934667
1154706338
36636494
97232128
617716746
344732914
452155423
49257599
364511956
131328311
334865866
262733692
266827948
298412603
249610058
306661640
301637415
244434594
250231194
519467109
275558381
307415405
356699561
327233930
246564782
405131030
172663970
431717708
253591140
303482887
206414350
389135195
444543133
444777677
312179864
379309027
392360681
402711014
451498298
451490824
43113129
15667162
418985359
403283739
225268712
50796646
308004708
469129771
469421594
474900295
481198879
325268167
341375478
482985427
367918984
483005186
186101324
404303164
382793031
