14677919
84816752
2329066872
507607915
123930213
179245513
38360819
16801750
1265004110
57700994
945085944
2944616303
3225667577
2952027249
22920908
3509236153
2487247647
279569453
406423017
105179399
21129105
3444040513
27139191
159451901
4034704943
295
249420175
21872269
3443902392
15175095
14089195
3817749793
28956867
3409101274
3334410552
287598227
82290053
382319282
574221108
217785231
21718006
34930912
25503051
3350817677
3340584972
2608483898
2926744720
16672159
2902702024
52959265
3754891
1002526639
40823651
2440827763
382798676
3184473943
85398638
21360280
2254397996
185125451
1314139800
3080761
6527972
45921165
2977110796
40261988
874969926
243762559
914851062
52800359
2588541840
3439271429
231994304
24108943
1534233974
3431597597
29062886
596744235
2738156126
15823784
763893
127936182
2262399654
54414905
1202367997
368434779
2527805665
174035054
15270132
139824935
24903274
37106040
376986007
76156485
16269873
81160905
208577666
16403943
33014441
22209201
17881816
57440214
229385617
64498695
432962544
443164352
1855581756
240569603
87403396
182384817
37599351
2998613426
42070873
17356547
16411847
30238265
542642821
20015311
57047586
378204367
286742737
2604068238
2425231
2498265925
14977481
27074263
470443558
16963843
1730542104
281235442
17683068
44196397
342615184
432865330
1670866250
1551116448
875670486
57345007
87954771
182495200
114782468
26659703
1565724332
58972021
57162282
2218267860
271535878
136688224
11673662
45374708
2896911596
28089205
46063
245447315
12967532
9958752
598919816
16737406
8940342
573459961
2156951
96444937
525821517
949666206
105297123
1059273780
240663757
48771393
357895797
2471555388
280826651
169364387
524924802
33284128
21926191
444940567
16273972
1705885393
551149727
149760844
2794301821
19562228
32688098
33198216
47243043
239641139
30590889
53518563
952630182
62290422
592564090
1449000090
76357201
395961103
2775464537
349979855
330740614
12677962
97487983
404833519
56943133
443883661
57032589
423769635
40248692
22672934
1342659816
27216496
150646185
25392633
24869180
2249924502
34042766
39568996
501801749
65381936
22537480
304443027
896702035
52816029
43404799
164656210
155305399
145554284
44709211
875439763
14365730
15753185
61215722
253019977
636358431
560529666
121336088
934681
94682674
16887429
278694321
21841004
16302242
395549010
393228175
15237116
227626917
257799442
843112550
20536157
127245578
476234589
19774817
22611082
2341180152
1468330632
562338854
1155310190
462487731
572225652
786796010
20065936
317313520
45241945
223051936
43042353
749952350
284441324
525060895
1305995330
77888423
221452291
95023423
23234807
61830970
564686965
555928038
559675462
59003
251136632
20899023
123417995
196318875
43729137
273060588
158917071
294120248
25837113
42987732
37669435
21897334
19362299
549510165
76741852
251452969
204832963
14189626
22256645
20950232
265758015
26588937
362189733
468890026
96811071
53120768
36362259
52529896
73402979
6480732
21035409
24008967
28744383
68441962
22938645
47848627
38002432
19923144
31447081
101566422
30459968
14511951
1081
15164565
19426551
3108351
6017542
1652541
807095
27554557
20444254
26257166
32135704
241964676
24277551
28870086
428333
193095044
51263592
989
809760
88763317
972651
2557521
48492831
172882258
50323173
