3305404298
127398714
565676442
36843988
2955373702
14433293
33671152
2599992109
3115847020
1308957883
14260960
3304397152
753268476
2259066268
2323417579
212144077
85543935
18080969
14677919
106560162
12962752
631428686
18431914
15492359
74426272
3305641299
244439736
3103765463
1065892597
3366139240
854018460
2699600392
46143705
478212436
326687296
508549818
508920282
1704980533
1703007992
628632969
177979870
34743353
731853602
1310564725
17455292
437349278
2875471409
24581276
289502013
3355945485
119282907
14590971
14618805
267283568
267908574
29735775
201846344
16319797
68449292
18994444
331130658
703481138
2216654960
93265239
3020043550
3365612979
446186541
3432316510
458044590
19895282
783214
113419517
35220443
1267186712
201280359
50393960
303001289
38494499
3178474436
778102140
3085129381
1686167886
2993992760
95498895
15153177
75586654
150358737
142890405
1878084872
200617912
2208027565
2196922086
41777199
13283502
2164993487
577298820
540254728
105004675
20571756
1318702412
110470032
3092791018
284657130
98627338
2375983772
28362415
2253142422
135421739
9590052
102602862
205419822
1912163468
2785480981
2686834802
1948070077
2679600326
260089724
2686770528
61517445
57951981
15822273
33005367
76696346
106778795
195886843
454219112
849861
108319560
177663215
20263610
76117579
776038
1396484258
2505780877
976459843
70962281
1310562584
1633411237
1431349826
44588485
405427035
492496769
31629242
40368201
171537851
2655250092
129113201
2696795512
136674144
2669632417
1511813946
2751597767
59375636
2798575557
438972767
2900945748
2884737326
2669992484
2893343690
435388271
403587512
395164477
532355773
151006191
2701966840
131094730
338485560
111244898
174214636
95023423
305439092
145125358
18839785
21213416
389593324
19230878
864431
100292002
14899883
105314055
383498210
58942355
15299357
303713435
185561486
86672625
2390555030
554835714
488302880
544855025
166118742
129126435
475139103
120323015
182744867
114471994
595341699
232281384
136712548
601248131
120965579
37445491
124665853
238914074
370256315
89656787
76623044
280924780
64460026
84268812
261574112
347251138
63923795
1050680822
39217790
1038906546
133475863
55883643
393907774
14689777
366618060
19372536
116847247
188820879
91746832
102123637
90007755
137742894
65163964
54776864
306555602
44196397
125346003
164213375
30313925
16511394
231033118
471741741
26792275
24705126
92332298
26997136
250495841
97865628
373416209
277434037
435202527
111655759
83529586
19929890
60282153
123892872
