15846407
14677919
413487212
7193232
110450252
74686557
3165182847
1359216308
475700382
525580086
55117855
23544596
133143463
39364684
946201441
15311554
236906098
108075875
81864125
38256737
1299951182
1874789089
79367880
101736990
566707370
300844271
29420835
735242371
354984678
109615812
1936997696
16924386
104522489
44586534
21439144
27746992
20033603
22016938
2746425264
3061870052
15255537
5695632
15492359
48654203
3034986771
21600667
32451096
451656572
25333197
183585551
973870195
265896986
95431448
17846734
27725199
588396393
214969165
551149727
554540678
1546270652
394416044
237721837
2377180886
2232361260
15485441
1480251510
2315330924
20559491
321962760
2548495687
317055524
171554034
2292211830
2735993925
62768609
61570758
1017338078
148676450
97254700
22124420
24679911
322013936
2702262941
560598483
2365049715
60570697
536649400
281046179
23160845
365567794
191860725
1245699895
496518061
450946343
8974682
2224136566
84589508
158715107
116607364
772657074
25701904
61162819
82097756
2238930481
1331821333
20479813
1143551
250090860
17919972
22560570
2188688809
160912170
132123068
191614605
834316544
483873199
277955712
135108060
29044572
138040925
25365536
126584712
20805078
807095
16012783
21559817
344266660
74394857
580089228
278090672
41564966
191896597
115040168
292518961
179569408
29459494
22349389
243442402
80549724
301404575
20605259
186154646
187179778
387324980
44889752
8973062
48292668
20762687
465523287
26755679
15233190
26710480
550177849
289096030
16331010
31089205
397222934
12319392
20449691
91334232
14810827
522349867
295705264
20856740
552225541
202615909
47338443
475054418
102963544
68944770
87172612
6173842
98352697
15115986
324449135
80317527
49688046
166731291
634376331
22936655
426100444
116686965
85452649
6478842
298225776
271807582
20157564
16665742
278103138
15589307
65338464
93843333
132038193
84033587
34316513
41130678
409313694
52432502
743592696
52766484
707695404
223094666
423442459
111556423
111556701
113447429
19778540
150246405
18761643
273891516
46345843
81877564
300777571
21356261
44874400
436182619
68151046
68291414
132199317
211119735
75974281
249708838
76017793
196235064
242774440
555324829
345714138
17208738
191505726
15820664
435225922
247702328
57343275
18051149
210208506
18744957
19023112
44397797
19334486
17441447
571761138
166767883
215537170
345811633
306025835
399621704
490982935
21008866
16669736
246936240
408357950
67303057
22128494
185826799
100480169
21858860
783214
23617610
164721484
45842047
60703824
160926944
32959253
101928415
33197244
34316788
105119490
185314895
22624932
41229669
216299334
87416722
365416037
159975375
64058656
15790423
188694541
2883841
22012861
22253756
111557626
15034179
21209726
24159586
36322749
16515910
20901870
81816303
8974532
90430970
100220864
268414482
28706024
15439395
20015311
21506437
15693493
77888423
