14677919
32454672
313036632
54249023
76499936
47786489
43908012
6017542
35773039
1548489476
1191359744
26094519
3311851165
26648308
16548023
186105197
469138045
787709936
3897052274
70837219
26767066
355768354
3243658266
1546994442
281508066
5402612
3304364852
301145831
407309324
320343428
96709786
1027959786
82194576
3282692743
2994622913
2720203092
129689635
14792927
1154072965
168828944
284306563
275732971
23068386
169686021
15070097
274850343
210202483
109382880
90344552
48220698
2870078111
20094594
111718412
123100943
1056492074
393063382
1346554225
117983143
140157530
170480082
1187647735
1582341876
43489025
82256717
334283439
919987928
2784614714
8230062
220262570
100859635
1416289596
97341126
779694
201356455
2236488690
81747270
736365594
56624507
793971624
305226842
309232858
719183994
255747064
120835612
40747595
64420288
1280737226
99592571
381590589
624953558
274213790
1468571624
107613636
322004861
63491794
316826563
730924272
496072112
277595866
620386869
546623150
150043938
106220463
30221575
308923336
112217472
482655816
481768482
105372892
169155445
338103654
485444637
162500492
449274942
285225782
