3311788850
14677919
35773039
15164565
16955991
45842989
357606935
2611803103
970207298
13298072
36743910
44196397
216776631
17995712
2382609979
15084970
18320874
2916305152
172882258
59257941
44193977
16034754
27965400
451585157
26873016
93997039
44166798
7509802
39706174
202643200
14336682
40679590
51190021
2664239108
20479813
293758183
2881610205
133478732
112237548
137524817
127621803
233412289
297688038
2364943884
5392522
14780915
221502712
46422699
62511529
63592588
21492467
37730596
240734425
16161622
10508912
2430771764
88763317
18569340
2574940843
1546555717
445242339
235946311
2546773123
395688863
292326268
599484970
1163014010
404533056
381718958
917020658
627356719
16935292
115754870
595122981
312811631
301471532
17442033
47949944
209189212
31468295
9522502
28327606
46207022
79588336
43520687
129886844
35184346
1967497874
1608102054
1299969432
71876190
58677764
29442313
302041681
51263592
55307193
8719302
203086009
37793684
95065157
52860996
229453487
39646219
148529707
34377668
32765534
241964676
108318595
47648353
524478849
35385104
19697415
16122373
32207712
23839835
38271276
15450660
15950681
150808638
759786534
38443691
80028037
202315397
205707779
243639047
623052828
777794534
15313167
19237643
14293025
19539465
14427908
16476702
17069899
5694702
