2936714848
433426660
1399589509
20160279
436795156
725877222
32359921
14138785
16273831
1004111881
8161232
153209413
148685893
4898091
788524
16973333
16343974
487118986
14132853
757303975
82319018
15846407
26257166
95023423
19923144
713993413
265902729
789605024
19230601
627673190
343627165
15007149
1180379185
364814031
25073877
325830217
1536791610
117087700
25542752
1339835893
1897969111
97383592
579161563
1330457336
101825544
10933662
23096405
263284370
23742864
14363353
71209897
135973690
248929204
172007148
331295289
45108241
138384047
22685200
11856482
36117822
493365529
63977305
1162687218
56891751
398212417
2914442873
470130723
440572683
1774391
238554588
24016767
36670025
157011426
3966274831
19397785
2884771
1877831
91478624
23970102
177583133
110445334
2836421
85318467
373978904
1303300358
263424208
69266428
342080796
229860431
3236167844
14159148
14677919
16664681
126733638
15754281
599001082
426202914
5392522
175743717
99269431
1367531
276939439
2467791
405838194
242268039
5988062
87818409
14511951
312507614
1271847240
211097271
849046687
2196330416
2181989095
2409099805
840183452
3363886559
1055671555
419885859
372755940
14293310
22059388
612473
25238117
50393960
2555363075
91316071
417827973
1966580215
60865434
96951800
300392950
17623957
1440641
30313925
3108351
4970411
32422915
16588111
20609518
2660817925
1169094199
14749606
117004644
34613288
260043508
91348961
17596622
3459051
13201312
16029780
8283082
22692199
17842366
18244358
16438248
204481211
57320024
112411597
39975533
17409452
24291371
125346858
174377718
14825399
44886859
16807921
173992307
15066760
16365636
16211434
36184220
17471979
11348282
130122646
372575989
10228272
783214
813286
6017542
14173315
15012486
28785486
759251
9245812
2097571
51241574
1652541
5402612
742143
807095
428333
210826200
1374013423
2416080146
870124494
216233890
490562449
340165127
360656781
404853332
2206859639
399437678
368820005
146938148
95468157
470344433
443616807
347455953
2319406742
389666467
193661827
536946515
1151673312
1571176538
199603199
1530288734
109701995
1407406219
2375171504
227248487
193374017
336234371
155672166
131864253
427447555
497910494
554794500
150810120
840094902
199852243
902623885
188789353
194288683
2176387483
1187184786
577786951
2486923051
193744748
838641278
1343349667
1398663079
216728074
176751307
891599330
8200952
182506377
966318637
286115588
2613181825
108611807
29479000
14850955
2015001
