4073671214
2646010795
14677919
37999041
41825940
131497030
168247706
29819203
452521774
1968918331
930065059
16374818
529073490
2652434792
154584515
15986586
16313140
42456781
19619283
35966060
2254236379
14353392
3431049065
3423786359
3386857816
453319164
17932268
19292609
81017621
169935367
829208354
229015394
3003557759
101848937
82200007
14328009
133403055
3099939400
117118928
2596209283
17447650
58689873
15833906
25833134
1542271627
2764499273
594334852
292139649
255199994
33501322
58906021
31570500
52818466
46200798
2951528028
55339637
291307018
44135322
27315560
252279328
86156957
196664016
2256619500
843676981
712913173
775909122
2869840833
2703759955
2889214542
3220236160
151237234
102892844
8935892
322956366
68292687
168369486
271923227
386191464
987524006
14589511
2991383912
23990406
144749718
2478900072
1957561795
21139222
50352671
833426498
34996738
270394054
67765766
19085363
25472190
15484699
15637233
41847810
21039338
18691048
62513246
15846407
836128002
14471411
73244642
28231866
43812483
960987066
119049214
17718540
38508305
336218991
101583613
1565908723
1101377533
21410088
20058011
73411939
1684206188
261043146
2751789443
511035877
298187286
14886998
301077237
227904610
31050859
21311753
17622191
22981313
1300661022
1071168878
95095070
18624566
59949396
2788915267
22523624
1893452180
1541864629
102468485
269371710
821531618
932517757
2528218604
120677541
2735452453
18292346
103658443
231965388
15019922
446652269
59500882
17275992
373267070
33595804
15790762
42442665
28165335
18511475
10886522
343553031
250820370
36743910
30340726
69300956
2918128349
735914766
198567769
3045719249
16955870
43047693
21267555
386354508
2274777314
54990276
500704345
107451380
2494599622
16264395
114681575
161913667
47629596
1633697425
54317932
16958125
18948541
39114551
18173356
25767947
1500016500
382891777
218302912
1963312058
1949160817
80721013
1093090866
813286
1330457336
18938912
15295015
22642788
151106990
601272568
17632568
433814640
141359596
526843552
76147989
16265709
242015951
24001550
1636590253
28647343
605426336
44196397
19725644
291226192
37710752
1077214808
12137172
22439328
23642374
248798509
50718079
11107172
2517988075
271725689
84957890
24311977
16596595
214641138
35394116
1911970428
397418967
17667706
712767574
33412856
731351581
408023799
275240461
1537100460
34349003
10347282
44510682
2937817167
211333649
276048168
2501644740
3107338674
45556417
76510434
2893751789
268477374
2722912333
1849980710
2713566165
331331796
1049586464
59151161
301046512
2718054817
15485441
124659163
23200125
2340558698
44061822
356872253
1546173288
2902493199
1651805414
857430554
306850441
20818801
20609518
19334185
9207632
14955620
18928144
396167073
113570199
47207043
205524992
335564286
485712751
2193242976
505003779
21504991
321584756
2808369816
833662453
244815421
56321489
2919736367
291643638
3002842400
19852647
160276009
2354897887
286337674
291532231
518617012
308716443
44998693
411859033
2839881693
173630032
21935181
890991745
285743151
31178767
15682644
331816614
340649350
22488477
888009926
326123481
18874870
279331346
416474386
159888597
16676538
547979812
16686096
482657393
15184655
169955426
22282401
91390201
334703496
271970590
18978447
285706952
484074307
221835795
292492274
1022283996
334683156
216549433
2227105604
16303106
1482557132
229741178
18495891
14062180
16230239
28426328
12133382
22878150
5392522
454959226
23544596
14352556
2467791
807095
15164565
16955991
18510860
1947301
35773039
14769082
37356569
82689705
59547153
86129724
15309804
237845487
1339835893
29822849
19949654
132201224
58928690
16228479
117501995
331401559
27698202
24792603
293131808
21789463
21533967
2173418911
18251414
301474643
49697450
73416019
297067961
37723353
36047098
15446531
41821987
18622869
545336345
16017475
21707098
49773837
15130900
20809073
38507478
125359805
55969169
17179368
331803536
253152109
25089553
87711945
23783962
351105265
