759251
428333
807095
1652541
742143
5402612
51241574
14062180
14293310
5392522
14677919
14075928
602564904
235851219
2385542545
192232086
17309850
15809522
389038362
223268131
2871989023
28140646
26053643
115485051
16303106
28164923
15568127
16732770
26574283
15281391
158414847
14216123
16451932
184975673
2281140806
246987808
68784947
273234474
47801835
89385242
144966998
81818106
32144007
14803861
14914311
58550415
29546945
27277991
389111071
269400185
24844992
90599824
254105385
1434315109
546261277
376374623
206346474
1038293940
50096544
22930219
117794441
87518414
242936168
18521430
16110220
67683130
1541125507
27828616
86981664
210653010
214817215
109248098
976501
76425792
43111565
44668946
707913
23439801
20154994
508112079
106182754
2717254872
892219807
108713959
121626258
24931027
34955691
67686246
43383705
40280830
39604436
116589491
180821354
28383739
25743813
132341780
44164244
14780915
12449542
27704218
211918431
244236742
14353392
930223086
580143268
164448259
36129624
564735028
15729027
126380866
122139954
1340112085
1429587566
581971753
70202449
28370738
167155452
39103342
67133275
23508439
365644014
26257166
19362299
123417995
2608483898
374188235
16986696
18976899
54622492
342736493
2752878025
2704793094
17790274
14885860
2666849024
2597965466
16288269
608751922
2411527140
2376425282
2374753350
2349169554
18369265
2240894521
185125451
362419965
31447081
33615152
59578815
157157264
188154246
24753339
54218347
20732143
23481561
341915578
293812608
29062886
19176242
25743154
373471064
262452184
624413
34701524
55307193
16672159
2557521
28870086
32135704
51263592
20950232
467029346
22686172
55701514
61468508
52329829
15234542
15353485
14993335
63984885
20899023
85603861
50392176
2147754218
121473537
343331728
37106040
19094197
23472029
34994415
18771223
67971206
128328450
26035287
87583436
126518959
1911763093
1880303336
17910878
1852435994
1707346969
21051349
1619089981
1598127745
26589987
27637990
1319555294
29250306
36375662
232191362
124186297
79324390
18418394
200642055
1574298170
1561322886
1555482840
1555388828
1018962620
1546652635
35140764
586671909
132178422
3108351
1119891828
362065175
14345123
2467791
76746335
119171995
110617178
319309353
174252919
110189297
42468577
36137810
275621209
304651137
458909615
196668977
776049583
987347125
407431167
25121410
39419180
223937234
500651859
65184105
20221159
256550750
498961017
19612760
36375467
327321402
24391041
43935910
46715437
1287119754
21894161
73417273
