1345328250
580177658
3687721995
14677919
450200372
2920014210
71016845
33933259
204832963
14075928
93240796
1023072078
325111173
1328109792
87818409
37699718
461521888
23056885
20609518
1042800374
82726142
16564308
1609352863
87403396
2626250539
338513696
3161679236
98033662
2602536510
2829525268
160577480
3020348477
138166008
1278564168
565744605
118591854
108514166
15095492
894552380
171298420
1633566830
635024437
2857529390
2550474648
3309030585
2801941251
2417530606
2281482438
2796910988
580097412
2893511188
392443835
2151145357
87118217
862496382
42170658
2343819236
299377604
2915293767
1451004590
950992585
1190425374
160604871
844766941
262749118
44024932
199841160
767959490
2934046889
3175249443
1529634032
123945193
154714727
74231747
19888804
1385806710
338180205
15846407
926943133
159219203
2910407244
407977463
1198406491
574023889
611530014
2349042853
18857913
312998749
780104972
2367679728
341568805
39291808
421520904
76267275
2859913661
632192006
241382835
281319589
2468009286
715411856
571299969
106887086
433567037
14380175
326020899
82680502
40342628
564262108
378889322
47652150
500042487
574168493
251496825
340252773
262375385
292743269
348224496
16581734
3063032281
2951587423
164596794
35865630
2688617984
49373600
338968305
34425121
613605038
249964403
2454374965
205014830
528047185
2499340946
2537822652
615214819
103547155
71130723
346131990
593862367
100843128
80911018
14898205
557341646
110782540
10172432
25464493
169947160
153171196
95578759
281332990
116114678
19136470
12147032
21637917
2541328913
258571707
1505310800
262842638
387901517
564000560
483195215
510442411
117613573
39940842
264315744
154584937
292250240
17796018
353470271
624310431
177451996
25439493
231094448
14825399
20595739
7568412
47050697
71161095
16895981
422022681
22238597
1392641706
109137587
158067264
125831869
227108333
257543836
2359970232
19456795
7789342
57974141
133723917
1632903139
108733074
142464672
2349801090
302544926
17941752
309415831
19180224
16065736
16928002
75794313
853010233
161238491
171643610
115557694
24216951
627424940
755915958
13
212139804
993094381
851042137
31584502
1417757094
110230887
17471979
386114018
88981946
88738873
588100230
378804485
105088066
273570538
237891263
150850609
173661036
226311027
435463957
20796836
108693121
60797231
313036632
36575741
122087856
247366191
52805407
42433710
260539054
194140226
134935097
112563680
45696879
181009835
71520587
2296358580
14313749
1238377296
103749516
632097030
119162742
2342488292
15492359
36843988
225659215
2258405754
75346878
227771636
181174611
94505346
168838685
15381240
161067006
239547732
82655077
186533557
151908132
162090610
9018582
4954131
346475520
19543893
25587721
20255162
17768307
325633686
18173624
21235967
60642052
342508794
141082851
872125645
1068428623
300010597
802232726
46204694
236010347
199899327
23693988
302697853
1169023873
128058701
115164134
594725175
349932040
310554936
86743036
36240243
19303332
898435346
200255534
15244994
16273311
103972483
18864383
42226885
1081
17007589
9070222
11684462
14749606
1581511
132021364
11069462
14376953
296019552
571202103
11695352
2735591
57943518
106837463
783214
82303907
454764098
242631499
817821786
24585498
46076864
48313500
47072434
16946010
126014371
484092438
264972070
15751925
99898520
299858063
103161101
46122264
124538868
142445240
150248263
443204740
380361620
124481401
87684280
75152020
422376094
365566665
426904182
108665473
84243108
605523361
101822256
110968865
110236736
15285936
457960756
269557681
124972331
78058505
252339863
245207280
572795593
180803951
551582617
600701358
29855407
454446620
44658974
271171026
317396579
315618633
269583792
210240956
99665527
153605483
176324514
19542001
612309211
15971952
119152339
94894852
365218145
167052661
439409834
158540298
299962467
771836461
804749520
450092904
98877097
13491742
82534123
58546783
177406577
261849620
56294428
378570390
545077126
49606083
103151745
627437938
719183994
357472510
166501881
79297425
281315046
16942236
52107950
72122796
115226118
305719183
627980447
319818191
30221575
120835612
40350006
64252300
82789731
76499936
33590058
326778939
597668815
273617063
106580581
169155445
74591723
269101428
21144860
123436454
99572790
88050213
197513011
382149735
34756276
78516011
43908012
188280800
36819808
72188729
36122820
793097509
915207834
89210037
30917455
727174735
67251991
260957606
301552953
262951508
99003218
266693748
450296466
107120856
72697688
241317525
148006880
27139214
961866590
120002762
61125353
73031274
43217428
163310764
34357406
32694717
86242797
397441409
131172036
372042282
53193053
189652229
281829164
189770284
508922596
112211586
120036324
109237155
27493797
52980137
399720828
249060363
194208299
63266260
99671722
167681574
582005107
292041322
200778826
209341458
359146282
930172530
374799630
14632424
74081409
34829059
243239031
63580647
32645746
558802552
192460023
319319501
729695924
933149654
762523796
306590648
58865817
180505807
886033825
49745621
600626924
159221579
125104349
72934295
272853521
107930490
467477544
34991410
30996535
98495770
303427196
224320998
48542244
298829287
375594888
27092674
161052788
95315655
213493652
142913793
63486484
48505632
66878626
76239588
10425182
186487062
18896424
17151058
278778939
105577055
159377495
130649891
133824534
85426644
176548059
70408658
94043725
241581337
336446607
61885085
174394200
84427100
59245947
41814686
374619583
142776442
40297195
116541593
136071518
140048972
186691061
142717347
87052979
130376756
11740782
36443298
58970005
124052939
7905122
20536157
14868699
46186400
158128894
19148708
19212009
136361303
24019308
25589776
43192807
2883841
39600564
122371634
91113361
102840899
92635224
25351752
493379699
35640173
177028486
538506676
20458105
