32359921
14677919
158414847
4970411
338534212
67358777
17093617
14511951
556978196
34713362
155608385
20636279
312195939
96816398
16608381
49701099
484839552
15754281
87818409
16973333
19706851
156651229
15108702
23484039
18949452
5988062
20562637
1652541
51241574
28785486
15012486
14173315
2467791
11348282
17842366
22692199
17471979
428333
5402612
759251
15492359
17824922
1666038950
14171401
41814169
11150432
330101332
19658826
2097571
742143
807095
50393960
14293310
91478624
19407053
8161232
21240991
13298072
344538987
4767021
44196397
34743251
