37432982
102364880
4036066393
2645085380
66935683
76858507
619260499
144191791
3108351
9397732
608093778
2282073919
39585367
2257812157
258615720
38647512
29958928
355989081
2855255702
169018518
67378160
311032328
1622851470
2308001365
101494182
64470123
545905203
2751753181
66334209
1642669674
3274447458
65851020
22812734
807095
1216808342
393589658
3992978957
3633911953
3546375133
783641016
974359237
1108627309
965616013
938792504
903300613
577293464
298176210
592988579
569504256
35171401
1148895264
366982311
480201864
373232926
773076338
1376680338
201618999
3222354325
2202654654
14677919
15143478
997629601
232363184
84339577
585896820
567240884
46078438
116994659
373416209
152919679
3018927860
3611982912
3102440496
2259256722
2553158526
37034483
2444889476
2384114528
91324935
87818409
18373968
1435068858
589927445
260697790
22906080
1429882458
2431635092
3166282442
34131007
103065157
246194416
348674113
2369019026
376679430
2308457562
164335216
4126501
2311557998
883883034
103849564
1133920393
2403063588
44409004
2834374682
631239082
115887279
307786551
99608178
145607857
144776847
362506755
3179572855
2243705821
40673794
17717614
37168231
559345507
26751288
2469303704
58520229
31656892
3213483091
215224249
56627441
341386415
2989352837
15488813
111854692
2890506943
2214213491
3165687654
972120283
1251142638
572517477
2878094030
3227340368
563151720
3258576966
3052426518
2362237572
96797152
176776063
567978162
2723304901
377194473
355874903
106308661
2876527392
2526794479
2920513447
308453565
2263851657
3258563167
143381497
3980260518
149043514
117473093
1062742964
392608775
399322523
276844070
83663427
3317109217
202772126
2322583944
259604650
3503764460
113608783
2543999400
2513673019
598524600
45116820
2377416667
44704537
324794662
3035228191
87627979
47685065
464885815
413802355
3701080459
3033106991
149206528
2886938532
136492738
2255890123
2958698701
2923474212
75311070
784406850
315421768
2430174896
2398071829
1394063965
1263706735
1019469630
1016786527
2871487935
67802523
71815077
2999364859
356412877
869369718
3900682159
3894234912
3250414898
1269837744
1588243956
1714433144
3068190504
466882955
248627231
90687780
2338104343
281902422
140730752
101215084
87174678
143776014
1269695654
11695892
392773603
47543773
1657730988
76134964
57928790
1669854782
378056166
295833852
2331591042
273883415
17850606
13508182
70179948
92945681
165506153
21551205
2284802828
18681139
94163409
92724677
177547780
183230911
11348282
185142711
783214
75246346
283410655
243023355
1897514666
348988523
582653236
2938972718
68705908
810528259
505694805
33464913
3097503906
172057857
1154869812
49375859
2892809359
120965579
2547533580
105710210
147493686
295251095
283916211
141496671
1978851349
490442018
76558553
263090427
576348125
3245809837
148275530
356685886
118024094
113278275
15093629
547998693
455324411
97913631
358136545
25966181
50393960
936695288
268676434
332188446
118757160
2591177678
18839785
122995784
137780376
140047339
2381667174
252018855
130159846
2214112296
32843303
1288175774
350128848
373280952
2574072036
230856076
122453931
453507741
166665752
61458407
751400048
381949397
146832501
84352985
131763362
97537762
258283931
459849561
141208596
339040963
588587397
287156977
2954801713
56097920
3066787711
1624707968
15007149
1330457336
1251083774
52339151
114375529
59983585
1072993274
2222673457
1368737382
1324334436
203601233
2597413135
130104041
97217966
58243368
1346439824
11530262
471741741
2183816041
3171712086
1153045459
20427494
19760270
1119384594
1910442534
165085226
143409075
1516683008
102646919
2299677025
219617448
277434037
328941811
44588485
119456978
347035710
97865628
122928781
1447949844
1856414335
441636351
20609518
1492538024
23061619
260251320
77732185
19929890
109275593
75509967
50943008
56312411
60937837
786958314
135421739
1696737798
87484569
57948579
75989138
56304605
78259714
561335546
1072915220
1243173036
47055387
64779045
303952497
53556894
101311381
40400019
16293020
19895282
24705126
773726504
16323656
132385468
1418662837
499630183
813286
138822469
1317076194
30417501
47595335
371730289
141633175
711694309
88856792
76294950
145125358
68977380
405427035
