14677919
807095
5402612
16042794
87818409
16271933
89300655
236985811
2842028885
59113284
123587048
288845610
18943859
16958346
80652657
47334364
17156000
282561154
387774997
17592525
355719805
53909502
43333326
2444419244
125686327
3434625748
21387185
34113439
16029780
3459051
17596622
3554721
29221344
43194755
20015311
11348282
490859038
2783397577
25439954
31641658
25511982
3293557029
57502663
9782022
836482934
613637973
2854900121
484389830
346384098
183208096
556297194
378746121
1007905507
36790140
492356412
35391464
506429053
316516593
3062291902
417436186
538258574
130642986
259137610
43928023
14912751
49951756
118648043
20604674
250024481
39811348
40079154
1061199470
38466098
14883453
24211932
2835276183
273283549
2744746479
438559196
451899529
970207298
369751607
20761505
14135874
385229000
59110660
557801745
16808198
380448111
2323908577
13201312
15406225
31080039
35169299
105567849
346757691
2425073069
323099185
553623034
2288971413
741117194
418505001
49882673
958998426
1270193840
56326958
503864856
373406490
50066461
20843589
14091091
15431856
256389664
566457504
1599066002
2374483448
17471979
19075773
17598047
23160845
237845487
7793902
65141161
16426690
21980793
87278028
18766296
74110421
41572208
262466874
50550768
117195116
32795095
15279958
2182229274
36931424
1109340337
279150682
233785581
174357608
163482900
1436196109
218583305
340613443
25849700
602317143
533877945
48343894
23466044
988652018
43436224
49691284
227336204
1359996212
261410901
88856581
56104093
847954004
19834403
128991770
1255560602
560595367
263737153
337808606
63076720
34321294
501109697
4427201
1115244296
170033834
373396902
268490668
122228681
219606680
985591332
15014328
79781476
538387769
18103148
15173253
223821826
490770140
257076874
128473658
357606935
71018426
436255980
30453099
117431223
47619901
270539058
57813038
18375138
165962611
21535975
707447197
244337398
20956433
16842063
31322844
246889129
69666615
365673204
20489879
65446821
247867990
321565463
145303900
38259087
15224867
24400530
20248222
85502907
16517711
473540168
23815359
337101550
16129920
36519250
20856230
312499275
37585842
20871328
390377012
49585215
28090945
18124790
106669167
9701962
294352657
19697415
25042112
16433655
219613154
372644838
48738972
278450153
125641923
44160978
82544833
206054800
142460064
20622466
24841464
191988454
492069300
82695299
395702869
141818745
358414838
59942666
20878275
19489440
135101524
101807769
86411087
43138512
26691755
347413892
87868609
30095364
124599979
348998306
16431751
416865344
46949238
21066807
102459190
17681513
313091751
34385088
108382988
110509537
15428195
179222056
31351370
277241578
36203566
34793170
35175873
342770193
