226087776
15632759
16929349
33900164
24871896
9799862
26793734
14222518
23776526
1198406491
305694283
102278356
2425151
709951069
377144743
30273348
128393253
3131072128
322255131
51079493
17070013
78987619
21125507
53853197
17823690
481963424
15234657
21734298
177240869
22933669
20082465
19923144
18479513
40104936
21254264
28665877
234257674
601340340
75048360
234181051
239987736
374209360
139986343
189664027
189671070
265483421
588073719
601320686
54060157
39344374
39349894
7744592
17461978
978515149
130684475
130681675
79633819
141341662
58528137
556850263
1209766776
294138431
14836197
2918840572
44648117
2966774301
406601791
52407188
56467296
57750211
70221001
25556204
29358917
112539229
48799978
15862891
19402238
34554134
8295072
149760844
1557315432
19599171
26811908
4160134049
1349082427
1086485478
1598644159
786796010
978908012
153629442
145565665
21389945
23770107
34021662
144130505
1201661238
279321785
434545375
23114836
1411714243
74791999
566846225
1752789446
612009655
28186908
199110089
1107613844
14942684
14942701
30849103
1242575052
117662694
18244358
52939106
129051309
39585367
260741931
56879674
43192807
9245812
17842366
9567972
24579796
28395645
298093949
155773828
26576457
19608297
17544803
21148293
90774609
403634921
474191974
101802390
5838072
71876190
30333898
7383122
107436986
40302362
756282210
204832963
2916305152
50627903
19412366
193477235
214791922
32445360
2283983268
296124616
20108560
575492930
321970500
72147399
165870323
143558957
253456874
2850398477
18707397
151595281
115163165
2605027879
1443770749
61824637
1408003598
14432910
14740219
23439801
14678271
24894216
20234637
27055945
19730652
160936287
78274768
62793677
12829812
5943942
87818409
26347170
107544554
14236207
48504743
15891115
20435270
175534926
38006335
2173131228
89539134
16565260
221140614
20238886
15112070
15398806
187289349
26770785
19790261
512498463
30278532
7768622
25170188
35738491
69072737
29736938
20929096
25121521
48336713
266187076
204491797
102446093
23760251
65104337
24241031
16361000
33906088
138346220
22498728
48468769
53553675
39636684
28174342
20364051
50376975
21917866
19943507
27039668
63253045
272648802
93962498
15069555
18967778
43645100
28535982
25904526
20482631
16004470
17540485
44134432
26637884
34973485
24208073
27709640
18493685
17280662
1694201012
80067894
73402979
512820440
390968688
1161966614
27086783
2967981183
14463692
18979248
1487633766
44426926
563927881
40047022
22782200
19828767
253283120
266022254
241314317
1242151896
175420904
552645379
97112924
23517712
41405896
31122496
3142253026
3888803114
3479661557
3975803721
70802540
386267813
2674311480
2834668686
124397732
3815657300
3221545312
3448954455
58059668
22271657
33935729
33986777
84858154
17534892
38456670
122785730
55009312
92366624
119757145
24872795
17073
18783973
97794784
51173699
16572648
22206550
38057076
87252366
16878156
16496377
149766359
72951610
216730958
1456140842
137455381
45692284
2612832829
54915692
180251591
29272172
1453421425
1197990025
2407055273
50435228
60054156
28445867
348379865
68399194
44084633
274040176
73359920
34395888
30180137
74151802
287743077
368936306
132970182
24890551
398082307
622073561
3242704821
3057854270
2227476776
3991443089
3192341324
58484557
15245706
43778014
15398794
39334971
14629092
18061386
23396440
15398780
1392368760
26860209
20594741
74296039
28464786
28464656
174016637
21142831
37988004
218899577
1360277953
2216675940
16369343
9234352
111428431
14082692
17076391
38949480
52401028
352510411
30932618
27697863
538021652
171685261
50322409
354563190
1194959166
1162623296
15809522
16589206
50396027
21096869
41305464
44908387
15987295
106837463
72581909
3044157516
3203128031
4133351643
2417864958
280511170
28390125
17064466
46155808
289031826
610550828
3190070881
17986973
349993647
3939131596
20601606
3184305375
251884115
315002750
25139751
343385711
176485973
15110357
266018050
253282527
266020924
17088779
314792669
917413946
2859212861
3247078106
2439032786
25983654
3138119856
19606528
17813899
18682917
7717612
38530021
20182642
16244789
3194172905
4186410323
18435393
14282672
59561160
14527393
71149765
2363197814
22708797
18978469
19349317
104246994
5496932
76111908
65069927
21213678
56024295
2249240592
16320634
56747571
112541613
16958346
14143921
435027723
26570717
9366272
3554721
18713552
14634720
15639642
16550480
41537769
41572208
39811348
16029780
26287962
40079154
376708849
104156791
493889332
726399901
9855132
402527568
5360012
618288313
1613088889
506640338
171813775
76979789
300783110
569214790
256700716
2477223752
63076720
74712538
64090343
502281810
19725644
351221537
32774989
16691049
1228329511
221399742
34572451
688583
35449630
23126875
141052723
280582344
262359713
25173006
512446262
14089195
140070953
138372303
617565338
2927758254
21320186
431765364
811377
395589480
2327933017
24523660
122258041
19784831
20177423
17899109
166366871
284578421
18812572
113425681
21208444
16689804
27844479
128970816
472623389
2367911
85772748
131351549
211918431
16309536
14376953
25326324
23214173
465723566
80655102
16096416
144857193
72915722
488893122
19546942
14575107
39129989
407912092
20214495
53153263
1470676352
158961733
239069097
2293098260
185260477
24322323
28562317
398121213
15888142
16827173
133093395
89503894
479442734
63420653
16581604
62513246
605571973
1581289837
2232398257
2327359038
10810102
248747209
18812301
104969057
596893898
2194124415
48269483
75916180
161801527
2217513355
28349128
29607539
88706045
26578816
211204825
112724402
64736207
16228408
72309720
41135906
60866477
314443860
19524050
65414320
36569036
19069222
1216202904
282713139
917801455
6446742
20793816
34617274
23051122
188039706
783763632
1332689275
73263150
32717570
14675685
311205590
35999306
2571460466
863528934
14364779
37710752
216387646
4177916716
1056264067
2478895154
3236331514
4004610382
4010876489
3933506715
2815156148
584803716
4206424878
3889417633
1033720026
3850169353
3202492083
2932765525
3305113227
3435677291
1585646659
4138830082
3195772062
3241476923
1075438538
3963090311
2610053203
3216507732
3407018019
3503760095
3290236540
2529800118
2962525243
3029061424
3888598820
36947388
147769291
21217034
17852343
14497313
5402612
103060329
51241574
331057915
322744081
7517222
2735591
29840295
299335572
86316760
82762694
21255118
17169239
707913
190441693
17244973
52422878
25589776
25928253
17602896
41259253
525713285
41648843
82447359
34705686
6017542
19542638
85542430
506652594
394216985
258825696
3331262470
214684028
20265142
15769327
295325513
85665440
67932571
14939981
38190507
539004555
807608628
44375901
19081001
480782173
28208983
21447363
253817293
23680913
80700514
392850343
26598593
1373486120
110445334
112047805
107125748
26487169
37764422
18791763
16841400
54311125
50406009
2190821677
217324738
16637874
3004231
23561980
183310940
222565407
261445178
312326409
36098990
587977476
1483511016
459350904
633361698
15392391
1152279248
31239408
15317676
14293310
16012783
15934926
20455625
18138157
19247844
17505100
15162193
55573873
34258758
59247894
15911133
44157924
20012204
47871568
21701757
40965341
16688718
17625522
95229500
126614785
95386370
23375688
199194717
17469289
202338684
11319582
234348782
28412286
15224867
14934818
21401466
17242874
48797251
17230018
58056537
21982720
145640922
52672768
20196258
25140900
91390383
25399731
802939002
332638587
57084769
28644174
45371222
26020351
586892658
2786311606
111415036
552011578
203083495
554525564
588730194
1435811695
910828603
2316464970
1432138212
353133059
1256551418
2606019680
1414046192
23599461
600528057
601098502
562834109
20549630
117590354
2940103081
315864271
171284237
43973209
73273614
23922282
361961997
78071252
241382835
562381032
21774892
92367751
73443014
336116660
243284052
17844280
275197798
33041426
40638578
256302342
304679484
338727056
413274241
59379182
20255162
509531549
37387336
81783051
24807616
21542677
88749392
15962096
20798630
15918501
19678610
17388955
7514802
14286496
15635604
20622594
22061737
33860739
16000318
32036992
166739404
142157505
1228516999
500042487
80096621
26309215
300355838
41427641
25343191
66515223
69231187
16303106
19554706
143257853
126400767
180124279
326359913
72568426
23482952
16409683
18647765
14791162
1156866230
136361303
436292177
9300262
1636590253
571202103
1202793056
443215941
205156123
33216729
46116615
22821175
141744481
21375127
720807924
27687672
74696369
26565946
115485051
60366615
25369216
16877531
150791272
19058681
334316063
12101862
20687655
50056496
43969388
373471064
19947379
22657153
256573865
196746039
15984698
16727022
33578424
214680621
17996543
17156000
18949610
268414482
34858439
259379883
1396161031
25986796
59325073
227480273
1183232918
20015311
255388236
29547045
117778179
17696167
119509520
100220864
28221296
32295125
15846407
28209292
23151437
24606439
75974281
24900321
18133405
50393960
30817847
229943617
40908929
22940219
31524680
44409004
17169320
17135313
145357274
37714054
20034227
26081250
64551320
247007786
17328747
44157405
612659024
382911917
34740374
16175727
89509937
14922033
1414372314
207692492
40280830
19106384
17243213
30009639
24109419
31285982
19614344
23097023
41865658
64475740
37060788
16460682
59880071
7144422
17071048
28172926
30261067
28140646
2281044080
11348282
16211434
289431709
20536157
3403314244
369041043
25025426
17161974
36626017
18700864
14363534
14074515
56799476
20705745
49757093
50010484
190320358
106062176
16669075
17409240
15647676
18814998
148775202
1852233968
365180990
71016845
19189209
412303032
249677516
46003622
39511166
33933259
20646711
38146999
17463923
2231809789
2210179687
78022372
67358777
45805162
2097571
16472537
4898091
69620713
32359921
59486068
26792275
16973333
94358525
22515362
111631534
24691376
15057943
17057271
1440641
30021636
2392749386
2902364734
23440269
196595007
60998442
351895337
324981237
2465473375
1337667066
19752025
365255001
70763961
131534921
19557418
588530386
145756090
120249952
69696141
60769695
135175254
2873878948
65175962
5120691
2848792654
16544818
2243215728
338483872
2360069210
130248700
2787038071
18169053
17366486
14199378
15092914
214905348
3141767399
376788500
988900345
50643002
28576135
166196985
71256932
14677919
24886025
128586894
26516115
3022822647
3100042371
282280747
236347294
164715263
3178429320
216881337
490126636
2330547362
377569923
3119839162
318018212
856765788
1447124390
1459232030
473352350
370808273
39280808
267943150
989831803
105103721
50654822
38142665
23790360
274811768
326698989
3326522459
626384623
3421784025
2561597334
1947301
15675138
16955991
16016427
8936082
5695632
304909941
36329597
24150634
206717989
17038090
198618575
20224969
16312576
23970102
454313925
40848062
14342564
19658936
29774968
1418202948
1536249308
2870020492
2390472036
382941150
469523424
241186051
148856699
2931842704
23475372
1887122408
105116603
17172319
426898356
356244914
3138135654
33160996
972229766
6507762
712897952
28870086
790136510
277596528
270949258
25355724
521321191
1131739027
33655273
23632910
18949452
14780915
22677790
95955871
15687962
24963961
53717630
65289126
45316175
43128684
35865024
20448733
246481013
15074642
60232929
145745936
47404677
78951399
16618332
111200288
40293333
236956880
124631720
50372842
22256645
16331010
125481462
18519661
180821354
25743813
234053160
255798674
316756361
20563871
413364940
68849677
204489416
1261121442
27988038
301672010
1715051
36686415
917457446
24894496
213433706
47166541
57547634
174593833
248917209
570218986
52757166
403991138
76856486
523632806
33135440
1247686147
1286167610
856853761
745484492
98765275
47285504
10926202
257234051
372897535
16352599
16305330
18173624
79242290
160415086
17076726
15279429
20452058
14782164
17525171
31927467
40139016
85401970
1132994426
262673613
245548093
82730691
16573941
14353392
45564482
37106040
282554931
2883841
16685316
217518231
57097104
17399269
258896042
244236742
318821694
2986579774
209722712
586136477
245992215
14790966
301744581
9624042
17446621
24786034
332316803
44631696
60211263
14266331
331211474
618515989
18201114
281858935
204688509
32709170
30047168
1510605896
22450947
360147551
9890492
29312953
20221159
5920532
66544351
357874890
39751093
271966631
46671731
492354429
32340023
250831586
555928038
15492359
50442843
16128259
1344951
1222639789
22642788
16305370
46962230
41533440
787397228
51263711
33838201
20445406
57421571
155673750
20802277
14885572
39624855
2362916395
27613071
235322186
262559641
1382573959
26235265
59572631
168857946
103065157
475988505
2792248836
580097412
18170896
1666038950
2996919293
1209417007
22262593
93723527
94404842
188000721
56127783
240868800
44642562
221046485
207274913
94713339
245616788
16114647
134572281
39312371
2092111
556449173
46207622
18984562
360685668
15248649
586712781
245077808
334996195
32122637
16184358
45388084
55307193
457214789
459884793
67054690
34908285
297760695
249381529
196925561
286871259
5796972
19916163
16506355
131948686
15585969
16870853
18954398
52466789
33600887
2679055230
769434511
1021289694
15588657
18650309
1691502835
20609518
281099443
33918928
20722965
71865957
270453961
48470350
182433311
45845303
172071566
257013516
48779464
34965095
18485546
29442589
14629468
21303427
42915958
147646900
93215506
5357812
15745368
20665865
79295885
18916432
59182954
114377586
83836077
55220809
323368841
119757545
67610766
1917731
579112274
586891010
482071096
22508473
142393950
47354577
2151309199
334817962
783214
1615393704
1530921433
1663365468
214208155
1072708638
1554547783
282673318
2715248466
391170005
1347517116
262748229
31540671
207923746
265842790
20547245
145499533
12699932
44570946
30364057
62290422
14749383
14085040
23234807
2233154425
12513472
25295123
38520853
51263592
21843325
120943272
50374439
17444573
19637934
156714242
16403943
64797154
61597483
13213122
61903300
23111452
14075928
15828760
22674239
14824849
14419089
18948541
249373648
274649460
34721789
13590162
17395766
52484614
15113565
31310158
19611483
102475330
25053299
243336509
224359740
87770218
335510768
159113258
90788242
1173108078
369820241
19123095
556084492
35089990
376502929
57516454
1977257622
65737346
91208190
180505807
22101927
471394955
18774567
204074545
6375322
52554306
2753719917
3070937533
2788207308
3143798823
226736707
3341821992
34412295
25000307
2985009267
300026905
2526405804
193968620
26667184
56518880
1950025032
21246151
23119425
65468720
152801977
238475531
50539213
33549858
20154994
121630627
19373710
16148277
243381107
9629222
15085591
14353891
235236313
199349169
97315431
297047872
16212952
19114743
233266490
28201743
334170280
168767461
172086938
17167104
9695312
37344334
12449542
55587591
325247983
18931655
55010030
118483749
118646040
15290441
40076725
136165096
21879024
14429414
22832029
14874125
30973
20009684
27974543
36019352
89366493
86874025
32116654
23709347
25101190
26661354
17117719
26403670
28706024
21440766
435315395
133860889
29809265
136722660
29517812
26098254
26051392
4056788295
2850261055
3327908074
33732317
241747585
18785448
100684909
122216533
18825961
18785430
18208354
17450410
95956928
238319766
156132825
56758031
52551600
234878051
342443966
56461986
19671129
23748448
6207392
1244595162
28951400
310463188
19798578
44984488
163743554
20655301
83945491
27117365
54536477
46125832
339820700
48738822
29824455
31265763
21779373
25138625
39674091
3016041541
25563521
28840098
43143191
2511449030
7573792
19731770
55117855
398092540
14761333
84681236
157525317
30062010
57951687
51831703
151085687
59199838
157015131
88963078
1531174237
435248744
18080624
117275136
1362212724
132219244
20517733
91406407
3291970719
1000886101
499107806
1955132936
1271122272
2466951337
1710291146
2259787508
3372672502
10228272
107498032
14343589
321164921
55245946
586671909
15754281
38263469
1178011
1089960294
3008205891
3220521852
182550591
14816955
16513416
2532923636
3807109274
305859646
23505298
14063426
22146985
14063612
21014439
41147159
166270127
415859364
198975780
464136514
95176766
35728561
66368248
14332852
90741956
52235599
35812823
25383000
14342661
2469404521
202360612
12804422
90894690
15911076
29932391
21659166
567562934
21322177
26839180
20525769
31458706
733751245
1364930179
19549159
40296683
45582865
224674334
126131010
19195914
39824701
63586621
21946167
48372721
69288394
72870269
46700435
84612979
66430922
63322197
69311142
21217251
412545329
33009162
46177003
314155396
87493961
81173277
15393552
34482360
19404475
19262614
16191793
48811036
44475708
17810254
43379787
25155195
15383636
21235708
22449367
16471835
27038653
17471979
78175453
27112621
19794115
2728444644
36701666
3464066592
2531889003
14807771
2955844353
49070803
2954718036
3554896873
2791847333
18214672
26244379
1134602172
981034586
21531143
248543501
74281220
37768218
276852780
79738845
38553467
20600214
76348185
22695018
18947645
22553169
20713061
19394188
17078632
77059536
8775672
10126672
1918568730
87446994
130254281
462352356
45666763
21829541
34713362
7402662
9855382
2788008011
17912982
3108351
20998647
146569971
105242077
22752559
15131310
38593139
14661779
1633083312
26259480
70387394
238297613
972651
27726303
63796828
76420529
271412809
125512325
21098119
807095
20150864
15091022
14173315
2467791
1652541
5988062
742143
41156772
14511951
125567504
2283905077
44156044
22578516
3314981929
21630948
15207668
18891923
221793778
14344823
298624363
6519522
32464130
82653001
5693842
11134252
63812059
61798379
201145649
14946895
16725341
562899890
26830948
2327712397
2363305686
1910664816
806839783
170035830
116540308
15766384
2209587788
34113439
104198706
17596622
233713055
20068053
2693313475
2304961735
172456124
2348778144
2398698590
15650584
60320888
42698449
16573859
112537763
45645056
79272057
2857221775
2997168425
33980273
2787147458
296255284
624840048
310970208
357643462
206365633
1586681646
1119916394
251230243
21870081
15947602
8161232
79783264
20562637
19407053
14800270
293577666
545840944
186808614
57016932
2650413864
110798209
66369181
14700316
22029553
19344825
71019945
14159148
25159286
83795099
82856243
29221344
500704345
1652460752
3459051
13201312
36229154
20106852
47786101
90443712
303878389
15693493
291606249
23711035
1908879258
44979650
92373706
91195372
1367531
25073877
155949831
170021393
629097517
41148749
20482341
257799442
333048973
487736815
29487501
15957636
67685432
870556525
1180379185
44196397
22988010
12413892
890891
279390084
52044150
2883487858
43386303
78021221
49239873
47459700
139423499
36063076
11540292
47400846
78082014
21323268
2359926157
91478624
1582853809
43042353
21884158
762521407
764563980
109074367
134857101
559675462
16259594
14192680
42258864
2557521
3155040983
71023061
376499282
39661326
129845242
15220473
38479403
1254408781
154229294
28120277
54383446
1459758564
22055698
28341223
106597684
34888586
2722891660
54885400
17136419
1467495618
73181712
19362299
74580436
208648549
562338854
64019328
56440721
26257166
32135704
57100687
44918020
14269771
12133382
175913182
355741893
258898869
55637356
759251
78990553
16825289
44145981
78644373
14420135
306025835
244368081
16493191
15345013
36148651
421984421
352145373
15485441
26053643
77888423
21085472
256849341
19426551
428333
34701524
237891482
62591681
282216823
137396575
29777185
31504542
21454322
