224033375
1733311476
2848155665
246454006
930467550
196806807
260805040
14204848
958499180
207985340
25435514
26329099
14677919
248850628
2151293202
28601983
50374439
44039298
26053643
21360280
15485441
22444505
116550662
37659677
111750892
103958496
3144736213
16060768
130916660
1166185746
1473174745
25748263
252236042
15898172
499807589
252272099
2432155485
191034921
20962674
46598192
27655610
46164502
55338739
250884927
96795310
203192992
123289066
19090892
43201433
18109709
2375652476
15347711
411016290
23459266
454189414
199013517
57372463
475000841
882904532
179196761
537434396
3781057032
745604010
347383035
266826697
365262106
24674124
54583799
2916448659
52159276
20759034
18087749
128587008
50044510
17091571
34381878
48106830
25712530
21013856
303452790
263796123
3160208155
20553408
3958916297
3066127516
2518331167
3412861042
2833292424
182384817
28741763
229385617
18048439
244998644
236367675
17668853
3719122755
912645882
41468683
124233927
30177232
80437843
3396343203
34813903
351980868
3395607406
1549412516
22699770
31928507
113426988
17322374
486944903
19247822
48996386
1237470584
896413717
27931710
3406024624
212957691
18910324
329748498
25539533
2396596603
250435320
211652163
1473074594
1626013566
456722470
22709612
29743384
25989803
2275129988
31738292
46790391
292448544
20251899
18224194
2802675401
2866698742
759386107
75053966
1252686871
17907265
21142205
37656357
32722373
3196360018
95447854
73028033
176934076
343072931
2194486219
430400392
32454343
64910577
15994109
116298895
21139876
1206902892
2453638638
2437055202
1933042237
491447781
28862419
66694922
25543416
22523382
48389872
156024731
111415659
2726558593
192448604
337387725
1979164734
127406742
16728723
3428705261
128573385
3092466639
413252548
275115266
2269644312
2298565267
1396378596
94136626
3301880123
3313689697
3623559437
2493232226
20268186
92776305
2371200529
10113582
1089782076
3013558413
3116239557
2351465984
125481462
45371222
2951776275
3368062522
255681367
35218225
392901385
19368929
187201693
720335136
3294276317
40881598
144959720
1004492492
20199652
783214
424243727
516045861
2447310379
372581249
185207703
3014866715
2850926444
191973541
18052473
2327399412
537410392
3221779447
3319157495
31011512
99334624
1288780753
2862549490
495264856
280614802
404981543
14511951
3241663782
856667172
278029552
376198419
344754757
796435297
2468119267
1898872286
419000825
207533232
573637675
137455381
1456140842
283262936
1596541134
1421094229
24886570
100220864
177388963
1206252625
73992972
121914155
943755552
3097848509
1428855678
254149899
199041858
3362923846
2590525045
1708010510
2777451306
2693638711
444296213
2736446758
2784315943
66373159
1216474898
3237203250
2591719308
1135146565
216380769
56428191
196248694
74002656
50317409
3142440406
372868877
333421560
1225458907
380996152
485323113
33074382
313406152
2422628726
1059809178
574763124
584015753
904367624
1273159735
3296086449
180848623
2602016797
212257380
208285682
39342647
414203531
73210123
74500197
481544062
217184053
36962014
101781053
112485131
151707801
22381020
2455486332
72091432
92432390
226346184
545197603
47418585
481227878
59892565
2966918447
2967116356
263918689
224122362
175442492
78620316
14075928
404447196
1729515354
306263782
116518148
234568191
30294980
81579574
218987872
2925965849
26395578
326286516
242804725
3095741867
383894278
140561682
17850785
374638499
2615872422
2824454060
318145993
48864884
817819122
15483625
834348637
2613577734
1920594624
1333856196
2588642563
1093197498
132882714
33619826
109345229
14159148
545322590
596893898
2233449528
6817032
2893742932
1340216034
2678072299
77249420
84103586
845718018
1179555697
129835871
1520309509
3147600257
862311523
14232132
75957683
252338159
2614557194
486297238
114328538
2976551949
590931694
712880377
424574711
27618447
1517253258
18123559
378181393
31920768
1541582208
141984694
17582282
39372440
419640185
550502813
23818992
1205718840
80018255
20930194
328522117
3004765065
21303251
28715351
216356419
2873929229
193344469
29422664
1003528009
315818488
329744165
1722290576
271542936
344974810
16652107
2431583503
2861415883
14589927
1155314376
2485565587
19184247
51067321
32334331
50835878
67134785
87766795
1551689180
16846327
28606045
248989341
552911556
264405990
263189055
27998115
23616725
2373174403
218884572
294138203
551468171
476963854
35807010
24506246
270114310
432557320
30823468
2983843448
284302850
58562226
2353604616
52660746
19489239
141084952
18576537
16029780
13201312
16330790
1343400990
34030502
94286607
18056707
16671007
32113120
21783220
7130402
29861352
26988055
279075684
257244593
1265157816
2890122585
426922798
179130402
17663756
11447852
17259340
69009490
55091725
1253217906
2479171392
571921833
66696041
1283794831
3079772914
130612099
3166117821
187418860
2272063722
2314047894
240268948
40891692
21106414
19003664
63177215
237504395
455025634
294263161
2216545410
506429053
194439261
894474812
302239597
14126996
2861361
977152178
18691807
493676612
1582045244
116550179
891377682
388477465
188402408
94931948
2776277954
27956695
1671184206
2792275866
486652675
113429115
424382078
77012859
1173421910
55719647
35105162
14883220
3020131888
2794436606
106812573
14520409
3004252979
1879727700
3010334490
420058915
1648931436
35611782
1467362618
120136701
409471294
206497432
73460068
1061904258
161089681
3066915688
281453911
3064524183
17293921
39522998
365654515
365659212
155997273
86972419
235157481
33281941
106238083
53208734
16583289
31740029
211943319
56935681
20020025
102260889
16290069
2422553600
2301691662
485182129
260418829
234902098
144833063
220799294
43383705
365070054
54296668
1433813305
402202146
606436913
36972737
1078342597
2491452432
21230548
18802232
175351014
31966105
1479794472
271190786
274046490
38226287
796447873
569384054
587593372
303806325
2526182636
19678937
241747585
1969557565
394739256
492296315
179670866
85401970
174593833
24705687
284852513
17427779
92636901
234053160
27758112
32070022
19397785
21407083
168761567
383794338
14550997
83882798
200124546
20620163
137742822
38458416
51205716
119782567
48957533
188774441
1954259803
24699277
24120533
2696723713
10880202
17513118
91275768
103481551
2545134768
203084220
564879173
37703621
1093820455
280674176
2542251571
400954484
373617611
208681000
130250127
561489873
45647701
457554412
2886373149
1222251601
49114382
20773814
526779098
84594372
123893889
306653026
231575186
20452161
87029364
40054308
22685345
57336056
399601722
2242895161
74784532
65739253
2302073570
25065495
24254569
64829103
21328706
164155947
167431567
236349376
301069002
242124055
105832910
46113305
1851757946
38491229
413623445
939478452
365659990
40851965
68399194
122472165
2589789463
2360359561
2274850728
73188632
274040176
47459700
29197639
90722753
60054156
73359920
348379865
49239873
326359913
72568426
78021221
85772748
16913418
14747551
14755492
129181323
17823553
42776512
17999171
48825887
71285235
14452313
23750654
17293585
143662387
61016082
14755165
46630950
17870272
1555448772
2831081047
224825683
2810679747
188809596
557933078
277841177
9024412
2342782663
2671066514
23469093
464114914
15951741
236541060
22436081
2959985659
251995910
147038823
803201720
29445023
2505251466
2264879042
32926557
172846897
44988271
27658799
42733737
50055294
57064806
238229272
109075452
81202081
2364896552
1614035048
2831513482
41476705
26582387
1129326546
957524712
419768459
21541415
146492003
48471268
2828647075
18427119
35008653
199846785
93864166
179514969
1929214249
171186622
256777166
797147377
140147531
46010237
2790579379
18023705
263706924
329820482
2345878364
747376766
85475406
2578881738
587007618
2228670644
2329284668
18124629
22731653
36984909
18652307
365204252
72708499
74286565
1603837658
81085054
31470684
93637779
854056226
951937658
136346386
50657158
421510046
87849193
2784865425
334159030
15007149
16465385
96837084
42974852
2813288388
158190109
1443942860
2542231735
35826823
1302886736
2833379739
27649690
1946964601
2886283493
215976906
257572292
2918848640
15841258
122999978
1271490397
317334120
536207638
33014441
561527202
27614536
1332372026
98028661
239834578
271542245
170158772
18790324
34333093
80088926
73803205
14116807
160918153
1584056400
946507664
14474570
250788643
284080211
109561156
2240673216
360891293
22935053
188562430
2491893739
1380249954
291792912
371261944
277146332
913135650
126414962
2873510225
153676337
197901043
915783877
335234557
577617502
68512524
588335023
2522307026
16258823
1198817096
66153518
110253152
191067503
379732622
164373270
185319351
1188279535
25007589
1121888095
357206810
158357978
15984676
22192440
18226564
151623861
21980040
55313270
24865077
20167139
22003654
19216795
2194737764
2254378704
16634308
289124657
314120599
29726065
106764592
545452580
271150753
17178851
2740456202
193036096
33492556
247411057
113057704
85640352
189547571
127713491
75050644
104255797
860793234
329848137
23745498
70994146
2501709985
272172091
2215866739
104638215
195603030
1095284142
2911062846
552971122
2792683216
115505144
517925460
423459730
18819519
263853830
84689694
40316065
39275966
369025370
30013357
859981526
33540700
76818724
229811915
196709466
30715466
59167662
234862901
21123853
1295656872
1499844330
277012264
145736076
25560731
2171104981
33605941
74143995
90257030
25553720
245410974
24806187
26314109
224332496
2786456187
89742001
73412943
225058946
370799602
412369075
473460618
48824637
320321309
18742296
17158780
15145732
589226981
16311530
146653307
124781296
561576978
18965790
2679963583
22930902
12993222
14705603
19000033
13896552
8295072
41712825
28916974
1551283004
20998647
109617898
38498866
16034244
351221537
37710752
10228272
66496796
18638090
102448827
14293310
285196322
11348282
17471979
471398477
19636948
20151739
21108073
2786507771
537786212
275297204
218887691
2687981760
21410801
25087685
25092348
38531995
260384666
45925500
63283912
123665522
2715617234
12880012
222153946
1387911907
187547396
28611814
86823929
1248134780
991520846
19805800
15235629
456354916
2291239128
1111860259
1412777101
19682024
197554405
72927328
42429913
221988285
1357654736
531892243
110598107
21594712
72917428
231240842
2451952304
184078795
769462645
243008892
18813484
17679977
16426809
18980055
74712538
25743813
429178051
17483248
80594195
2282922241
1252388454
930117559
143874022
701267743
18177126
43355844
15033673
397222934
37829692
307684275
17163962
2439326930
587967636
120173534
16437978
36511003
133151405
2307548762
166829670
604822104
402706954
19974913
360025107
491381369
247402941
27658349
606753829
19843235
17868268
733923740
279644165
1362324890
549572913
312194762
19038934
74186967
289998339
16044997
42672470
253372840
252616255
473122483
164418305
122157341
14216661
20674479
551311181
36490075
22190567
25322292
14360757
116567373
16302641
24000965
266620548
61893740
23484629
7586362
36758754
122781995
48419692
1241844386
1436021030
78099885
159327914
82648183
26533046
91664854
309423780
164418122
72917080
92085714
41852424
28634278
48544513
211259087
78117048
184872972
488639820
592885221
108077002
68305606
1281375482
364596354
381664774
20542096
91680590
24210993
904621783
17654134
67775207
36118366
106529338
17163265
128002733
45918501
17515979
24767630
25070342
22158898
18143190
20539937
24690085
22808548
267782296
130567512
568382911
284104864
980946704
1749307110
1860999572
14916980
239984425
180003509
109070906
14923981
134863272
81437729
18996477
460466171
2712763068
14998722
148041921
14235566
48190181
44892892
158022814
15515420
126372875
46444445
124190867
36375825
243680331
25106802
158396623
44412106
293611387
98963477
13683952
18999641
53184267
41626387
40306315
575594012
111082742
102247677
161373994
28568222
1114542486
329107565
138512430
37104970
323233179
246370991
198591009
876318949
219338313
989750035
42883687
185248035
508963681
522343404
64714989
104034119
19066841
160598248
357016200
72293462
123593533
245418986
45245790
43325176
123670143
143583988
130576849
184191890
140587783
1061208104
25344830
43351262
280694076
27015752
31546254
185749400
24924532
26009490
43889450
69492595
339132664
109333787
387653081
98543769
48748777
261975393
197000835
281173989
52879471
44354691
157513328
175837910
128227934
127950405
198999259
425118862
203123011
155454617
34304471
42887781
12848262
6433472
1449320024
8736882
100524424
69306309
32237038
7401202
276234003
14526271
68850533
314729756
140481016
390153285
390776515
1668321823
1365615835
1732507045
966559610
385354487
1952936324
548033636
537205419
113030879
2214172404
259105876
861919904
2372665164
26133036
16220179
2166892500
2205233774
424330322
1236876476
305712570
261508351
95980793
923377057
1159078178
53238154
176456330
469683941
179561783
122115475
169196074
284048802
20159038
108364164
26565946
222554496
32371819
122758724
177691212
153843118
229580080
381040481
373571376
115485051
17881732
16190898
15846407
353104685
