3995661202
2213128201
4113737127
3787853112
223643245
18814998
266593903
54892956
261676109
33218042
243630696
93870488
239823111
207717110
55580447
19296037
30956101
335798015
384388286
80588808
40015678
22912596
138037459
143478208
603126005
36042554
80096994
208019751
2812768561
14823587
2737600229
148367133
114879598
3618468314
3105234582
1854119959
3307836804
309126446
3222279669
3317081748
2571704768
3578622916
25169797
164322849
3003855975
128921707
833543840
256500168
461034765
304063863
50200114
433383561
81230241
86929772
19111767
215952307
19869102
93219986
245685328
38638327
191477840
214554246
23105968
181592058
23649104
121396778
91285471
274164241
346164428
18614747
57851967
101875064
303784859
92141032
283260167
626256603
18806552
207436249
3043424134
2559398984
1092255265
43951442
3071535922
3822704952
2879873516
3504491301
53347446
1032294492
3389493070
3942899000
158268727
3433625218
21727456
3303547392
3760899922
2986286073
307553604
1012868563
4170728953
2311992044
468863638
2917919408
455567365
34000178
25298842
31483387
23585395
3317122608
3035884019
417383034
57177200
2806058126
3407739887
3236154621
3236207860
1086945558
4257723817
87313054
4153952532
3862700061
522580809
3158265122
113914074
2767303416
3866464822
3815298677
156052545
53438576
76780580
1299182431
3389414267
3154339244
3006463331
2983575563
78926478
28350368
15860579
4007423113
493609953
131924637
3091406158
3317201533
3305197326
3828407053
3232987351
2182610890
3327992523
2806807640
7807162
23483816
26426173
1922861
22801905
216021874
14884180
2491881044
2665593223
443385462
3101969271
3305596013
236128358
3165244523
22955911
34732474
86879744
15815795
27713200
18170896
33601818
15933898
7802202
470472290
33126711
342207359
479005132
213339258
15428121
17884330
476559627
22988384
18414639
17057376
18239795
17927796
14404478
8161232
59345598
36082429
16199232
14823150
19293792
18632395
43412773
800197556
28641364
17899109
42975712
19029306
15345968
10886522
41238441
32911705
18940315
52145644
32998543
18028509
28637940
8820652
17739438
130910166
210896591
169224300
5490392
14511951
24007731
14563201
14331185
18320349
17450037
7040932
31165657
14996950
18812301
1414258272
14775671
44826447
52551600
1364930179
15803225
48794931
19407053
21754623
16257080
28622733
278691695
564799867
63796828
16089728
220086346
3963481
95023423
23613481
180505807
30987974
35542428
16934205
44216812
20214495
22463542
205392930
2445809510
20806868
1102323458
2196225284
300899789
428936468
18061669
14079425
21111098
19022242
47975734
19001589
217543151
21836409
14845376
17850012
13218102
14389132
10615232
18238282
48117116
7799412
22055226
17802735
17800215
15554127
22509548
18794312
237348797
16539573
88784440
14376012
1074480192
15600217
216881337
16150075
113047940
116148246
14669398
15745368
15110079
5210841
23022687
15386834
15021099
1180379185
12666842
271744215
25073877
15821034
21661810
29851021
17544399
35002812
29856819
14090931
31992855
22549642
3229848788
3306517623
42744294
586841695
987421008
30732125
2749719434
385646125
161362244
14677919
87233065
21625310
17758502
19897138
594666501
403632664
605824568
3095493190
152341106
1002014071
123274701
33090431
16125042
767129143
1095701755
20551303
199402214
104786280
14360757
3250962744
450471367
56948272
41182107
18010713
65289126
310427634
52381876
3400492048
20522531
285515081
22419487
2340522103
144779709
61292961
16292948
230492604
2916305152
3354108867
225227931
760689595
321507436
42658749
72919646
20
19058681
19554706
17074440
29546945
17461978
20788087
15485441
27042513
36412963
21969745
54951973
38531995
49573859
36806802
32399743
19472585
25203361
15730467
15059534
20921412
16606403
22502224
25571041
18005118
29256871
130894721
19637934
18583722
26053643
26551204
389974502
74755679
67164062
29234804
16870682
27477810
90420314
280845193
14134419
6375322
23083404
17004618
15162136
614695204
279319647
222644626
33846385
23686396
30859043
21469217
52535793
20831692
52232182
17704867
33990291
402999988
16303106
170358558
22145732
386268556
21982720
878348790
138600717
205302299
257143303
248862634
34158713
248093522
476053793
22552504
194339143
410450152
215842679
448419539
16335203
16727535
26137127
33589628
31184208
59253826
219538512
146999201
760047937
35094637
24264939
30020139
461419024
314163614
27159498
356545083
500436115
143209272
119565476
104403103
27558951
177110655
85647903
128885252
89647995
1426204802
1395881846
15933953
267921808
31394354
1508393762
424540318
282735852
104299103
19362341
128970816
49114382
23967578
65167734
749975564
525570501
236330459
3229102719
4149643517
42389136
34656588
29403387
62920179
248900032
59283767
345511646
504718185
387856801
1152551892
40409108
200402055
38623110
29440635
272120938
291384033
23151437
2169106993
1436573299
2380064587
58340998
101980771
58473068
192343986
573702884
343857759
1883510046
338084918
305237848
2155649270
17565514
26265409
275541233
20086998
116471216
222388892
233389055
16842434
14982804
6211972
169146823
20611194
2327860633
28417043
245582617
38709832
25060780
17399269
749872916
487465520
1269688915
166293108
14761935
1000886101
24817193
27475183
111118177
2294733114
27144140
2717254872
2842335328
60919240
3940871
51085686
17169320
196343819
32519047
399080466
2542251571
54971160
1394399438
20057528
756108997
125480328
22138357
1684236186
18924291
63112528
168374159
37523403
84358766
40014285
30927490
291339195
334800698
217584516
1643830388
101943300
213478296
17658786
16878156
17968875
17974455
17967675
20437286
20179628
20436059
19006707
20456198
18058609
19109172
15460572
8487622
18020120
17451742
15649433
16027546
16669075
15647676
16028241
15170346
14505838
14616022
14287409
9109712
11348282
6450322
17409240
16116713
16245822
17961886
14091091
24752484
44777959
59204932
8775672
21783950
33998183
78138151
48398586
44615672
43920155
61762853
54655632
49706919
62595437
76348185
78408666
76936279
61853389
40300027
54546430
63246339
105174965
28576135
113420831
110823581
18215973
67378554
66369206
18990471
47279525
72631996
117821354
82161632
104324860
15764644
106448460
153810519
86697288
19674502
166252256
115911638
153149305
9855382
131144091
211921304
234826866
188591875
36683668
36719281
13623532
113436175
325830217
337742544
278776049
26278266
44873497
232193350
14342564
369232105
369505837
108638625
374019904
200176600
221147815
369246180
369507958
390320946
413223602
69091913
127539363
15368404
19112923
369238541
19948202
36972997
481439919
249677516
380530330
562385224
120176950
564106953
562456722
110541296
472830024
26390322
595515713
66369181
73181712
44783853
596661417
1135399020
1023020557
369245377
249722522
1342861723
1281405877
140457196
1378231782
1393155566
1601549102
1530850933
1613223313
1604366701
1603381488
1623730970
1603419038
1665298740
1665386791
1639207880
1729062162
1702571186
1712989040
1712961397
1854981890
1881128166
1979039203
1861751828
1873091689
2169098419
2151620534
1615463502
461515145
2283772130
1563426390
15007149
2382117350
1135388684
2461821548
2525192749
2695663285
2750358085
2458567464
2800630026
2814258183
2811729118
2546445150
455024343
2888895350
3030922321
2983206962
3065348142
3240625473
1536791610
3193526130
3308373087
3246838764
3290070855
3284808572
3281853858
4073671214
9624742
3428170819
3243718652
3274836392
3304470901
3440125814
3907577966
36292086
88974843
1399611
52758588
3239622275
1093813626
190596622
2679229453
2613759763
209150455
113050195
3044576337
122097236
1124816718
220993525
963876426
2425358053
235229140
36909344
15253147
47287431
23217907
28177995
19919352
18764841
23358225
20136892
23665190
19794965
153072230
20014652
37917518
19445112
20244875
185314895
191158248
44860494
64251502
39192220
158405799
25521661
212519214
19240571
114721074
173859724
19680121
60500989
140118545
270282668
182771186
191768822
47580409
171404842
297856450
19590996
16681111
319639163
24180105
53408860
27062951
16621805
21932817
372365931
384861639
382008937
267962727
79197038
347282251
65190616
334727046
193400539
322547232
39715507
20434332
178743874
327437581
53661147
253022259
307550006
375689811
20505905
472923501
52360514
333607315
332812832
438414924
61536465
180141446
941869417
44088537
890688380
554562548
238815733
217426050
176486829
1410830784
98983609
17866745
34258758
1444772088
1323368888
20609518
109608727
50249247
373471064
20605259
20680271
514483850
14123683
24528266
61759552
93222172
15002620
897093894
20637387
1132994426
1729266121
456171726
930132199
108884683
485637676
497340309
1689419970
19623757
80819678
603898183
19595532
593580843
18991263
353051182
60059126
2419632739
479809444
115646575
487843424
1479231480
137319471
358101059
14562016
25087685
41405468
30947351
633222795
702918384
1081982948
143748393
2565827180
2510398194
75989321
202572014
26804021
98484351
16057269
871686942
290813136
112037009
28673549
17343602
311727849
374461672
93650571
119679170
1313663804
541064084
54003221
1574781031
47372511
30325605
716104513
282256975
847958792
44874400
2809670967
163585649
416161203
275006989
111370113
267959908
2162374808
402025521
127815033
34571893
1542533869
20582975
60558525
242315637
41203203
1205648143
2870653293
24681896
1407123690
421010278
635053388
20632700
745339620
221452291
18028249
59949396
36065771
18873207
1931168845
124482050
2748454307
19074134
24919244
115059160
2816025391
20341174
279235357
196210883
298031144
23061124
2772199769
447029209
165878841
32334473
2809499035
179584201
370074483
17133807
3083816524
35270579
62513246
54203238
17753033
3266848870
18676177
1953969542
19656975
104539831
153474647
590191773
84515168
116197447
274710032
126240387
213432901
247822584
408683294
296803843
94782577
1484715356
171310821
14784588
1259161105
24357470
15229557
620186949
229053937
15579360
927847340
90925389
269844104
6450622
343989716
54596301
20388784
173044008
273368844
465403720
344630158
262672654
270855032
80897231
71268240
24350419
175736656
145538207
117668291
95906698
314606544
271367329
143415291
23129375
193740573
17716950
18976529
271483634
19477583
234416096
333496049
78637132
269635462
486468583
331671838
312715249
487615465
342123951
77020501
150626780
33184246
406478097
3099782378
2342892169
2800260499
2988576192
2786875372
3016306568
2856661200
52873286
348963601
2693470844
2412273907
4079252662
3986404587
4150313607
4117420453
1314003132
4019080153
4032623596
3423797414
4156848192
94292802
2833000920
2502202221
140211812
208841123
3177550450
2410453038
3195186696
603585249
3363224032
2590392480
4056066214
67198853
40580641
2465105532
301758516
2792671583
2627072608
3306677666
33015508
4061046849
3782180832
3665059393
3363574586
3884508075
595901043
3704844325
39286720
3412540096
884596082
16547087
2454172058
2614543076
591886316
4179255852
48579064
39635509
4108959434
4035512656
1977666888
3865421958
186701744
3760533449
752232458
3390653337
3491938996
3925948098
899147150
5375152
2366554303
417226612
1511578458
278758020
519658527
1672352294
17469289
22641532
1367531
16664681
41441059
28785486
15754281
28380724
15012486
2097571
23228600
14173315
18949452
21323673
87416722
32359921
18091904
7587032
16334857
492399548
15438913
1754641
274119641
16887175
28140646
26565946
34655603
15110357
24886570
102707504
25053299
58528137
6107422
91478624
268439864
14138785
20562637
28706024
788524
34713362
26885308
16973333
3108351
29840295
16343974
2467791
39871001
87818409
51241574
1652541
24929621
742143
65992743
428333
807095
16409683
759251
14293310
425870454
2156103098
324123268
3419171594
1486601221
2877220469
16702987
3160550748
31290510
2218312345
48235376
3052729295
4180620808
360509375
2258317969
2975944756
41472769
53048085
777714584
319256093
125821102
422688462
2870780897
468710718
3307007612
4152845554
31356717
3901961615
4111818573
3458586026
3906102570
3420693532
2369497658
2683004963
3630912085
2849982930
4129567637
4092968304
4002719434
71349171
17148456
3224956844
3215440246
93693279
787593510
4039077491
2752154821
3904522521
29643380
3307175246
3601210459
369612598
4069682969
2778663157
450237761
961249784
1539243589
4225722373
3751108994
1324987854
849806718
1690285231
44676407
3838839133
3309483282
3079904211
2710924041
3944256023
3957372797
2407509684
3400012487
3525330741
3305407502
3760433112
366674250
372619708
700180310
3623100556
4130986828
398043323
4048271050
464122871
3619908318
521929012
3335768601
2365500277
297679849
3068452461
3198206366
3937164209
367792394
3820961420
3305836081
1404673128
4073539409
349449742
2460826885
3314528293
4127011655
4144608792
3350020997
4148869222
3993323199
35982062
405020544
3032365103
3729764243
1911096336
2811917352
10922722
250165541
3415567067
3570005653
4148761761
1180669952
3989779754
452420600
220983975
4170511097
4074067235
2964016171
588359134
3901409241
173037045
3654542053
2897181924
28413037
3166205146
39897996
29458651
155881800
81856710
20138935
20233668
1157813940
804555482
61068665
19603790
20054788
2557513003
386654472
7111412
724983102
262881419
33475651
35540787
793556966
20079982
175351112
269916429
14100010
1963034107
82473475
429881039
820168592
19818494
109526528
243645663
19982092
97411152
102206678
44101412
20768945
169050333
41329637
252194697
19424427
20508222
19329967
435187999
18953259
103944734
130478055
20442025
20596819
21528998
43874488
175420754
81868984
90221278
45831321
245789728
19852441
57926932
153108065
62257085
3121218163
4117224916
2648145426
832963634
1061192978
1832252918
562896877
4112117422
3142537190
627318059
4121878355
306160278
4087130663
192167119
36078357
4141807272
3653039367
427224995
415404902
3808399038
4113635067
252984042
4070314414
41869933
115052517
3378253846
3555984075
117384995
2228803110
949793708
116799392
82962882
3745115423
218427860
1301449974
3609365532
66327431
18991139
801193910
23418457
3958691501
1578467922
21778006
3784382293
2866342187
278956356
1917617966
3434231441
1241734981
53904183
2880686400
443798363
3063743202
4120892487
19921288
4143872060
4109732033
277925044
4050311116
2613000967
287616646
3528148334
4067163375
892529239
3699723015
2500364676
3272387498
2944773667
3094388743
2421056659
158270026
48041163
3552700752
3382016500
344375004
1328078114
3916741383
2780022245
3203055844
494500953
2225555402
2304490011
1098348188
495443823
4145064399
2257889272
4172551840
890984172
1589073576
2533631120
3791281159
597054091
4091730795
2989317788
1555485660
2522529224
3908070263
1566310550
14203640
4144755521
3356703815
2236413235
42903387
3431920361
2844101151
3307518731
2170533390
2793018356
35596284
967587698
2414709972
2184037639
3490336097
3500961922
3515099314
3515208675
47336979
3502110268
3480707667
213994647
27008857
3031635970
396601079
2313729012
2748820906
3703373235
2216454265
2696823469
2758308848
61608747
2477306682
2453562690
4088591819
2369295421
289140109
1236837823
903921744
2488314038
2423044603
3220557194
2904760573
214405038
4061080032
48112462
1701844382
62679632
3877212519
3019335691
513779778
3430223652
3492366135
1184005140
278258818
357668606
3495672443
222941874
3801005892
3810168794
614115108
3515150235
97867818
2829525268
3187797149
3514422676
24719097
3479235261
2413244948
1187603324
4207398380
3515138296
128571644
3514973547
125421098
729508760
4148066532
2865772322
118872392
488970833
4148104932
2871787893
4148272891
3010794254
96243124
66059237
4148163138
3072889505
3017690773
37821462
3398848392
3514996161
3498915857
262284707
4166153787
3497022443
1850929850
3157952209
3515364497
3483110367
3375415284
2834317636
1603140396
3877764253
3499280475
2708998957
595533780
74990094
518796150
444103737
236986541
22380908
2920365702
790825159
3279292382
2209606452
28893013
164776059
1382583559
522858023
4045725683
16352680
142792881
24716475
1695974851
1695976004
4142664653
1696015416
2415012505
2485669020
3867270375
40842944
3342941920
2826837284
2978468851
3546573192
4054195276
15177871
522357762
47543198
349120776
3023080053
3101994560
18487616
118046102
1455594732
3955670482
181961516
2922208934
155410491
2783360358
4193018838
425917134
78491334
3146614886
836377387
372507770
2227338603
2997177270
3035488358
2978899463
3058848324
108320844
298484176
3431879661
728450574
1119316274
2929466894
228537063
2748907339
271859870
2885883025
1434254107
2415765410
3299248409
395227806
26400157
892951291
403737576
231416608
473646970
42379703
189604619
46115651
113317910
2380501170
996745718
102117124
963008875
17344200
67465811
2256488185
2373723869
23156284
135295059
1704926844
20490840
2360562750
1375130095
167781199
52753409
877666716
985186471
91942071
2922434935
280826651
3893172448
136399537
880315879
277120302
1967013500
3694919843
2788631177
137144052
1076946247
2471361175
167760471
3174232950
2496032305
865919816
1117957238
2503070899
2473737432
2440252190
862551800
2576238121
1130356441
834316544
2425151
121777870
1252806792
3571535183
285586073
3009864905
16392208
327025474
3310960537
2967906489
1214837275
1538182164
188711116
3109805151
2400259002
3131117937
581463887
3227698278
2994760978
3396323782
4157482023
3131392727
1260595735
70479143
3291565359
119638794
143950101
3130567797
3366327531
17746334
708657533
2533396010
166998690
4053151755
4043043852
4195320252
2943393793
3139139799
546418557
3325813295
4111844499
624601821
1949891634
35120520
3037300093
2905526286
155998830
3061407222
120036324
3145373241
2303678298
2402065080
2660410397
3670156949
126434587
209765956
3805890616
2939486110
2226709789
2777348758
1576102939
3050752905
2771513771
3997334535
3438910330
2809114498
2940548801
3709185503
4181369953
3656864897
1231513861
1454834064
2915742442
635904253
2265996404
16281313
69681766
12874852
3319015996
53690751
4109735639
4158310697
4112231907
1648430132
3720700216
148425368
308759071
278328390
22430384
308297673
163730859
399094534
139539038
1906234147
122530604
180949358
379408088
37514167
14222536
363961928
123417458
53338746
1088207396
104288093
27466653
330705266
104249727
72064417
310072711
56783491
81825702
233183631
23375688
37972440
128023009
21111883
216430965
209994211
210938747
20241784
95465386
413487212
224695258
67140324
113817912
163979999
20793678
3167401950
31891798
2717544602
109237155
3317200142
514784608
80759906
1433340476
241007239
66710152
3124079709
377032968
78634393
1647415820
1260346100
4115804063
334635978
1604038718
28022257
1675585807
2395268660
20827869
903491155
1293626713
3023691432
3047380424
819181700
3331367716
1867342724
3307396169
1074265496
3196565780
2815329365
247639004
372793762
130797531
544306639
3286669776
4151773335
91103029
3080761
14425825
23578046
22592948
22046611
441285746
15460081
51263711
411112055
25970331
69373980
33838201
426951343
59632108
50090898
112289040
79650494
31285982
209708391
196795202
31311757
243381107
34507480
158314798
739784130
382267114
56505125
363972381
105119490
32468665
209003577
181561712
38679388
259435698
176566242
239760107
27776098
84279963
205437050
872374136
380399508
10228272
783214
85452649
96858246
219901798
2792059539
3845238492
3110775388
2968881066
4028944048
4183698313
226099210
2798970114
189770284
3593033303
275231929
1022146562
1021440288
3398409521
3189052188
27812035
3267216672
763929312
2396797500
70413374
33495086
50027667
186793152
1143371911
2342499536
3049867575
2555712115
1394638951
1328787114
1394614874
16557087
154866436
3300892666
20436766
2409241868
35152674
3300787421
2943376797
328499996
24523347
57903790
3314538130
29731526
3277925046
24201405
2907745899
115827236
2447800128
3304341039
1609502288
137352522
47722061
345971761
78460302
152258667
20468205
232698219
519439629
2237899016
1979169158
475270844
372210668
2405105594
4151737228
571269621
828068647
135251922
96863903
2449295215
103106691
209825928
1676327754
2429227466
2350116140
30004443
33693285
33014441
29792396
1933042237
25932445
14645160
53210455
29307032
76966092
19486963
21360280
44171091
18755291
23224410
361468994
16658390
32956000
16248319
40572559
35293850
35767916
38311025
14334487
19478383
21824310
19917546
23135992
33248874
33555818
15274836
200371702
14550649
16131230
96972239
1420682599
2322348480
3199593435
3718398977
3882952814
14433730
1854522734
4076051548
24966423
19684844
52244066
14905019
117778179
73425464
19848777
116362700
42949186
20566418
27195114
46444600
70461418
411859932
60349138
161555958
212183746
453402782
89385774
18642314
130962556
499059925
128266789
112815477
430727193
2465194310
218447489
21135496
22487532
69413371
26483706
326912209
154605679
18060584
567360618
25410548
32988140
352053266
36483808
14807546
16689804
65432405
111734160
259403751
254274083
48240574
18080969
104974333
27500565
36843988
29749448
15492359
73402979
56521114
14717311
47719006
373617611
16588111
47736553
23068149
5577902
24702915
800921714
19154824
57099808
29134294
18949053
43152482
22733967
46155808
47288005
83637011
115711911
40255499
13964502
16534711
36670978
5520952
17266725
50779888
15588657
68791096
40744725
14592008
198458235
21522338
74924273
40295615
16653584
2995222029
3474847098
2858699914
3151987719
2361479244
3947749755
3437562851
3877719672
2825977502
2959591492
118043374
902614789
298820162
2861862076
3494067972
323264925
572328286
3093570701
3257320105
3214165893
3222087325
14159148
1339835893
30313925
574579721
234841966
2311775448
1640696832
1392359029
20395246
3386326318
1268097805
69328913
150433298
212280343
41134029
257131201
2236014138
4122541043
2978819183
4165219513
4138584922
3107982019
3153131896
18730634
3886750582
1443767144
3696812836
1467854322
3145289546
259099397
511901670
109081861
20545055
15809249
36117822
27368199
182161200
1308579266
502609327
410824936
16296105
428829755
199221916
42883893
276620662
26589593
24098725
33516750
581321788
103550181
794334331
454501787
26026191
131173354
31288364
516981140
115189966
376036812
35448221
1114333262
135304481
15506034
28736496
17872692
15612245
2281302036
2889181962
2441347949
1912839878
2639394539
2874721531
979359450
3133953559
2238475052
3777738256
407474647
133880286
268414482
100220864
50374439
79293791
17919972
27778893
92367751
110827653
53153263
16190898
96846955
20536157
50393960
58598187
19329393
19397785
42000978
3956468776
2271192644
737533465
23449979
14914791
633185358
98561160
21821924
221626998
22179835
146385359
3626262615
3546289332
3552435913
19291952
3352690887
919658930
3232192262
3257006588
231016300
1915619899
3284449435
3972184397
2970045788
2784063418
505999076
3255095700
2908724780
2664470309
2942750021
391132180
3431844574
3598808293
24162367
352725513
50668135
313329363
3329221198
3676822877
4082096901
95359336
3544358654
76184375
3416019454
1583455890
3318195579
3523717574
3597762737
3580266016
3439610241
3439637711
201339774
3401903174
3017337736
2572844671
23636912
36912401
549330259
2359926157
103065157
1077914569
3891623489
3816817115
197817183
3556244412
2728940930
3435880893
3311111004
3989158033
120707178
126218172
3378661918
169686021
183094956
20793816
130649891
372575989
15713489
586198217
26467965
38649696
18719316
495383234
24741517
405728790
40076725
27201009
3260881920
3618536777
285782783
3261020570
321321688
2344034827
14796276
30272229
478473831
246708295
1443241057
15846407
1093090866
116017433
116027514
1721342720
349308093
209004862
330384856
280451767
92017484
3951851421
73975459
136361303
17632266
22001973
158079127
19562228
14399483
22917508
5225991
18055737
20622594
44409004
10810102
18980276
612473
21447363
15589815
63681020
5402612
21744554
22009731
427475002
17481977
70968175
4898091
86925202
47319664
27260086
173195708
85626267
20155652
104969057
15308478
166739404
33546465
14700316
14230524
110365072
16193578
15820664
14700117
443215941
20015311
17336417
15439395
17020962
14224719
17487733
35749264
6467332
16913418
5988062
14824849
21185856
23744438
146099195
17705334
28999283
44631696
813286
29071279
30661607
