402899173
16343974
14677919
2836421
87818409
2617950786
2097571
14511951
19101225
35595347
3004264781
28370738
15754281
68449573
1131407466
15012486
14173315
28785486
51241574
82978967
16664681
82652901
17469289
74580436
9763482
3258006008
15895464
344756911
2557521
11856342
16877611
39367703
1109372617
39344610
28406235
1304696558
1560945644
2383728956
1544281898
349204194
21781349
344974709
21288052
2204034272
515803070
21111883
1114977445
574857684
268414482
3320734549
3345910228
31016249
11912362
20541338
37981738
24902450
2374176276
65705589
49783954
1879748407
1031619366
243498544
47500677
361532573
308556440
291120400
169585802
2565963218
68860774
14498484
748597554
844508580
2911024287
860808961
1952674158
129827399
142450866
19742838
121676136
472217169
69897113
337387725
3214594359
1549213069
2281140806
21410529
98809456
25638291
19867571
240898936
20455865
51742969
48551786
21705931
14772687
373047480
3374691417
241544156
56798334
299373263
68784947
776049583
145107843
396931935
1454232794
35902837
573565184
23978832
16407418
182422417
21401706
27554982
103946210
96911771
1167794600
25386777
136134426
580097412
20536157
10228272
783214
251253349
409311518
144900750
367566714
220336959
245487231
58990464
75711499
65289126
329746058
133093395
305807802
34295872
2513956878
48410093
3290770419
3292172807
390216128
183310940
171271070
730400376
179932936
12044602
27042513
250831586
124335068
86957131
47374999
28521514
497432101
3151974067
567439059
50927729
2919532574
323986629
42744583
28208983
65992743
245992215
500042487
268439864
436292177
443215941
256573865
107436986
106854950
2281052582
75974281
254218516
23451183
137485455
17872022
34735946
1875615649
14512909
1107996572
63177215
117208438
16658390
31321009
27988939
38311025
22292529
300566889
16651754
14423603
159643888
219644668
28209292
22225053
213668537
18845207
135363015
3027136587
48169084
39263236
17121755
43355844
2367911
14924114
382880375
27001924
23007579
2557392890
2686644986
78078817
1915012974
2617002434
2889626093
366975931
2802849564
231046955
2933178754
23832022
23912153
28420827
240830138
17327103
238020959
108165141
186154690
518737741
17560096
49539854
30254855
105675946
35831704
1242969302
320701624
872722801
818238024
865255010
70790378
32178314
34086767
214664447
1945672148
25199287
1666103599
117468728
111968804
26930477
240873658
202722747
8320242
28211935
25901665
42527984
30095789
1219906686
141989800
39204454
73218364
16157577
20647266
39635217
26946348
29663668
112463759
54905985
332447550
236461025
2325965659
2451987354
196872954
269342626
352533151
28381030
276081880
474495954
613165794
17915334
238319766
276745092
263195972
122261841
24275419
28683184
58801309
58896265
1362324890
82442331
266632369
1072003760
15905925
8736882
19549830
19671932
910734367
14854462
18222599
36679267
59120030
163520354
180461338
19058681
50374439
90420314
112508240
148374538
33988228
849577237
26053643
411675075
1413475670
132367691
2165621491
831177769
187110371
52761753
23748699
16560657
337766434
1433322806
1599888409
23759504
89307364
894633090
2296319126
52818366
1247857422
227098079
32891454
20833944
201571438
1408016275
262913794
29243611
151480026
130999711
706360674
827697540
19575665
23458520
249983074
26938973
17169320
256881576
27406401
29330030
138600717
21838634
33990291
18133405
16461545
394507183
796359643
15932387
15430849
16630362
544620720
383992490
124020339
1013440010
62432717
40572559
263905869
18665952
263417720
317818317
491040346
22842362
221467570
18121619
20518710
28035260
27968397
561133850
18783665
23627469
624231480
23280648
144541014
498226437
362513855
96829836
273483641
1086519698
66558899
19276719
93183948
18511475
200163448
25317409
41530361
573381590
486635649
185487499
19575977
290300147
18610936
29137131
134331598
104238912
443017165
376927648
11018442
23561980
243216247
138095220
168529482
123046803
292024390
397498141
377399063
20567939
168296855
24966423
338084918
209721468
111991991
473050075
17696167
23993229
300427895
496257329
26596953
6273552
14691200
52536879
17818694
51657443
30013357
563961630
261791435
19671129
420065776
14474570
377495542
399657784
113092528
18395177
470416797
217292499
368924098
221379735
306387797
215341650
52939106
360613362
83754549
248812399
175970834
229106056
19426551
34363347
317520479
26516984
46769281
16391667
279179722
248294528
277778337
22733444
119821548
47630741
102225147
23502877
281485886
38127255
35094637
66388002
9695312
76699413
177333874
161876321
91627653
30949001
332325980
14824849
73406718
79293791
14216661
60637549
316756361
164419276
115485051
303806325
82261541
255558652
212706473
24719760
134498822
10445592
50004938
273468006
15894284
117937508
196420026
253340098
27673684
274083192
65493023
27155161
14925111
32939851
23341766
17426710
54786152
145500496
304698079
50460786
173552000
14629315
325070041
16789442
14571495
41209355
180083791
145371214
448123871
6249572
285382321
53295087
46164502
253322962
240734425
25711553
32400612
330693644
292681628
412467887
12848262
347865566
183293936
300529228
27066962
20416406
164432130
262218224
86390214
29334696
30764112
18222378
24741517
26528121
235048579
17683111
106198044
19923144
110827653
16490974
69408873
163987340
329816670
246481013
278609380
109522839
19891288
17373600
149726145
17076218
62290422
58601997
95955871
22832029
95956928
237078644
23002923
126770031
71064895
97052689
73992972
70246837
311016585
308378425
249937325
267899194
309832811
110365072
58572077
21447363
24067389
110282120
90741779
57007262
67808731
30503549
117778179
51867802
21698940
18194219
23817857
278098811
288764875
28568801
36938540
17798031
16342817
26664327
309062970
28331519
16198437
85603854
44409004
22855112
303560938
280619087
132257485
299910929
44709232
18346141
111448840
241204450
807095
288798557
168764590
148454604
176518051
245358215
20074510
179784801
119106683
25076752
249631119
180573823
258416232
69490214
90827159
82956754
27331602
161529332
253804718
197161417
37038458
281234364
23539099
20299862
22085184
216586703
167925790
282100648
17142437
19667774
40876181
242777986
211046383
29513935
253342708
258650739
85334007
28201743
179408593
48109025
23542173
41468683
265740312
227559908
19798578
125710502
179615177
179828384
250674902
93287568
179135813
271923967
14797528
135567199
33502125
17929027
31313343
20322929
28897926
222452046
243905514
27129855
18220175
28165335
30782495
43214455
145499533
21824310
117514256
26298888
145031424
196614719
13684972
18999854
23513177
72067941
75085941
219406488
66232186
233193309
207537647
148964514
125142475
33720897
95481096
39516905
20448584
79538952
183697115
108856879
151166170
39464856
121539988
14260960
7401202
226626702
39590398
23879646
32112311
239607234
154215401
200607519
16670619
74712538
204598846
103923273
38003148
176522310
132277258
39178712
68486882
14558561
202861452
124248461
17134503
205869807
207381263
159510288
183656969
137745691
29853108
19309062
26020465
46552220
104907532
26761802
200198066
23754723
80122035
69006598
159196235
136652970
20822664
187582949
17869655
19456878
47623639
16998672
49710416
147982773
87512506
68408661
47452812
145424687
19251720
20599657
60917824
17584695
19653194
180456951
23821435
44039298
26764362
174153651
101065804
186077986
81466782
136355424
26763666
178883653
7750802
127420990
17105248
90959399
65446895
16492594
73898082
71597660
21400441
40146799
178449864
10681662
30317736
18177126
87221910
192005935
115556186
136350843
25923797
12141262
19678937
25849426
136362750
24619384
135276376
40927173
155800585
39306847
67714549
25224700
19878266
34417674
27626012
128429586
28471026
52821745
191226351
68170039
8943
92858317
24785490
45872013
90077800
91647270
22117226
42560650
21660529
137404412
23083404
17461978
169686021
18486045
45351422
148924280
15836703
137871527
29246171
87329290
25110374
91518734
35787166
66183158
98412815
133744714
66185401
7951862
159825171
146905503
16789504
133880286
137417482
138546415
66463434
105017346
120022087
73199262
18766687
101857582
23665436
145385067
20409438
32521367
158096811
65694341
21871898
21166551
33388051
102166611
142339975
52758515
81236738
137561673
19932327
123101191
24795163
26895879
54951973
15485441
26565946
43239590
19238073
97870824
28221296
27015748
20560061
31349287
22940219
27195114
116362700
29724393
16050554
28895421
25027806
17559395
20615786
14970410
52551600
48289342
20261843
18515564
134295635
38199861
57405307
35158252
24705687
3004231
23883319
59682081
124232296
95980727
34373622
19690275
22038998
22819823
20710218
18691328
18479513
21818830
21820806
27660226
109282155
121290796
108104909
18711882
104540201
85384572
16447060
71012516
34550621
85222051
24469441
24278900
24822280
74551137
19249062
80116664
26553086
22575307
80700514
21278412
78465648
8440552
61984865
21672048
16594644
21303251
72063872
56855530
40709264
63321374
73051305
59050332
37026323
58578066
46901960
44032048
57789662
39217247
26642006
21492737
19941004
25365536
27710376
17173775
14575107
15078840
20466215
29797128
21499292
16343608
18002296
14761795
35792776
16409683
50940456
19554706
14740219
18101713
14173084
972651
