128481809
893167046
77528520
2295310321
244016038
57326996
15439770
2560881480
1903382054
469508969
1651824314
264120930
2229542462
40448264
38164846
986816316
992977652
53078727
2327218472
2449336058
3176481527
85307509
835230594
2155215398
246334916
17325090
17179368
2338108773
161667001
283496632
915904658
4040818396
945571482
617138749
1528343311
8775672
10126672
19611483
54885400
98081788
18445408
63642511
498538341
1972215264
224430095
61165115
3197425826
594603685
261380200
98626962
210819150
60312889
1964997660
2891982811
2999683957
593467510
121193214
100739965
483239756
199435024
3075589099
1515812534
394770287
1339835893
252157442
14677919
47448886
18257177
34963989
37960888
30364057
17006157
2731279626
24882415
2951467150
3056889721
526584155
2503497091
2378420911
16804902
178265479
2900258011
50610146
793879086
23234795
3183923029
767637534
3180190236
3245194376
3235182120
3116591323
14700117
35856249
1117317140
2495199115
4061563883
18794294
537407012
2655956864
325609507
77979236
39465137
59439418
15948668
884063996
2984207250
544311327
3164749852
3085576257
4118887455
1416234828
504604552
34375232
1699037857
347294614
1246728589
496522839
881023268
4096674795
194515179
1694483425
2330330082
3269650544
1640169925
1224149179
704956294
2993328042
584209647
44196397
36783881
3075548178
493305956
364554398
38742405
428210739
2832170426
847263877
1688632472
1338480302
30489982
3979710797
2839240321
17061263
623467710
4095189495
36292202
4077740117
23543947
3063207181
48523960
52732886
2900285510
1963174555
714356834
33451289
36065771
4055014270
2819048618
3297963235
3937612774
315779591
1600937988
1216455278
731773279
2426169308
16330790
100430719
3315366207
34218764
370564325
621100139
264879105
885386329
856543261
3203335250
14811485
18562122
23441725
341329326
17705672
183767243
71270998
39510422
285332860
558797310
23821691
49987012
18909186
41563134
566054851
35869887
18161487
72338082
17937100
21098892
102154357
50952829
16132791
46722509
1877831
200293513
273234774
19776513
526600858
2324660347
5392522
12133382
2467791
2963400445
79245796
14062180
3262769918
41346792
33587536
489965345
294771762
10810102
3069121784
3342152225
2341020134
15439395
19966557
29465136
55338739
18906097
94013297
1486524408
1384471628
37852648
106711093
1620765234
152564203
84108816
574411752
16287699
864616878
45323506
237588185
296684287
122127254
2986232390
414536045
307938354
1208653818
956125597
49595757
1401660697
3176153300
15419286
1594300903
2723249720
2946017990
2422277072
72071510
495245391
219219678
533623327
47040514
1042047727
33473850
581140221
1266198420
2903775647
1703849832
1029973484
68197599
33662603
22003496
510883407
37295619
3014372048
917451193
610098982
719735953
2350218440
1469402426
2901846037
961309802
343958195
514082785
78508514
718463598
2460799331
64480138
1026385814
98297777
55011889
19622108
76958344
217520153
7748402
44940629
363434119
28824342
899402834
2265844551
1683732097
428333
51241574
323468251
21887420
1774391
173992307
36184220
201200114
435807387
1578363272
2896297513
43197818
337846109
2321881588
247244259
216256233
17865618
47355706
1343981898
281253106
62082091
30008146
22006155
11096152
1108360736
2153507388
3407043479
2375666792
468729822
385473825
16314859
140070953
2326857668
90375894
2438376520
221782855
321877806
1286664319
71041908
36671155
3060587083
193533322
512445285
51402942
1363706784
17329538
42220353
14857290
14836197
383132996
3238937964
325600993
31284477
103223236
269883253
188100628
2759459449
16129920
316389142
2317351705
750036258
2279528208
77747416
1598971939
2237110199
18841928
3185038236
19979212
872191892
3080357672
275103279
372226447
302971361
47176240
2465737627
95832786
794434423
2817004388
514244629
61457565
57861715
67182352
13197402
3039661429
3092797309
108001670
3073366435
3063461719
314765296
3014866691
37187276
887935466
2193733235
2301110688
117662694
43166813
19789439
15473958
180200031
138725262
14091091
1451773004
17471979
11348282
106038987
552760308
19583545
1347679393
2152685876
807095
1630896181
1139001474
366796169
327549892
220941942
343627165
1432977446
2856521036
26012202
62816265
14362241
36183930
28064679
121402638
180505807
98955572
35686613
452955842
14353392
972651
18599920
1713764934
807288080
2684765790
1681515768
3015892196
730997750
390702143
949502250
126608322
69934870
16073416
353791374
96951800
380243175
3016968334
332773271
138372303
627673190
8159472
43578574
2617170026
3020114984
3019533199
2688034392
949981322
2614040508
57535118
2348783658
2946300174
151731997
2935229614
933990392
60052133
18600746
64429806
1442211547
554973623
490583641
60527154
241435654
804535273
173418313
47181372
45225588
1567869552
3305766600
2657146262
3085601286
359299032
2996769246
2602165590
34891363
14749606
10191272
150658752
157580565
62217797
406255275
286664534
45640557
2268171158
21889608
112696273
279100391
59490500
73448011
452782112
493853615
2954780122
2295813843
2941780704
178132992
272250951
1209760530
1040364062
364271577
2549735258
31126587
2721556356
256964635
355672274
361073703
54907450
242404029
51280297
477185453
171865037
195801490
195799858
196068375
14919644
35455100
195802159
196071097
3886711
58562226
453030125
114531894
201279013
122994639
1404590618
47813521
388513351
282795728
1266962011
261305739
106530410
1326372218
68034431
565545064
79942437
15969329
114894966
141084952
67366302
14637199
18474156
886335560
2160494089
106052539
2708901050
3013098913
95438524
816653
31285982
2858241258
21919812
47207043
21201942
32468665
31311757
38679388
382267114
2196922086
77034099
285416977
19881931
29873662
239672340
224223563
16625091
17560195
331803536
16313140
20015311
94166168
35432497
14348027
21598550
30904685
463787524
272403146
31574360
136007061
90836187
