15245706
14282672
23476443
29362243
4182867076
2817066926
2846061576
58528137
323918881
33495086
2727536126
3526372102
3319648181
2925305888
3320399507
141310023
3346228093
350690168
875819690
622449926
387181116
2915244039
66339576
312230865
2852294400
142371311
525821517
206052014
1324333908
476234589
487736815
843112550
43042353
237634998
32688098
400630125
89304457
70352000
325451111
257799442
2778537414
334185476
551149727
47285504
3236167844
241382835
30858469
16896485
3063032281
18948541
39871442
28208983
91478624
216247727
108568373
265902729
26809005
14718073
487843424
1652541
525312787
73593143
2097571
742143
87818409
29123186
2467791
2803191
18909186
284441324
23135992
5402612
19478383
378930505
2922499382
30769570
3250371632
564595075
16248319
2335560870
373088820
3228005493
2466174554
888925268
34091664
1251417968
1190498018
244746802
17986973
2685318456
1705162543
229219088
395149823
2333517996
2900426395
2354128850
347165999
18393773
18964696
16950889
221197757
332788870
148760908
139399835
207426991
233930436
629097517
149760844
227626917
370699216
137478201
95838017
18129528
4221082572
30278532
23518723
2869531
16422358
25170188
16932962
80943051
20962674
810424
14677919
22059385
338155805
301384343
310576513
399522324
161955821
20743764
142839300
2458373136
930270762
546387696
31505219
20154994
65184105
97865628
122995784
1121163822
390860562
825934369
1599171037
1446460165
549470860
157140968
1233101023
236699098
23613479
23617610
183201869
491255746
282450038
600019901
54502344
317373303
1545994664
27650674
2336718961
294499000
87318558
2183027910
180463340
72694909
72936595
70897376
258730549
23497233
355307031
45266183
20565284
337502808
701725963
412948496
27022925
399123493
131102007
547607608
2223592103
213009133
746935735
153474021
24047612
60649803
14497313
36947388
23560015
15291335
124335068
203162990
203083495
20255162
57097104
34395888
5988062
49239873
1156866230
487977202
15317676
15933910
44084633
73359920
72568426
19247844
326359913
130104041
317034396
14791162
14934818
136361303
20177423
16190898
32469566
355989081
1056850669
47786101
17673635
27042513
393852070
100303374
196168625
57016932
14342661
3025653733
22222761
7082202
16665516
25383000
90356280
15687962
281217033
99897495
22256645
114685387
129845242
92708272
184154013
153684692
178812809
615214819
476199422
45786304
2177420990
78492982
1487653230
332068502
30848360
14692025
152874682
281099443
621711588
29959618
38647512
98362607
248569082
17548474
17710740
18071358
39743812
29958928
39240673
78022296
131442654
586361294
19148708
24190981
627673190
343627165
57928790
366947884
2506440287
2425064720
2367487956
46086231
947192262
26589987
2367911
200913899
22037660
19691643
27678749
67792139
342327238
84358766
27778893
60257871
91390383
90021519
59283767
102278356
116362700
24741517
285282053
103770785
78941611
144755081
19212009
15632759
96101258
25589776
17169320
26895879
30180137
46452468
49573859
10228272
44635677
268439864
94816809
784680583
31239408
20751449
68977380
197034645
29547045
51376979
21904217
60054156
6509832
18481641
304925210
36327407
24886570
46134530
215936249
471741741
783214
14465084
7428362
107734620
251521725
439329948
19373710
21701757
759251
73992972
14293310
24852465
863720408
1196254680
87174678
37600239
508656152
1026332905
348375714
52339151
56312411
43568964
486711396
20609518
99735551
70931004
121046433
71201743
220228167
19897138
240649814
38679388
37034483
77888423
133880286
17696167
134758540
103865125
250831586
110025421
56505125
243381107
756202633
48410093
297169759
101695592
145116508
196795202
223622368
24599923
19248106
24929621
16409683
50393960
16929349
1879831
15279429
71352734
17919972
102446093
21401466
110827653
47571031
21447363
97611573
33801019
23061619
262794965
66306024
185314895
142722336
65992743
114501238
20506424
28054681
98932084
57188977
16507391
15875921
41799998
55520719
14082692
14216203
16145626
105119490
158314798
84279963
176566242
181561712
209708391
568510054
347911120
235533903
305499874
44256533
35269664
207071207
127353653
41364508
316469980
102382667
68067720
167851018
75968447
209629316
230771923
51219631
125353005
265801546
293060400
43263201
14365873
92367751
146865673
33652317
82939583
115341081
18681139
55814850
117052897
551177934
101984960
300783110
124777527
262359713
43216942
288474923
59247894
55573873
218134594
409486555
20638192
23083404
40908929
23976386
27260086
207888272
270553921
78021221
85772748
155949831
23860949
98533811
415859364
255745312
18392906
16913418
18647765
132496698
23662958
31808368
242073660
24740625
16125042
256881576
3004231
14230524
35899971
12044602
22129677
109241992
166739404
468229219
25587721
205373019
322985892
181974088
513159565
6427882
183310940
135409637
20322929
44409004
34301869
56913467
245857954
31927467
33933259
25365536
96951800
19895282
88856792
35927341
107318424
426738834
