14992973
23859156
2467791
237845487
807095
21982720
1947301
16955991
37710752
19725644
20479813
381565337
271725689
15164565
35773039
1339835893
216776631
14677919
14075928
158414847
316389142
2317351705
29442313
148529707
48802204
26657119
455288410
3355576821
3355631907
2812768561
3024367335
17219108
16211434
944851
19697415
30364057
55117855
154915258
14622632
23826838
500704345
20609518
17623957
53096698
278072240
154677827
35362959
26012202
90713806
15042887
37373131
43134927
45930775
887429846
15989069
35741196
9158962
31895345
28472888
5520952
19519252
54730258
426044697
14837962
23440164
215448217
107176159
148505770
10228272
302214962
25230226
22302073
15682352
16190278
114819306
20238700
155011948
25940364
72890123
222908126
17043428
21769127
21114479
202439067
130239137
106658261
89922542
179309435
18798056
46530728
111135769
16422358
292250240
76839405
17416571
24647077
16175706
443144822
91942071
14627153
713678474
151831643
15464753
594171678
17471979
16854475
31034637
14800270
9890492
413327979
1223481
106618405
214465301
19424591
21209392
14331724
17446304
563229775
15932734
111031312
20071863
174377718
813286
88512930
254084626
16129920
7334402
37728350
17573212
11695602
13385612
16031536
15066760
14363353
16365636
22847499
14237001
15566901
17002395
41866944
13787352
16568227
1440641
87978312
20622594
22009731
22061737
15057943
16661296
15446126
11512342
9779032
16336998
20020647
15131310
24626969
24223641
16145224
23518723
38883394
25170188
14353392
44644552
16303106
768009944
422797255
14511951
23674342
222520331
557867899
77699195
21883769
304680451
15588657
60983046
165871371
20214495
22405793
14780086
14813320
88612982
88834485
227151974
19902330
491498511
