14677919
24712054
68792381
383044849
39133880
29979980
54480759
228822613
275400224
220843663
1665606356
25419402
338596872
423781033
71435985
499494637
366322025
597119761
23086378
23807048
21417710
130991061
109303622
234443392
56773228
262454289
199999865
33597201
274119641
268414482
55050269
30317085
35880417
23375688
27260086
3420363905
1011554978
325830217
1536791610
19426551
1093090866
18222378
443215941
17498493
25447982
445073602
55117855
3004231
25087685
836515855
284950610
47212088
304658938
346878074
288309667
47686520
1366254476
3148833162
201033115
2500134024
184005873
2203677290
214144649
105021623
62135656
56906052
3221774144
3367951162
16936532
2516614945
21442298
7532872
637231035
3078628094
57514151
33396542
17094725
356703132
277848044
23408458
266762265
18220987
2866285210
627734880
2956813320
3055043780
3036130904
3092622034
3042912901
38355794
481607645
2208930811
2926982715
464962287
3303293865
97082147
579603629
554100720
59522201
105340932
3091717031
19414815
174697564
28118830
143552619
42690595
29092236
217305232
813309973
2532172942
2517082856
2530906501
72607134
28208983
213729243
16222584
40851965
18462157
109702885
15632759
84087294
138787183
94558801
36259958
342165503
3030833832
15681343
18481641
135249573
155544257
18647765
272250951
755956382
41634218
2686628156
15830716
17017636
204491797
15162193
41338503
65104337
1339835893
133093395
25326324
14353891
21208444
1095980838
27042513
32193728
78693749
20196258
28221296
18018384
25341996
14497313
14840869
36947388
21904217
203162990
15291335
479809444
53297035
14780915
23560015
30654074
26813101
631478663
239819612
634706405
357241116
26585095
246500501
321962760
256970288
451939842
113559434
274789187
191149228
166376197
254625736
247607873
18467334
28194129
98475069
400280472
260886424
550189251
2151239306
31583155
380662828
61387670
65773523
114685387
18863815
29412327
112747576
24795163
62432717
104235481
23280648
18133405
18228898
23006794
104609993
47285504
5695632
15444822
138526099
27554177
1173058177
43894451
265803490
303891436
1137562112
1483475155
19599443
15087120
14173315
15754281
2884771
210684204
18170896
22657153
95023423
15934926
23603092
16929349
14293310
17446621
1330457336
15169907
33452466
17525171
16096416
27457788
24502450
348785149
19731770
125481462
248917209
17350250
140121382
364345806
436292177
124335068
1429657369
3000061253
21050023
17221158
16113773
25743813
261503168
583482579
332638587
50687788
236956880
19114743
15328942
18222770
18222599
29724393
21705931
21955058
238475531
22060294
68412310
6761682
19081001
25425478
862551800
834316544
21148293
21401466
264569073
14813584
2759988725
622150785
2705345677
865919816
171727607
211946138
904036698
284692113
241382835
1228516999
570290656
15007149
19030602
80081836
87267860
234163199
71043175
17295828
59649180
15430614
39334971
35807646
28464786
28464656
15398806
257077309
15398794
30984071
72954045
16369343
18918698
21142831
31346330
15398780
74296039
14675685
174016637
14629092
213467133
41648843
1467006451
30782495
216444984
211648070
34036028
41614373
318134208
19777398
1184202672
249470688
6017542
51241574
233248239
111749664
68471807
179736548
46498840
1227720859
39582245
390361521
175538467
32469566
146307575
16936018
1660988112
65675630
11348282
14159148
66369181
19148708
14791162
9624742
56736161
30313925
17844280
500704345
19196807
98945427
1236458736
1278276972
344962912
1411416157
2175969401
1209855259
1249376894
1201244346
1163845008
195504210
787572684
1604508416
46177695
15670515
17471979
379439391
74286565
75698284
158414847
14353392
50393960
22510609
21425125
537463383
21879024
7713202
185260477
205915163
36072985
39364684
90484508
16801904
607134497
22802680
2240819340
434943068
318666411
580097412
107512859
267978097
180014279
128970816
43269420
57778499
217518231
807608628
314792669
41305464
201229614
276789532
27758112
74712538
27760317
67995848
23648057
25421094
23976386
26895879
50751556
23089953
345687834
21892414
23970102
43121121
85350954
16697350
28134825
15613133
18912121
15225275
46186400
44374416
31312972
6480682
28384755
14399483
40965341
26774034
14934818
73359920
68399194
60054156
69615397
16193578
15279429
19074134
23482952
31444922
7831092
20177423
31143489
59553554
72568426
85772748
348379865
326359913
153474021
136361303
30704824
15588657
17461978
288052045
39871001
284268237
79090231
17359373
26892157
24531730
23511303
43018238
740645960
48399528
96851347
111690277
52236935
14419089
382815761
46452468
31927467
7428362
29547045
15604572
16305330
15033845
57084769
21217034
21044752
178914796
527788680
302088652
320932168
49573859
61915982
165956566
426909941
382209072
380438745
556922017
374152542
124475719
18676177
285282053
460460560
361245751
76730514
400163844
167478690
61843738
373561580
23018144
576186116
204482915
152138171
593794537
243638766
110164495
146261696
50004938
16028241
20436059
33933259
6519522
14939981
164122774
37715730
261244242
263385527
30503160
16579345
60395840
58816328
1482304957
26257166
32939851
224221596
16303106
59247894
22677790
62591681
41259253
1428219750
807095
717386148
1358062944
464291857
274481486
253486570
87518270
87595338
88749392
319262173
215705257
16228398
387352949
21766730
37344334
1250173130
66209470
295422142
277148157
16664850
24263801
24910628
9406902
35762475
74580436
10228272
34097876
59618255
16853176
92367751
275682052
2367911
19691643
44973396
14515734
20015311
20609518
139848744
18650835
278692365
158184001
277165873
189283341
243349277
217123959
63857853
52551600
14920785
1081357658
250831586
153201347
52070270
44039298
74818261
512446262
30614676
215060612
56405314
220922265
70246837
17291393
23405114
262359713
19688927
1715051
24579796
64496398
64790822
27685955
242516347
78385842
533498289
246653875
18091904
34716038
24326400
74872146
161211454
24325657
13929092
24325547
31002036
705647052
17456140
82900958
23615586
229314442
23018333
63601518
34418203
27146953
500002434
82939583
204995942
36528126
27750488
54387680
18420140
29546945
52939106
50826280
24523660
83147002
7025662
71297990
21898041
14295156
246042216
55147101
455219818
325197273
552340575
393852070
387094341
485019789
15687962
396392329
113560280
18173624
187428929
65289126
72644483
339941044
22216725
57393165
16027638
16331010
22179997
29611918
66492624
236699098
28669612
237930644
138909476
263227378
123945193
586671909
110827653
243442402
73123883
49717874
85603854
19549124
24886570
115093438
73992972
123635796
184910040
44130610
416001525
17444573
17581754
75330311
31239408
50410240
268439864
587821634
117778179
37599351
18128265
30333898
24133713
24776235
14355899
28456384
30023371
51520765
31001575
273961750
38690583
20755072
40752044
15451591
67920551
38887838
34212917
35172509
176485832
90334660
23270058
312735063
243341807
35094637
28638191
21111883
115485051
22940219
23065354
16331217
21780652
33514869
23541684
339879013
282735852
16409683
18812301
16312576
33926811
41229669
23827857
24963961
18708038
500042487
34117110
186573667
43283406
22645045
39776200
18976591
18947987
168803307
81989037
187040413
24625821
102156149
1164837889
198257415
66726608
345638100
330533209
15636875
17214161
23920627
18942487
189258194
430744802
1271081659
1271166733
1271037660
126414598
1271043224
1270898300
82589942
467758710
183788526
37981933
494337968
834182083
90006831
17565514
28907451
16222772
30602016
293722201
87239242
57097104
24807616
66561957
128263500
84163148
36536661
17467680
330524784
338635468
34385349
19643688
71421886
48729685
19624502
71043032
143844054
262896094
89231360
39885227
119225308
9364032
43803786
48100887
22676390
55748107
398092540
32004130
544517731
21258337
284602545
166739404
133880286
329746058
25203361
229219088
124003770
30051588
33562015
102117969
30091203
25549451
17375300
7384442
51476986
32445738
48695894
22824296
18028538
56172085
22524096
24199683
65552088
223640712
116362700
115486770
385969566
267809609
17137891
17475575
15458197
18462539
95515846
437136024
121489952
19464428
185314895
46973152
9541782
394093750
19248106
38679388
2425151
783214
65992743
180505807
27083523
1468922012
402953572
54632235
704098430
335917737
17448575
1253163379
428759739
570279813
148760908
501426514
174074249
1413068971
36734275
27989078
23544596
15635604
32959253
21920965
19272244
15097998
110840720
24332709
161456486
492399548
16799621
34616510
114885858
41186713
263227646
54906866
939309067
22650211
142157505
19291081
157140968
243474622
250517865
101928415
109660695
145499533
386244525
207923746
222198237
25913173
27663264
159852658
20613068
16119144
139735325
263973391
85452649
66237835
19329393
7885972
245507502
169686021
57215719
291941733
31119337
20344826
830267029
101572891
599767159
2557521
21231815
23597821
28785486
19776595
19247844
160685341
41392430
23690344
18755878
20632796
168774634
29555251
247925761
30315153
37763069
521486249
92299913
543049500
25321854
121626258
17371435
25110374
65733755
277546050
14506253
80427318
20545055
18948541
93935921
2883841
40908929
59889953
166270127
23680913
23613479
21681809
20322929
222365692
89084561
17696167
394826630
779315274
138240023
199744166
27778893
54682125
50374439
23151437
23617610
26553086
25027806
54951973
481623542
18363508
216299334
26149716
62290422
53153263
336116660
19697415
21959255
18220175
494223551
50055701
279319647
15175368
190360052
274649460
20641995
26589987
71026122
326920412
24716475
418869628
37947138
338084918
138600717
100220864
50532092
813286
759251
245656898
15846407
14880616
20661539
20710809
28164096
27091468
15020865
119855754
14230524
14790966
28706024
17919972
14075928
19562228
25521487
15485441
21447363
288452305
30278532
94360081
77888423
198739254
15168829
25589776
45900567
26565946
18831507
19426729
48442572
36155411
17890396
148496087
36980342
15224867
173999134
15906474
20188834
20743962
38531995
27538577
93634334
20012204
16379018
17194346
20269833
17543584
428333
28325821
34396691
17008726
21414413
410206058
425075132
25073877
52544275
267921808
45924487
20109973
269852626
293850289
369506120
90420314
112985166
280746185
116967849
22156181
19637934
227390518
34436704
26053643
29840295
256573865
14085099
113718554
39344374
18456892
19316817
35859588
26378747
21324258
14085146
6427882
7744592
25365536
456360178
14477169
241546412
59173993
382377487
68786791
27195114
259379883
14824849
19397785
19058681
256881576
185457242
238319766
79293791
36686415
16190898
562593717
24723985
