2303751216
16017475
45564482
48380591
35773039
14677919
108021968
2944845389
63302806
20087888
24010471
3291670130
2373907256
23224098
1589596195
16583846
803901552
455024343
21626287
56589967
69659853
49986034
87501174
21424637
43124180
528717274
75499905
250205792
194425811
3341836661
106863403
823333616
422665701
21919812
19351485
290798785
2835276183
47207043
371883374
1283653922
3047974969
15220473
456063583
382124982
24422301
3434607778
173677727
69406730
21718006
1858680422
358296196
23393630
58521743
18726289
205324831
2216070560
184828402
500704345
534384344
111113061
2966343117
78157651
143390584
130616183
3247988765
56490073
2381427001
112476986
145821662
148072399
286500005
2379394562
20051930
67385653
24554901
151178491
167154696
43984202
3303293865
3249772649
222271933
49717243
285209144
1299931544
293791690
380988898
491635942
992447941
18622869
338016718
18336459
46676750
226335736
309045688
70807231
342770193
279319647
372891057
35364809
61206610
10880202
32070022
29562655
26802428
131834144
151104533
26593533
163988093
33989630
17064956
15485441
382300317
90420314
59949396
21315320
161775383
2987691297
245571881
20115751
1731895364
232237738
976542720
138515580
49793110
252740650
2317351705
67009278
217494738
316389142
78367352
44686535
16753660
188368450
152405602
958435057
19046500
26697854
176944763
338789626
558691787
22519038
59547205
21938868
2550730105
609653563
305235937
112813472
22175924
14437914
20186316
1551242316
106425006
14592723
146569971
15134240
15640760
831470472
36462231
356872253
23092890
1265726480
59176606
915882242
2825833119
15446531
281566410
13657662
231051167
2578913616
2193279956
580782608
124541181
862029817
1517644555
315302894
2402734640
257548783
16622207
205789121
14467969
259387971
19539948
15302560
16683301
161716937
195897926
61762853
22196902
317776258
17006157
86340250
18025557
382216250
1522468057
44159763
139900913
236532191
43920155
23600262
16625091
15273747
1330457336
257185306
274286594
67060591
15427776
15018428
26636274
14615573
611997385
19788697
55662510
68456106
386077400
15744521
75083764
18938912
1522464770
18928144
99625216
14856665
30293332
372347731
34996738
14238142
15810195
14425965
285198536
330921167
16313140
14437161
15295015
21201942
158145014
26244297
14848798
498852873
111700487
331803536
16497756
20788087
167144775
2467791
21789369
186129806
22658809
5988062
373617611
19472585
29546945
18944397
381559576
198567769
14345759
20609518
32359921
17879538
146099195
16303106
22061737
132242528
1431658008
66435090
116763916
47369772
56789587
15522884
8241232
14342564
139823781
15162136
15309804
62011574
5120691
14353392
15131310
813286
19362341
19397785
15566901
39250316
41866944
