293614088
34713362
14677919
2491947193
1283558792
3351854292
3167151993
3399653146
36377492
384438102
3168647239
13213122
393637870
14075928
410605574
17899109
42886682
75069067
785218116
1183794259
2432872537
15224867
91478624
5988062
17388478
6017542
3108351
5392522
2836421
742143
759251
28785486
15012486
14293310
1979611956
14173315
14511951
31153345
416704124
15688692
876398604
49988522
809617682
44179395
1947406424
33633403
42887016
258949992
42887245
284882460
2232045398
365477436
14857985
63519471
374783194
2291174173
34743251
44176491
1264321387
1321400696
19426551
17842366
35865630
17471979
16877611
1093090866
5402612
1330457336
2557521
26257166
428333
1339835893
50393960
813286
27937559
18730191
42886329
32256522
15312292
25371684
17976396
103997171
24490706
16357640
71426558
184181692
14049235
39261830
14675283
14676481
14680260
14746982
14750400
14750436
14750488
14750526
14750545
14750659
14750705
14750733
14750755
15527967
15852390
18806327
26309872
29609297
31979433
41180881
41195620
55333996
60662309
64462508
72939779
74018166
82620467
84387008
89052053
94440589
123922789
211995318
266139444
500030312
596673671
929897563
1183570776
1480344252
1592516347
1733065134
1890922608
807095
12811952
15754281
90416226
2467791
7313362
