72454280
19292878
20526944
15209011
21323268
264153788
28164923
18639734
624413
1754641
30940950
67358777
35002876
19546277
20402945
28140646
621523
14800270
15110357
59486068
25053299
44906914
17324513
18481050
32359921
91478624
18949452
4898091
296268537
271448989
901839110
362359332
296271415
299942973
3036495555
210773570
586429216
1175813016
253981888
426060588
103424803
104792174
1587929479
569217864
451381136
54184115
567137143
1093262388
295867927
21866939
87416722
15922214
7587032
1917731
34655603
9300262
16887175
15438913
14662354
17469289
102707504
9763482
6107422
45564482
16973333
14677919
16343974
35773039
16896485
15164565
19407053
16012783
14138785
14511951
20562637
788524
5392522
34713362
87818409
15754281
3108351
1652541
2467791
1367531
28785486
51241574
15012486
188862163
456230445
15892094
25085252
38715982
14144238
41901343
184483314
594050610
39406858
112321835
36786716
196520850
390782790
3248131186
2097571
16184358
2879688670
512480398
135945240
52713824
408507712
10194682
267939430
40937524
24636272
17514619
122312272
18341726
14842428
83397390
141227171
5988062
14293310
759251
19067915
807095
5402612
21644272
263086273
742143
41197522
16241620
247687786
64643056
17093617
2687588900
762503527
537168272
2577012602
242901769
268222519
1962875852
311890765
1125191
46577618
112519988
35747717
17953287
621798900
33500020
93677008
48428258
34651048
17839207
293987340
158025128
41189379
20278700
19777925
28645170
162068934
14301642
348542547
61466939
66406688
20534044
20788167
59422968
106386555
21875757
185320597
95117113
410093591
410894271
328412296
465001237
490447687
486475439
255773153
2281315909
774062862
332707275
2294577655
1539474266
2364567350
1667009653
2231391014
2314355089
382244301
138008123
608923728
1455431562
386683478
89508462
8457092
33981841
18246611
64219245
22167996
77150491
382673029
21792426
179954463
386602454
16041632
141699495
22598009
201060091
67671464
103957287
49334471
160908127
56079348
219243356
229009981
225353362
203975623
428333
236914388
16736293
262765386
79992479
70001932
36374439
67371960
35387005
19283297
42952347
66397136
17620834
