2362467973
2353375021
918611881
315354999
2988931166
128277601
70689901
103362571
15438913
216784453
331381387
87416722
6107422
48036557
30313925
14138785
4898091
16343974
2836421
825934369
1994321
45564482
35773039
14677919
380648579
1078287655
213009133
786796010
1367531
29423728
257799442
2884771
15012486
1599171037
16664681
28785486
284441324
15754281
15007299
14114420
17485551
75883996
788524
150397339
2900426395
3108351
53804947
586189030
35391464
95038850
2655830472
6015212
131102007
347899465
26778965
2778537414
26729931
10012122
1305995330
87361629
31090827
112694236
220055314
105082141
7996082
106891797
6017542
14458280
14511951
14436030
82114479
19375314
19923515
83972205
268492598
290313555
48815461
39321874
290395312
53057110
222553273
61323767
288386790
522246220
16194080
45250966
4109068269
107128926
83836041
130492574
81814257
246820825
23490560
48463418
67283363
20608701
28543386
24944298
16130330
30034124
14987728
26024010
149197471
21968928
41806795
14266598
427958206
78361556
17793878
20068053
18713552
34113439
5360012
3459051
13201312
16029780
3554721
17596622
14634720
45577446
16145097
17054817
20582958
59460397
2395507958
100731315
308466494
7827962
2223592103
82801364
325451111
368708794
87339525
3297436848
329345459
1485164719
25239780
2439349441
1322319715
1650056858
834988327
487118986
3171366511
2210640043
1264788474
395149823
525312787
21866939
14569869
16973333
87818409
7587032
41462167
612473
195159610
17442457
31285982
31311757
56505125
24969337
16676396
15648827
114894699
84623395
612989451
843112550
21323268
111946118
149915877
519196613
211810106
177134089
1433628480
1057903333
1438162062
1251417968
370699216
2632716033
746935735
343547084
1446460165
482658470
476258341
17424053
35164897
52083929
35432131
26040944
258923616
209926219
476199422
199110089
551149727
73593143
390860562
348058612
629097517
525821517
96013710
525060895
3045175564
17578576
2389576687
2467791
1877831
51241574
1652541
227626917
264257750
155992471
24506246
17198424
5695632
23074277
21425125
119952385
3024153159
269958490
35764841
307549658
135953666
75891845
21447363
26565946
28706024
62699693
1330457336
96588954
13623532
425274646
476234589
487736815
43042353
95023423
82790893
66736384
253571173
17813487
14173315
17471979
5402612
14293310
188912845
2097571
428333
17781955
742143
84195118
78723428
807095
759251
301388143
78944377
91478624
248010159
15108702
18949452
65240091
76931020
54973156
621523
147589125
23484039
50393960
2773787759
15846407
116613047
16184358
813286
1344951
72627916
102601082
28058878
133945128
63263205
124172948
84725346
49658852
78077245
74492844
239531667
229090782
525264466
99596811
77038112
77054564
65728343
33884545
90558638
28588050
53778621
102482331
76947892
77103484
34140316
200267797
145459615
77549801
780857144
132797342
784640119
64252221
67736078
47491330
42302742
178947734
795606
78932754
85306071
111420055
44212620
5937312
23719107
41039024
14515734
59275153
39540117
55371750
65628660
50336801
43679690
17124028
