19758148
1351000056
2900283575
14677919
69032746
398088661
26582656
2153005170
14713787
76710096
22849568
80702644
203132018
25227444
292116015
26053643
25521487
21252618
3257933325
48636179
736417956
189963921
788367872
16139649
15153534
74669397
48613218
19777398
56783491
27678749
426802833
15693493
24947333
143681693
45399148
272250951
261877842
3351076752
3129992711
3386284474
2374176276
3416255806
110445334
611755867
457889582
2503207382
145635867
27022632
61183568
754262214
163724029
476907667
93121635
79923701
2863488598
59969802
149537796
428758276
234128524
106629486
6427882
1432216117
135249573
395310155
18939358
55117855
85436197
14800270
487198119
359969654
261296398
164365226
2969760609
73408854
216201838
15987296
18020081
141084952
85452649
3015301350
363243157
352947624
432060086
19017675
1693945033
3303293865
2385978876
89690502
271572434
950531
411807923
112964469
476209692
20483216
291491247
18653078
160941691
1536791610
143172696
618441816
133236916
788147791
1246504897
3179977818
1094922224
1528743722
3187280272
3164387391
520961231
3131144855
18616534
26257166
33230016
2586277651
14434063
144130505
138639597
2755303650
2610703422
2189504154
191663499
513405415
1000262514
1249982359
30681198
862317600
84358766
19709510
31516495
1690177051
794624845
300426613
177591404
57541477
2812768561
34152684
18023868
16157855
59331128
271441733
500704345
15675138
20052899
70617159
35807861
621523
15110357
18949452
180463340
63942152
2227265544
14644796
17800215
492399548
59949396
26755480
457554412
807664490
2413734505
1250191058
14123683
18549724
2179107752
2557507771
160952087
20455625
2830872505
332618175
1355379698
14676022
574594956
102446093
14344823
91478624
2826508983
313979251
48672487
304043771
2653613168
17494010
2845517472
16397147
16734909
89856037
1307791
22159580
564111558
18762875
15745368
218984871
46557945
21316253
147649517
54990588
143048786
72198806
34713362
2557521
102724348
86129724
23822470
339822881
16789970
2779711374
67910866
276271936
345192050
976301461
457116274
458595232
15463671
348220032
345786040
295712016
65732669
2699239290
74820061
35773039
709358358
284274787
332638587
82653721
2541767550
20744708
970207298
31711523
143516375
436292177
40117393
17525171
27692596
285332860
2505683744
443215941
218960649
355190750
465140612
2458414939
250386727
16955870
1905230346
1078443955
2395001707
15007149
2303751216
1198406491
178812809
612043406
389869638
101798589
16558943
6467332
87818409
184136149
59682993
2293083691
15778426
14717197
21947400
181561712
2238486854
239505770
21701757
22160119
101928415
1286106236
40768837
25093616
14920785
14511951
5988062
612473
1367531
268414482
27195114
17446621
15846407
98227418
68731073
222953824
21757802
173694656
2165356993
1222777830
31641658
159992511
17244973
18874097
259959379
62513246
44039298
50374439
19697415
22624441
404137465
80096621
27457788
746107549
16187637
14246001
20346956
329746058
26259480
136300373
272172091
1431101041
17074714
14529929
23997019
26337627
780416875
15650816
276831093
17380167
16008484
1137600571
922238588
16303106
776049583
336116660
41265813
413487212
16409683
26565946
14466538
3108351
113420831
21313053
244655353
14377605
22012091
73238146
43963249
19739126
20733972
5693842
5496932
15207668
16312576
381112291
15485441
326255267
15446531
258885469
16244449
47739450
1016021178
47636400
9624742
115485051
94215989
15210284
1339835893
257796122
455315694
14022672
1066843490
1431865897
17220934
11134252
17844280
74186967
115884789
25984418
32433037
121483664
1389824269
75069067
1378339310
23970171
16825289
386244525
1330457336
1323630038
1225696320
16250929
208019751
621533
36042554
1093090866
1440641
20196258
325830217
10787612
939091
1260020426
440371303
23700113
247123140
59906209
118485959
171924765
14281853
757303975
87851659
189483482
30412891
346618906
25028396
16423797
18916432
20608910
89544165
942320929
123546050
39419180
103065157
14260960
231595129
314972173
14922055
409486555
515873722
193835227
791720023
733751245
531627880
364940876
774849108
378293221
65546950
472532307
19346439
16929282
144607455
207785745
23170865
414531371
218408474
205302299
14293310
5402612
9855382
7402662
502281810
502135911
318502332
499073990
462289177
16832632
405788913
59827162
42708880
51241574
355741893
361490123
24612871
21415828
71469543
24807616
31312972
16900536
216299334
385539962
398092540
394364331
184910040
294728278
387295149
224045961
217667647
373185099
223665291
53297035
272191896
341887222
232268199
44177383
35764757
30313925
14700117
70807231
273283549
14437126
75896448
19936078
277202233
24716213
17919972
19822835
144659255
21405623
101896529
17820692
15458694
20818801
5741722
9300262
14467460
32462260
37677384
30043495
116861846
2467791
122994639
24619328
193757722
247882584
23690344
15224867
40267584
166739404
16017475
38249173
20632528
807095
21447363
15922214
1917731
30083110
108986206
21121194
24554276
133880286
112508240
21148293
101104099
14224719
17074440
813286
159853729
69014564
1685011
