520982700
173141632
565392289
1059072384
19719076
19111767
19869102
173195708
137645230
22009731
17064593
54203238
92263579
63196333
95229500
19923638
185314895
15279429
19148708
27844479
16913418
136361303
36042554
24663531
33875003
92717138
29286670
77692824
558109036
457554412
27725199
22086481
16998020
16887175
361501426
34655603
7587032
21866939
612473
20015311
320382621
52551600
3304153003
101928415
124335068
133880286
23613479
216299334
4143830295
20609518
14677919
813286
75974281
19248106
278057040
581338359
278065408
2196031753
278103138
823607244
20054788
248666147
871686942
30973
227636125
413487212
334565594
79293791
23617610
25365536
184910040
561246886
3153064787
149103331
32959253
3138115068
4118477056
28706024
1283117378
164627724
15846407
352213004
2925961391
155880614
31101301
506258072
588994532
2711769927
17386885
703813569
898058054
611746871
2618468369
158319106
191570995
215952307
163875747
2494413109
528619640
630192510
2824006834
3434071241
108396981
165661888
109817881
18953259
2740237599
2780557113
1073670265
279028202
14048489
22946895
258437482
1491402211
30849068
215435356
519044581
426543039
256125702
559944420
33935178
212398164
2564148836
2178779317
136440786
373281722
47133486
23674561
453786797
70951570
248259397
2971562043
474854069
2528816329
39842094
878664506
541584088
226526280
499122075
428333
89434927
2912546537
150315916
2262628449
70202948
202242261
434825856
85876739
1650786121
32168311
1031539333
69306878
2318754182
127681661
2994399767
491699593
142668282
184865684
28206841
15439395
17336417
2421051300
108593889
16159043
239081677
1611321673
97885295
109003288
2440589359
151376494
928098319
392299794
2721133408
2421065338
56567757
88909037
26982628
591276261
3403426377
293064367
2784271155
2784606807
150120631
533108441
17753033
70489640
2685709243
34472791
22800874
354761173
6017542
17020962
19818494
19397785
15253147
386654472
20508222
24086418
24083587
18197498
16727535
15473413
32309662
36082429
16423109
21705616
6173842
54682125
62586762
10350
6211972
11522502
5763262
52544275
734493
14575107
19554706
20221159
50940456
