1253141930
14677919
1922070296
14075928
2466679194
3830169136
1656361922
357606935
514623963
2884737623
57475669
16540645
90420314
15485441
115485051
16303106
808322412
158414847
316389142
2317351705
970207298
29442313
216776631
18947987
30508215
227703465
1587251838
95549562
39291341
139162440
62137764
2421095028
497453818
1951993484
201419073
15194242
47196257
353243912
2319314594
28422142
139511902
291522309
250794114
2208104215
215853128
250299570
65450009
248332567
31208130
70087614
205281746
118507422
15946976
3484541
15914986
19365643
15934944
56309136
48865857
44956541
8943
126881128
655093
176644153
16559570
22084427
1736855654
255649487
61408528
451648129
16298441
119000092
15885301
160386128
62414046
505072364
133110529
39263008
46274916
29861766
86585189
370644035
840727008
498930705
245600958
6630052
16582363
25314580
