14293310
14677919
174661443
3569864963
326892184
217247939
2889317415
1699286107
1342194276
3969576275
33715583
2368919148
703751091
417074878
342327719
3303539877
1690829040
1066504406
834316544
2485708364
1686352872
572308329
2957736452
301616033
2881453144
1465549118
2962969929
2181714075
2525220857
2980417545
2986170694
3171142011
165552004
2218426256
3097681697
2488907594
3089322129
88703900
3041105458
2891834028
2959584005
59264441
549011843
1611697987
1496527658
2580787003
342563218
2871408477
111501157
2793128853
46832898
851662394
16824090
553815935
2854053273
246825422
780524720
2288872805
2270021736
227324947
153694176
2881648852
1623675505
1654802472
1427815644
2335614510
2866299730
1172516546
2847969904
1392758070
808881314
2836956723
19569136
153490795
318594215
1230894146
266076333
473285651
2362606172
26168951
164037051
1727065616
487609596
57440214
2187339895
1604985488
719359753
26711764
592402965
2304035530
492220708
1108116012
1198278313
20836097
1257817574
766687898
166069897
786969343
22940219
1340135869
155923910
893642076
286233279
845899021
1871803573
2677516752
2752976793
815105934
83674941
104032156
1870269956
559702996
2357966528
1379080351
266129869
1109164374
264107729
274072543
575405765
157140968
236699098
2405341774
250400300
460978359
1978844395
476224477
241164272
506413253
817289184
2606726404
1597777447
1615900729
2527345614
1541716633
43815496
1123703796
605581023
2356998578
253508662
216201838
962368597
2773496055
204605511
611099805
122899073
1131763621
517739557
66699013
1430819137
2772502437
585822628
2453745956
315127035
394727921
1562772511
357668606
1943176748
1523529534
45266558
389805046
2701254318
1699996801
1377473653
792851094
2702640036
421935288
2700284288
506065372
842483004
18007213
310469715
1470194066
169686021
2256742399
355307031
255747911
2432628419
300478439
2333871500
2413519203
2335970629
241675567
241212606
574890287
2347409754
724662007
53338746
2157432469
1581994250
2300382744
484302436
910217863
1013119525
1903095948
1071010459
572128620
960319628
77837535
56444819
57159237
176731711
1341629372
946893078
413308935
1512732013
353278971
1319762286
108562681
1680344712
37245962
325918601
302231807
971492516
389650512
2159482543
83554234
872605896
49467450
1624718342
262749118
255039299
238110185
132303108
333146872
569873676
618338362
260322640
1442229133
74816067
68829651
2301411153
312249386
1035427069
243016728
282606150
1945056116
523721172
843222140
238521480
534541522
1021223906
1609285610
825767256
435223992
587008330
388562462
1606323559
1045967432
320781643
292058303
285034160
252277684
76746857
716631348
2178502529
240791948
74216411
1902001578
108710104
1915960878
786173372
941297521
569015407
1334158650
554435689
609318091
377408483
881047621
1050322802
491797209
575765509
1002154405
268376801
437807428
451057674
26249171
329070601
197600964
1678895676
15846407
44875698
970003256
612934749
2184946961
432915906
272939175
295161085
202295818
147100764
623710461
291666235
429442673
229273759
592867144
1942740786
2206035668
288451642
442260252
356407097
373633256
2237008088
164860337
1650483998
446063982
44457974
501122166
1867994628
1187647735
585401897
2154201757
549118016
1175602717
634445293
971494932
1257294619
1675862174
1721284526
513284191
1329152737
1689023538
543300895
1677793220
23432161
1646181152
367207625
823839775
340372353
1368327103
419016058
525544590
8447362
271586577
50027667
948080904
249184183
234979060
175086607
286623480
1260952008
952426862
260042110
164466971
27992702
1102178040
499469627
348529158
45494617
134954857
24613756
392160156
726309991
30495613
180949358
423788218
1445121721
279799472
18159470
23465218
37972440
14222536
81825702
72064417
27466653
139539038
308297673
163645988
212644776
206611577
249757044
1053914443
1046169210
1145001510
1273092306
511724919
57048436
468008363
6427882
48789384
425344370
240498436
1205225532
286357571
367373693
37344229
111793588
1201347391
235553541
801542502
726314928
15887449
874406089
311663295
121744081
69373980
60475463
967021806
148143678
321016736
740014368
507692774
354737692
294957718
347626579
486968676
467517438
382213082
478883519
1085167238
618770194
953715487
436214232
85172415
612962253
571326024
1055184522
915186674
42522796
125109033
253161917
863593980
1029463957
526959053
826383650
951817374
338909560
33268897
45370958
475280599
566566207
701486725
187677839
517942267
66267857
838092440
182812885
478960545
211966266
1063811503
419821897
262359713
419751840
98703224
337234626
171917731
936898176
465051727
1011948408
96875972
371354580
381481018
63971986
559066154
71125180
387831555
96440888
420812833
239323105
464571117
272644100
635027084
592908162
1055281945
923260086
536087812
721816765
405820024
216430965
227596816
844235094
1004948755
19354560
521701763
763775989
51879103
117521970
75449289
376063929
953943756
516431010
326636734
193904038
62387884
210091958
392084355
27334309
45970899
153610661
548116952
720696751
880697570
470737069
908630179
835989174
507639424
188445408
21837304
989924203
762149575
220580807
219149310
348590879
397172560
263468625
26956555
113180383
485727151
438275126
286927443
889344378
147403772
972969331
365363675
414865042
359234150
757482828
343918695
138043093
778733023
81974865
194000115
263460399
51018366
912597102
326683259
800759131
558115314
333510380
93817759
81244856
97253783
353532628
22384470
30769570
95444729
16218242
122924182
15203144
920198132
528489566
304123219
177955432
723971971
357504796
213767062
555661340
241742478
584464806
969093876
969188054
274753869
774207098
630804074
342305634
330849340
536026696
383850444
265796507
626813554
271516464
20388425
935348766
954889994
751930928
191870329
954111024
602988737
399473969
953170856
139220201
102972387
948658279
141744518
896082234
930277286
948936354
447524519
420397700
78901215
323164202
278879344
790347721
844011278
196997401
344745712
100041894
69211533
306602639
25518588
336616577
198156854
125786481
373542103
288385641
479864651
251981766
716520109
402258485
900497910
816154813
279487203
197310522
877759236
471524943
61691195
292139823
736977914
478211128
160588966
230922138
549608361
76572815
315267238
163896936
575573025
598321010
791681162
179664631
357410224
280658183
376776087
21244782
43213289
500258199
18911711
482701186
155787116
846238034
472418225
304371296
264998994
388373591
24933096
553028083
181252199
17943171
89145568
157155033
383182631
476728463
579161563
708084420
318383192
408708907
798136622
393578313
43508674
373427275
19571621
103299989
714599293
834259514
429654363
54360288
24886570
614597080
836039754
478327248
216966357
156452607
61003804
824623826
499929991
568234282
559570180
826835720
135044205
258243969
822128036
183982809
323492893
576263094
169082025
813096068
727197216
377573138
23346590
730945422
726717481
709289076
370567342
10228272
217731708
222163904
593020525
589369532
600480937
64367024
458509718
633681894
772208856
717889098
765910118
756249709
587770857
21323673
268941928
25970331
19882775
383948753
24580902
269336527
728134796
358717547
349819256
538323255
609386659
28384755
563798317
14123683
137478201
456922256
19397785
721629284
526966565
52422878
564196278
501418000
154280902
48177728
17919972
268414482
