455869857
4109549476
3045595015
3513076221
24665054
1367531
807095
759251
14677919
427475002
28785486
492399548
179829897
423781033
17446621
274355165
158515843
716447274
2270753810
90693080
252709160
220843663
15846407
813286
281766200
24574039
1939017829
1329522278
210238655
344316738
24107633
68792381
2244019982
338596872
22083910
27790617
1922465479
1209309782
114035804
1209342523
169740780
27316987
159251367
23546586
228822613
383044849
169243528
18993601
1475026854
314219767
889859280
45513
316897077
541236092
351668419
321554236
733103534
1420549326
714302395
328827580
275400224
88092937
730361760
21447363
22179571
184910040
50466186
24886570
199804147
71706534
385970527
50374439
1336505647
65721558
73443014
148862202
102368443
358464377
308193132
2367911
588157754
897967477
499780775
44312605
166739404
209708391
58834557
353519802
264498030
59199168
18470958
58748818
23842077
265554862
58233603
17469289
100220864
181561712
127192713
