280582344
247217549
165708235
14677919
5402612
17889970
19407053
20585360
759251
44196397
19333738
15588657
50393960
588376403
463187268
7758542
86271665
1654910780
19733857
80096994
22912596
33465746
807095
191795989
164222797
46335511
37378615
16727535
60867983
323374556
1479988116
915814442
20497463
307214908
1428213613
1249542385
220452918
192918141
20838482
301139349
329856449
9224882
1148528881
297273964
871344517
1211237136
1233285331
15897147
155568211
6017542
14293310
15492359
124381436
816653
176899918
64228985
21469543
356611709
114685387
167094055
3108351
216299334
5988062
26574283
5520952
76735483
48983501
14818045
40546303
16735210
22710378
17962204
18028509
259379883
36082429
22179997
14353891
200256185
42162472
20433284
25088746
605890572
25087685
30947351
742499515
544609653
20609518
14542434
1443241
34591504
21135496
22256645
37275983
47054141
2735591
139158730
88384162
120679529
150584635
573596291
573602510
734576071
358692093
242663173
428333
258376623
14800270
17999080
19154824
19029306
323092158
26244629
8161232
25073877
25053299
23492901
14697575
654203
71594919
15762708
