3006498700
14677919
1020058453
5695632
2159100375
1972822920
279988816
1650884917
532272358
3063811761
2466224414
586019266
331057915
91555492
2523139309
32359921
91478624
14293310
3108351
2097571
14800270
8161232
759251
87818409
612473
807095
742143
1582341876
920828636
96648191
177380819
23968944
90865396
6620582
93665614
209828901
1227661782
320784465
1430581447
49636886
49608424
1691751786
2354401523
1100844612
176451874
428333
5402612
289275675
15846407
137440868
561430822
15790423
1173199272
14511951
21181555
19340100
19565397
249254292
54643791
20106852
15438913
1636053733
18736858
586671909
1006408291
1432023073
31277490
484136589
345487076
1480301689
410191915
21219827
245885913
185089453
102206775
18863815
342978482
16300797
262912627
427388765
1232782566
1088416026
141052723
138600717
17446621
1119157724
22903162
220745993
45266183
70442619
83833845
102416598
101854850
100203969
138484390
95270806
29756339
24263801
52551600
19901890
178984262
321970500
87285005
27260086
19390810
264498030
543128435
6185752
27844479
127910704
6427882
383091012
48460811
131970511
79293791
66561957
100071131
195406999
22758463
815987004
268780604
30307719
213340828
160817572
386047732
801060109
306025835
24807616
270699231
580617794
264257750
379961664
70163773
66699013
553326535
35533712
245792264
410872802
40090727
116418595
251496825
421414529
62323332
209752511
32122637
406864414
306852599
343268473
351022343
299230038
89014057
302974524
270535212
270533441
64118338
105609148
106797195
126198709
21532770
265554862
92367751
23976386
15947602
37338814
813286
36686415
21133007
58528137
82097756
91192969
177313347
24574039
60738586
48399528
68838777
28706024
185314895
19058681
34312352
103068716
24613429
230511522
144128090
221427274
41420988
125085094
22256645
44178256
98691440
189533932
14230524
26090319
58563886
185680678
66121383
16438248
166739404
181356142
41692369
21447363
58233603
73443014
28753137
16933337
