635096978
3108351
59486068
5988062
32359921
91478624
67358777
20562637
34713362
14677919
452693211
1291902115
425435967
589600174
27860681
133640071
118895893
482972078
310703562
341987176
607817901
996590058
76268796
154102750
238091066
1665997454
2797862372
190539156
354199957
293959290
80818545
235519846
130747272
189722692
426632064
357536946
102275341
2617741903
2682267363
433155830
2330299633
2605854318
202655440
1702923372
914885766
69813252
58730849
2277158204
42675826
953793211
700293523
40580714
2490732007
226139755
712383368
170239332
91056939
124119071
2499516702
1880455184
890626244
85081567
156886638
75513801
310060289
752869536
168729946
489523951
243935781
758763656
2412576985
359719663
607941256
72274016
1842748080
479756400
734899969
1600993777
2365446492
108239955
173363122
176733069
260669550
148198201
303686889
220975502
59413538
1261379580
78001592
55249194
807095
104714478
110312278
2272807254
374897507
546519728
203397645
241833089
996568602
336921326
1858619264
622848041
141234027
1734435258
76647722
2267412576
156604493
2239322060
386899847
77950129
150159939
468675546
106385673
43799886
250941653
95853648
55506506
121760976
226852806
633525562
1616708786
37823236
201965045
151326877
117354325
452109715
1168241766
127547226
1340884052
142138670
178666923
84608958
105349868
36264684
161183813
17736155
158670769
715812002
129462869
1230139027
72502583
122617573
826535257
532274174
178285020
1014584425
569998543
57327770
96289383
42596678
241939286
77178044
192855152
146447370
1053016178
594397475
81017150
97446175
90583359
1452251923
723480758
1364832630
557564502
97860521
382016740
74464901
541939813
1924963590
230970600
103507716
412099057
387142268
83502049
269150923
109097013
184329826
214073189
225687721
428250582
103149651
1707647318
235201690
87907838
631796406
66691594
53744806
479514845
172309425
515334690
75312109
73074493
308846792
36597578
320636664
792013459
82293125
300835625
1711820911
49542750
43333491
1446196172
1400767856
924261620
115924709
216943029
756705036
52046567
49082769
589593508
622484418
153667051
17523060
85504721
137900895
16308572
68577507
137894459
16511394
1575172003
1545115188
525209977
136659408
135795460
80543284
602793548
181421679
42331238
560295427
1490891474
158301296
206872736
241888871
71748243
72811400
460804561
468935133
82314914
85641437
110632219
140775454
311253958
218782147
52754170
841801218
1349783292
115286138
212872765
116652633
1352200920
1307120064
126526108
238473780
339541580
952966081
1250876232
321267868
138300833
1186579002
230734604
498442520
88452895
65638126
1151024136
1162523214
601362447
1055026842
197390353
138290629
412102866
182625140
1119344960
708497928
761097216
261100204
311335636
118945062
1078759164
56972505
826910725
58201677
181183038
68666433
1044051697
631701837
113623938
472895345
532830905
897016285
873308227
124945083
236714006
68090015
563357950
797236861
77718846
602699297
87684091
307972091
607180631
610774095
594391753
180788272
923144239
81786470
911558402
166074610
861613405
270156724
306103212
53314530
400715214
85751142
614379798
167389010
421496851
149060496
740336334
192738677
74646907
296190401
133678258
601971876
109757422
194540462
99223151
584758073
159114775
738473574
188614998
35177578
172652796
580016418
25654879
41556560
41547827
564701758
48943284
449465202
635219143
357283789
98100215
559348579
82354513
612907542
489210678
352352447
88395074
174835400
27846404
603243838
345991178
100231075
167356525
59950559
168056612
101130702
326543998
96667557
548310484
134369418
112429754
488751763
21425125
553699701
170292138
121737505
55511071
189465303
85058400
81496389
94969249
54820116
359364908
504747615
106356061
132380472
387720865
203111301
27197792
150233418
107321054
353705649
147905114
136189069
337552830
295534828
139056406
170203309
336422522
170687053
317098034
48583963
297253096
490054665
44837332
82817485
149014715
136274711
172278591
150959502
204289537
151584475
39713421
85104268
448030106
46856413
238451277
350146265
220660117
231025753
70640545
69878799
401989653
67852576
381522045
178347130
121402638
23343960
324168522
85537477
387636447
186453486
150000356
375435517
257394874
114106581
373332092
180674545
61725016
41336970
368293845
72242370
178371112
46873199
68677074
158790188
251703339
308901730
69183155
350227138
273913436
212167813
139890947
108543358
156690107
349082710
248081857
162278838
81818656
68113535
233976026
198924727
283466319
78859334
127756831
124773255
226358131
116653472
43566428
310721236
334558346
18211861
54267090
280521761
137282671
298980080
258317313
57261519
265483547
169334352
44133115
106038219
202540416
291544552
67561504
246310417
241924033
19880248
312035622
202117943
159412545
203762854
240208993
18243090
129651230
285634355
65863622
39677695
55507370
152786318
228238762
109828125
203468279
155475079
73674042
118099151
80051270
92502345
51056249
99028547
163312057
133575206
88402562
246844543
76555383
48660297
63303419
70621048
79707542
197808861
81496924
82101455
79125523
137277951
58811035
92967888
60052885
197309366
84819878
82496458
159830684
108262438
42881202
66644127
173037766
80891580
70071752
122980379
96274286
68404743
137322127
89441890
78621960
77449006
100003899
84761024
158579816
190260094
47073377
123858679
179481983
93638058
86043037
35415084
65653048
79149824
39488314
131453818
55790875
111028904
185519003
81813855
94977274
75224637
50540949
155218683
128760166
67332834
49016968
111818801
51984049
58497197
60251662
105465038
96711272
70965065
16736293
156245775
67833726
71439898
104468712
100183475
83332623
116149755
131161879
117019193
66976506
63412394
77632097
33203518
55487174
91352958
93414490
98553392
98368647
88599561
98654127
85025371
123399573
105032822
97129896
65617654
106979652
100884308
36331795
56999002
100662273
85235845
106079339
66616425
67552901
80777633
58115906
69533543
66648154
64659206
