2239401462
14677919
18949452
16896485
19407053
20562637
788524
2884771
91478624
2097571
16664681
51241574
165848279
126666206
151684768
67353799
165904352
6385432
50115087
15492359
5943622
20571756
27814665
2890961
1451773004
22938914
13298072
34743251
44196397
17338082
1636590253
1397342508
1977579223
119860540
1549213069
1394399438
74867249
723517166
262302187
2483000368
627553787
361351581
221165187
132526702
39367703
296863099
31311757
1652541
5392522
56505125
13058772
10228272
783214
17874544
201932247
179107752
178411635
16362122
3010576448
3280919756
627571568
456295047
25073877
2916305152
84434832
2480216928
2666928325
240734425
825314196
1377008780
3020671612
96846955
17820679
3015920023
2261188191
45862522
10003742
107118132
364479606
19411352
2270713682
19581528
21305757
3025851737
22084427
241382835
67508041
1671790591
141684493
67134623
581999965
18028509
1587106777
22775634
105225592
22556146
2286964827
41713603
17546141
70709534
275561900
2466339073
2847127935
1967329470
864547158
816010566
625050387
2864727845
15588657
43464948
39803367
85616395
30948732
1115298062
613542402
256698038
388555493
1707321486
16043308
164450275
32765534
142839300
17879492
52554306
31372089
113455697
28008058
19962813
382301115
485789161
27924593
14097951
12337072
6022072
6141132
1128886760
107498032
37669435
21041611
509145315
15382246
277152703
1955851646
1047199152
21165536
84061224
289478916
43303934
186145900
54459392
29603142
24719390
66182591
976857223
2287115144
65431632
328867779
790136510
342165503
536417987
631980118
15723732
203192992
123289066
80096621
104969057
602317143
326953842
45575375
241964676
45499837
30047168
27091468
14295896
21619806
19544207
377027721
2331096133
18036441
270106571
239036092
32127835
26570717
228794007
238253340
348785149
304089779
65289126
26742630
165511377
2233154425
77841951
308233424
281084047
453930077
910884150
23073586
539462986
20609518
2735591
14378113
17889970
25460615
13213122
460485003
15888142
506652594
34295872
292131326
770120310
254189974
531524384
1404590618
235441535
23481561
260811745
23937508
8170292
621533
87818409
742143
133929829
95048311
14880200
11316572
46744791
7587032
23588075
24670390
25049056
87416722
22240612
451586190
33792634
119372054
227070376
152341106
488751763
67081864
1482304957
76657405
271219664
22080646
166212191
48045825
115556805
1339835893
35648614
1239944892
874916178
334732770
25701904
774393817
5746402
36128546
19568591
1364930179
148435933
1364262817
23583214
339445941
177569765
30043495
384124521
285148350
601393440
123417995
322603418
438550809
29307276
291294443
204832963
123071061
38682272
17350250
53297035
17853760
79797834
256573865
18948541
263292498
36686415
18101713
443215941
88749392
907074528
262190291
65184105
16564282
37774152
18774567
10202
389479556
68593012
15689503
360099026
452511448
866618072
874374392
159446723
103132526
150078976
14433007
266841184
59037337
68577152
16374678
21504589
14437914
349290706
488626886
222953824
280519809
173999134
224320485
89820928
334079075
342803375
11856892
615443591
17291393
36711022
50055701
927209300
22190185
43464013
16583845
16063337
15740491
18884857
234141596
27698202
607960931
196168350
14791044
84668486
512613427
26261061
24362769
15012486
9907172
95431448
40286359
32347247
45006808
37344334
217914410
81756964
498961017
517051436
376377783
24277551
19740592
26548315
23016395
10454572
14246001
130997057
140535667
58560382
561386689
272250615
25990625
339787006
36072985
151525446
16672159
19362299
173936309
260523318
16302242
53120768
59342982
121781275
15764001
14885860
21311706
167155452
75296671
349297814
72665816
50464559
270949258
31122496
52529345
29308565
52634742
21254264
52529896
231505518
22720424
272684076
316804440
223567676
108454557
123178378
16635859
17624344
16521206
126694669
18201248
23626980
277702709
152814142
162066175
198507602
268554850
289350963
40112109
21777451
337993390
25300308
792853934
38584206
127997108
32567081
20061225
187972757
34955389
119464925
168912732
24111487
46151928
88811416
586909317
25155290
313537605
41501555
188154246
24405414
21358726
324343748
20899023
15224941
34310801
570073131
96444937
14620190
14955353
21870081
23047010
19900778
225539878
365822838
110415837
224221596
598899248
32128783
18139461
331162098
342819198
221502712
154444406
67956102
19548850
29802237
177046092
16986379
164356591
62511529
360185259
580297806
337405519
26149716
155823836
248917209
14946736
257699456
254218516
467009841
20265254
46220856
16190898
19697415
26053643
277165873
105572582
84709137
55617419
122469431
227035095
36362259
243445748
284089166
159523955
245843136
37697834
35218566
166990746
16446177
336116660
195814782
275754574
125481462
15693493
274649460
288452305
352947624
40099104
18138820
366258038
32613163
139823781
92973919
110485995
127590478
271574559
150846769
22799750
91386979
273531261
12
238319766
17919393
108388673
35184346
237930644
48691601
2836421
11856932
259379883
226301490
19017255
40892016
255657736
34930912
17491445
14082399
6324592
27821859
246481013
245545259
248900032
8966582
16085390
20089947
245494691
47438401
59157393
213787836
91390383
243284052
87491355
15635758
22502646
38002432
91134548
65647594
20015311
18581009
18593276
31182217
128044351
71876190
17736137
50835878
23680913
54682125
62290422
15485441
30364057
117814006
52551600
22657153
49717874
28395645
92079350
16870853
34441838
12369372
17483878
21905345
20255162
18742360
17446621
14892220
18950402
14407302
15291335
17054396
17992258
31464562
198924608
23701377
54991635
94606098
14577706
3065101
21915666
2869531
30278532
22808963
91224065
20883798
45137643
54875633
27716402
34271888
23083404
68441962
53374954
162869667
116559622
22159122
24027730
26588937
19394188
43139414
35936474
222115442
24363392
14773506
126439764
21624327
124232296
23392440
231175831
234521957
155659213
7713202
16878156
21023681
20109973
33514869
59247894
29840295
21044752
26565946
15830716
36098990
22599645
21107581
94474860
15904923
14266835
816653
7036702
18549724
18246734
135618202
113077615
621583
39597155
25894700
14885549
8885922
18703437
18164662
17877122
43077071
213322116
58566869
14384385
36087780
14812035
25896050
15370339
176541271
140283097
106789870
73226191
194122676
15897341
23262217
15827269
23145378
19661363
14515799
158825458
37380081
16019678
18933763
14572106
21588399
15808647
68540316
21065789
23778898
26799554
26619516
52070270
48525320
25930421
52593821
28468549
19667766
16460682
18812301
71294756
16051471
22685200
84353161
87750749
180494464
22736710
222365692
61830970
27065876
35777497
8936082
91208190
87518270
61915982
85961526
17299063
67436849
30793542
105211981
68786791
110445334
17454769
23970102
25355724
21247587
24580952
34630995
34703080
23508439
38285308
18048496
61277941
51381252
129921732
41634520
115485051
95251230
37665235
24425340
78183672
28563477
88763317
19733898
16494549
145323019
23235056
22323319
20575752
154893497
35018050
82222217
26211782
29791333
19212622
18927092
28172926
819800
11856442
23472029
17516149
128956175
112243365
16580226
42869411
15473958
26553086
19554706
110827653
20342387
19071682
66965843
22938645
215705257
112242274
6577642
14045823
18812572
18114769
11856592
44935627
1877831
15675138
84140762
14858000
15458694
15210284
15108530
15754281
14662354
9567972
11857072
19426729
101566422
36197161
87092002
15485915
85019443
24008967
44671264
36137344
33875677
15054017
21132162
20732143
56411751
24903274
50398023
30459968
21231815
74778498
41509142
17322846
32134081
19750789
39977870
19353738
68450080
49883265
23632910
17670174
23539150
12513132
14892214
56703247
21454322
148496087
127056526
16379018
65414320
80700514
41874425
34979543
48045183
21134190
36831938
19785801
18172905
21674448
60627728
21220931
20776497
25389599
103620256
137460929
27201025
93210720
20749410
22766752
40679590
17903419
20012454
31447081
69068975
48492831
50863281
55307193
34104616
80056915
34701524
36807312
37824341
129276705
50532092
158184001
972651
33995409
26257166
27115071
51263592
23484039
21834871
204000328
20609107
19658826
2467791
8839632
6017542
645043
40034125
24740039
14363353
19381755
14237001
12611642
121887978
50374439
17242874
17461978
21255118
32135704
120943272
16228398
19426551
23967578
20038221
130617778
36042554
50325797
12044602
17074440
18791763
26083271
14511951
30313925
65493023
9300262
14669951
1367531
16303106
20608910
15224867
759251
14293310
24608680
22940219
44783853
25093616
25521487
17444573
20661539
27083523
18784113
26642006
24019308
20196258
112508240
27457788
62591681
44039298
20221159
32309662
17475575
20291907
25053299
19789294
36082429
34713362
18639734
10221272
36412963
110761251
5920532
14132853
24016767
93957809
50393960
20536157
1046661
17842366
11518842
5988062
5402612
25928253
14075928
77888423
48255881
61240266
23518723
20710809
15227791
17266725
14800270
14514804
15308469
28175577
23492901
8161232
36538641
105252513
18395924
36758111
21388284
20998647
2557521
16632374
3108351
11348282
28432614
23902302
713143
24971585
9624742
19658936
38531995
20
28870086
7744592
28785486
1344951
807095
7400702
813286
428333
30628238
5741722
26004617
39637710
