109612550
130489141
55117855
161647103
16955991
14677919
15918994
6480682
380814299
891774324
370606971
2168961860
35419378
2845983983
2492123953
23675481
55570400
123767543
52664978
2266809733
259387703
1244406043
110334159
18208662
180465764
353840144
104289752
199822685
74898593
2452598856
42968043
11578732
373142323
18689931
21918310
22700817
21139535
623023142
14297863
16283204
375146134
130922325
2187251150
19243496
231441971
304093866
263975945
57411021
2575362937
14221686
45013924
20998647
16297009
8383592
15377115
27574912
90290461
16305330
24807616
1621824920
1453294868
466263649
606330511
2401699710
20326085
36711022
171171584
29467516
357283611
19637960
2666854898
307535388
37047399
342309995
2359157832
3177486682
758140506
10765302
2696196672
19696445
14361155
1260172386
1305596696
273748289
84704680
91109172
389359161
20333987
3054173854
38545971
2558132750
1426521810
25756519
101371964
26612374
1658572303
3246892826
341568320
3246136788
29283
623594433
218860642
3131469915
54730258
52894809
608332963
467929694
335538600
20654194
599110041
707577738
17447051
2973469753
17820493
3046607149
335331533
2921206753
603986609
596017726
158502917
1132801460
52750956
187687890
183478977
86140626
27031119
580299709
876376074
361392002
313781964
42365537
555198400
1965677090
2894863966
6487292
565004095
274295451
577369988
24913074
624036196
18125335
14804898
1571456322
38707559
38307603
3031056904
15067045
362645170
2460094298
98371268
41206681
517979629
193042008
91386979
589436212
16786977
27821842
2561782740
18383994
16001827
1115148079
866511925
187076927
1730096126
15033934
74475174
716998224
562520720
3020484668
16934643
293155569
3001472331
163081096
1922042125
199055466
21247760
255382087
73181712
3290070855
15279429
75742264
36491863
2964606814
277110928
2970416386
908970422
18993328
2402568709
14224719
326665662
110048179
41478095
568474363
321045023
1905274622
40287339
2630842499
2572844671
2942029428
23636912
108088376
1630896181
139909832
254163659
104652413
1523219580
76791711
89517423
2859325030
401485379
110848131
1392603529
178843613
94391895
515868922
24189067
95958952
27875238
14589511
1051295658
3193957963
866910080
1764815179
397993662
151688952
54302855
16244050
66263785
256577819
1243057506
26013963
76750288
225709644
39920581
23522406
348335703
81972779
113474827
2701355767
21879024
14159148
15965292
62290422
1033775402
16941968
1500164521
364429094
343176401
17611688
27320514
362602111
244769824
108399266
17449691
20150502
50210970
46335511
26355772
236236688
2771113803
18735343
235217829
28862383
19679341
177761707
15737610
367219398
15677198
20542450
135678842
969441
107438654
488962739
746414682
20083487
86977818
1135486501
27532984
216931610
116846609
118837522
227109533
1536759720
385647436
432771620
71156960
15521972
533591149
1553261192
492878740
49107488
2293041949
316632855
492586313
825948134
430181873
31696447
373688449
378206995
73528987
3033984587
64534541
10003742
48144950
164412502
39525027
14981433
311728373
292523318
87543197
45736487
9785872
16570818
23134915
33117185
45782243
57403766
91851390
117850255
380549459
117583503
25119902
9607292
14885540
3032002194
1691905310
723725532
56293711
85684849
250416435
2376957794
16331259
18625262
48218478
27701191
177764604
15065036
20203396
73452506
17432885
19000507
90530542
73521769
148821892
592968976
20698002
31540671
1367531
2884771
14293310
2097571
28785486
317896410
2548454478
455517954
1414326901
277250135
105207569
87989672
56038149
532834536
2898141218
37959946
3801141
598038429
67819221
2667231878
69702585
15920055
29695330
15870479
37837907
713143
138020130
48430917
43935928
65452230
378643551
56847039
15483390
2991479101
92618698
25027843
182493733
33425958
482363997
16151977
56923071
15526913
2511030823
776601864
33309104
343702505
16136867
17200375
19952733
40581159
17721573
30013010
30947351
26574283
20402945
16164636
11542422
19593431
23044375
15985600
16977333
48462157
1681974590
13492102
48534208
430992540
16739786
467887852
144636479
376953437
2616676057
2201908476
280494433
87842397
64643056
2425726298
23089557
14576841
25596174
41231058
2366537244
198586296
904539540
28457505
9616062
15535860
14148802
23859832
407440890
335063139
1612067526
16079276
38693794
16732227
29309901
116910925
21417578
1166770975
16334857
623836793
15764415
520997702
23836922
62934615
17137971
14617067
44462995
82691476
177475572
94663344
14481439
62730438
14326420
38295621
411048162
69973853
1043324682
2848158763
44196397
19725644
186154646
18215973
257564011
2579012520
48194514
27745484
1426931724
481455699
60692086
47764268
300355606
482191882
18703437
73385250
416534303
2459199644
32375743
316389142
18247597
110509537
759831668
1485138102
273136517
65695921
919780560
896185928
95361807
569229676
2308007928
2477602214
87374085
342052722
185809250
14193332
319312024
1087860428
1074583783
65431632
25084916
415985101
2437662536
14480618
312237673
405012355
23117543
264924050
19741048
375195439
378204367
486851097
14335352
413213031
2447341464
1434192074
13060
275892181
21985654
1005723728
1108676095
270644884
2485674296
37427787
17394793
2472630098
492029562
2528694654
344790958
253018085
39580517
12511062
30083050
972651
91478624
545348308
575614398
1161159721
317286349
1206130273
76348185
16102482
205965419
2426589738
15865042
69671781
1969630836
20801295
359558191
556792889
137640094
215569318
2229533227
24236942
19401248
436395358
2610251814
602006010
2217424352
258688734
2642122960
2148846420
2659894350
15868970
124942059
315355742
17525171
784973276
41538528
715310972
9690872
128287094
108015468
15009098
2290782146
338490542
296920241
273729767
143584215
26188692
2516118990
74873514
52786633
431071870
2544025663
2517117270
1254951878
370205014
24881388
14671775
82464779
23527656
37710752
749982156
17522053
893834852
404104450
1631389207
26304307
834210018
15081182
1624190701
139993742
17453382
41562561
22870816
2462147214
371334100
144892700
47427230
1447253240
1085248580
627782257
254403852
583377398
2246239544
264365813
216198441
208764187
355741460
143337686
29607600
45561935
72325842
17698731
64862963
18494804
57443656
19198709
968101742
262404494
1411540952
36472302
12061032
2401739694
255897047
18311972
78181832
615671553
130636009
2284134756
51280156
490612473
499532691
15671270
25645585
23173979
37740481
532061970
2385596156
432017748
1332092900
13251122
46036946
17143359
16342630
217572244
1268237648
21481785
704320232
6828802
15743861
30781324
382478396
15640950
2309174130
1600108063
19731570
952740715
417686663
30814368
17738785
13121412
61822673
2260981669
17558991
622614803
208875115
2250857929
51641642
9763482
306420556
19329393
14763494
18685263
90495420
14085854
21318061
44229739
187405859
29787332
37040329
62391729
281193446
1969588398
61027578
113094523
22949899
21925152
50013917
22860910
19266760
322838667
174887592
66429665
427062202
105662713
120207925
57741304
19082869
8839632
54058718
35991351
191915325
273460698
827732054
1434426608
15753347
27921148
7744592
30014906
17379685
16655543
134934361
418063570
22802715
20399840
97232237
107409628
21029549
26899331
347272439
153132287
2254791
58065700
449967071
456808166
14173315
18200161
16400481
18754244
213670984
103602549
72293
1881426721
29581190
429599638
388555493
487859640
1341628620
59234117
426030688
97781430
14464766
175500549
5667002
298116603
778929750
381470791
17502030
15466386
20983866
285119407
216759733
22187547
71870539
36719959
18713254
139162440
518064525
404615800
152700224
1196923862
46069058
94119095
44705716
215895074
222691723
1281051486
68895877
745884792
208170591
88981266
1089915630
1544330882
15956067
5695632
32909523
21837967
14882435
21771322
1220580786
165101958
1376781518
27018982
410142075
16634635
32175412
293039686
19186003
87403396
282392576
14337158
14145296
32227078
17102024
182181997
44899813
18008223
550553109
968475230
316305181
389974502
19689280
250304797
139391072
20477769
1561268269
415201756
61719298
139974630
9624742
977686442
25475608
747682134
15647676
414331122
14192558
19409527
37557953
467659590
325830217
16228479
1093090866
1339835893
16076032
50719795
330225865
16532983
1283788513
29100243
10081112
16012783
62376551
58115655
1087277714
197691063
469330483
574829891
942156122
278678195
607534509
294290273
207582318
277620402
460496296
24064187
1216258764
73269222
17469289
1375629084
14790613
15067522
249738547
1260741566
63747418
300449981
84094255
1902491
1111080128
62697510
17722190
59042052
27461590
425476514
14411304
18184807
20558644
578650970
500704345
14505838
90895400
9950972
270171095
404228656
1197803250
386304404
635013792
162616280
870504834
580271316
16703345
887733264
33416342
161023696
185907146
43771134
14402027
1096009525
14278708
276567401
15458277
2261261
526642819
18461401
17629860
71143737
24252924
130254641
37151086
27241813
18149465
43369337
129939890
14438590
18783905
19397785
507939974
33786549
21940835
94860733
78414526
66584310
48254572
46176168
412762835
822516158
20107851
16017475
38146084
197703138
126700967
602317143
17890882
117012194
26879045
377126608
342803375
125447797
50372398
102238997
21982720
9489252
482270147
247893830
3936
733751245
388456067
68349362
703236314
38254095
188378635
32272289
459561241
66062675
10014742
71855304
512600861
583040518
227175563
18755507
41272328
634476819
15027086
19742456
213166957
183320631
627643923
88806753
17421214
151201727
19623362
76601805
16145224
61261461
150704981
611280125
14166428
41995398
234270825
14619947
351897105
17892374
34743251
490985763
158502558
245220581
14287573
61310929
266807228
8241232
55766680
496670560
19806340
55444642
255177586
561754773
63840089
27050389
48064527
523461169
24416605
15248165
61880886
190823391
38259087
42497663
171972003
26127836
196319863
14511951
251577469
270495468
15392053
22810688
151994602
221185711
19884282
5988062
185403937
456870918
243965913
481379258
7476832
20087759
464312677
104630046
17134268
1652541
22512097
15900829
385237605
22971826
463072916
18833982
22794790
807095
9636632
398915762
456109432
232346785
407022971
66046861
360113325
453527641
129027768
14119916
191325456
31650810
310132301
534861454
35128549
15034109
22190185
27739670
235874933
41384217
370279531
14750983
23441824
125964399
382617747
297860173
86485253
15173859
87793812
28287360
495027491
136709985
784912
24362769
151560361
507573928
14788073
30614676
171993293
350353255
759251
15640533
502087490
46413840
454099919
138787319
22579876
64808892
55342538
59376978
14325188
48124127
21222879
180651652
381913257
17226755
21823011
15589026
15363133
16324679
3108351
2467791
51241574
126421867
216927324
16303076
466946170
263119583
35550666
14563831
139121568
15111121
20215316
263292091
185497324
449931382
37860248
34700777
19412785
464240057
354087061
22629005
318516796
10191272
85733024
21436960
23948624
1899161
58550415
15887911
23556061
29330632
375797484
19566653
55490304
29288466
18948541
62118332
111983855
19085773
45951847
20829172
80901392
13784322
47438401
16017753
9033962
15473958
52768208
86336234
288452305
201726717
183321820
37999041
11469852
14062180
19365985
15147397
76071004
75641903
14824849
2390651
381086356
21688312
17741804
21144582
304550183
339997886
364472908
269937984
15773019
202282251
109051178
409806244
280882127
14093707
254567007
32565005
14571637
386371242
29279042
149383845
108745950
20752891
126146818
179703887
85505859
92854623
168731043
221646542
277020058
21352090
35632565
198672699
62644203
24266551
234542386
17551175
6273552
256239340
83396543
78763290
40296757
23603529
16531274
130513726
14669951
27428589
24751751
374359433
283918389
318297079
72675862
17017636
24836750
325832193
157027642
190592520
23681739
428333
44232378
57844518
154086147
14307102
374361181
73973106
284961454
17516246
146310912
18454831
256573865
95874297
165802204
62854495
94622698
141010019
367660493
14721067
11009852
74960462
13850142
21908405
17220934
53327260
315392506
32901857
76972124
39568359
118617734
106430958
9590262
87607626
31050061
50055701
97556522
26619399
130737986
21682100
25781695
68829144
78406355
33639255
89321553
5392522
306033805
279274971
361584702
20416410
246480710
256689632
16815753
228663242
15786957
27372066
82453323
15716998
8161232
36762247
258899181
118882014
26926819
43470645
15224867
351037153
47790669
42961636
110821053
17376405
48482365
2960101
221629188
34554134
28135541
43166813
173116059
193210822
17666309
347346043
17488015
28334398
14680484
40358092
742143
4970411
18640992
61891721
108738422
20568127
18127126
9655472
15888673
44696044
15754281
19394188
37338814
67712288
322603418
35773039
19370018
180643026
25744372
17074440
16664681
20221159
118411150
55303738
262055715
9640912
157040232
41662642
61907338
20939407
18062329
60171996
104580911
24908105
17298532
17029160
25521537
17316358
239707646
115171331
68504803
6297852
20390442
33315010
33570113
28665877
26857672
282659609
41056465
109728838
7313362
216235875
118188375
88099071
193123696
188985495
304035051
31574742
216393832
2919581
25767670
318705439
17568791
21019241
39210675
80065633
23599540
38745018
163971579
102422959
253302552
120139798
159129959
304045037
17332787
19489239
263342378
18217624
22745807
31035182
172122905
317218548
142812738
253232762
47954642
168759591
13365232
228211513
246398986
40954942
42840726
92383411
20735648
16162149
18194079
28581530
263290939
21111896
5796972
18627550
158844935
15932633
270562594
231870928
17332573
58581480
7212562
19320889
6476742
260037893
165316513
14279055
193318094
158414847
180509355
123282802
77926504
292929561
76255026
175218582
293669259
280845193
90420314
181008551
160679911
174357608
15764644
84388888
21215620
26193717
34743225
4278201
17499394
29792675
30006101
200650310
14474538
234489403
109702390
238283933
17445752
176932593
15769327
64624684
296590179
255747911
19607400
17070113
291807023
65057148
34964065
169705110
82192102
111469485
128393253
53175445
179644633
180419242
183672041
65707359
174352161
286419670
119853553
52593635
31168070
18948365
95710740
215387082
25610743
90746809
270673575
45856207
34694506
20713061
94143715
242911974
148529707
148512620
10268302
9815932
289240856
235220793
18767699
108383425
22202560
15458694
33591713
23803388
109652159
47723728
289733695
207300125
270068820
10786382
172532405
153078862
25140900
130617778
44039298
254098644
12685742
18883401
208019751
259379883
15012486
41302071
27721887
16408759
2836421
45664198
16296206
14642896
14267706
283638855
110025208
280773760
117077293
256797412
28689649
36183636
15406924
47543989
46006331
246426190
18776942
19031057
126421227
55352474
19629226
10433782
1289321
68433924
8962112
14276824
69358502
30275911
19315665
21788835
18821073
31496613
90692393
95760419
118192923
72898202
23078191
162124716
32578531
252226585
204453433
25291119
20682289
71677844
49248637
75493621
237926970
21735379
33830333
18717370
33907531
213776542
275813979
21734278
14620229
97280932
151096520
25601292
237845487
268468801
23028689
14478046
93963456
241344065
250908357
252324440
11666142
16212873
59242889
14100010
166739404
97279706
170341590
64629326
17122511
115802669
18345963
134915079
231324765
239658278
246494452
33485597
23055689
239512433
20650150
228347713
34199058
206065999
51446354
30855079
16201774
19923530
38147576
20414217
197708128
110290990
50541025
29829232
118931410
199992378
217562669
101168950
96842009
15173189
106819030
128288109
180014279
211325327
28521141
11161852
44570946
17161707
46741443
30343716
111456617
18950931
24933315
35002484
26088118
214821326
21959183
138104362
143313712
160588475
14362389
9734372
14821347
15186429
21661499
205557509
16222574
16359688
24527994
13308842
64605000
169622633
13745872
17595439
15550671
36042554
55196710
87348413
2138441
19208825
807522
23713376
24689106
24144462
188875474
34034338
22066935
153169765
22540152
34340636
17344272
14532777
19534873
24794117
15744490
126051545
40020840
132639781
754556
18057537
19418200
37178526
77285333
124924781
6116452
110821754
79766633
14289835
20065897
201901061
197516945
66505354
18131961
201882918
83893850
36800216
6184582
157350970
188574211
14246001
68868023
138474967
190514462
17974478
15747938
167853329
189768714
20924090
19273104
53382959
61687416
73206956
116275721
18036441
64232009
80654397
22938914
4522071
15641893
19418459
20733756
12319862
22156181
165504213
90334660
49704443
49167436
27770649
14373428
841791
1715051
191943423
18088970
110966907
105226338
55683054
146538068
90489439
5402612
185940527
188257047
161714094
19362341
185314895
111077139
15391102
23083404
177632530
46715437
27457788
117912491
22429185
19349903
102898542
24929621
20659839
106789200
22827710
22757911
93999983
63141999
16076796
99470198
818155
14552891
108511229
14481068
139845747
32207712
22374851
37512560
142157505
92372285
20210093
25843787
36702954
171987762
167702569
143622706
36337567
33661108
15863699
19035962
137469307
173728864
15473413
148013533
18047067
21629285
31003
17307877
1303381
30100884
17926257
50393960
48066337
175814403
15902845
39439294
16586694
124050122
56779059
174342468
95287037
15250836
22655150
21249970
21248379
45225931
16456599
54256685
15396053
169201304
52613032
14237850
36063744
17171932
15484266
46543566
41282860
155823836
16746493
15006243
141284218
27174790
49573859
20245891
17110579
29762519
146290693
18995504
25365798
6650782
90920674
113495725
43726836
30265114
14718532
141527434
18775133
13187812
22849425
14195968
157178007
35934245
14223898
36388203
137456614
29140338
14796585
14204449
112991391
53239774
21692297
96696982
154227257
36143262
25388571
36740558
20398450
55384319
99157285
149180925
117172103
39546022
11299932
20650821
113697488
146247816
68460363
61517836
18560680
16150371
98504605
42256323
20818801
20299764
11564502
26265033
14333181
19981177
142327975
15722304
155628857
153812887
98125608
24721204
7076492
27199384
82221207
29547598
17180878
15867418
127958577
128116821
137519634
15905103
25426293
103140276
109664434
10076702
15352545
17854884
107933948
123377910
14621202
66807267
66504150
24424732
15465963
67236942
145338109
120757739
19197851
50093474
16943339
98957425
19279990
11175592
138305376
15368117
13784532
20245775
30320087
35769315
23037562
28238124
38095067
93472873
27087844
17928325
65691824
47455063
16621525
66468822
14661889
21276885
44936906
125537611
7251502
37528928
47696654
35871249
20252729
16821120
126506877
14630262
16814152
12173642
13884162
20709576
14822784
52454945
36412963
127932465
22411359
14861224
14571751
39920223
130629361
134543478
71413402
42666463
18013412
25402994
33554073
12994322
17242874
88829822
122757766
94370574
56996112
107186754
116566899
103954890
113748046
17239748
130590193
14506253
16199226
23626984
121660235
36014516
131253857
50350545
32789910
60920015
26640647
71062291
46722097
9480642
16336086
19400028
38617821
22649781
22374846
14529347
17222400
67059584
52066462
103130238
12993022
20954885
16114437
11616772
2234881
824157
15865878
71297990
36511031
126668367
54287396
14912789
59991967
33104204
18256977
21324258
18576239
63778937
16971469
56627203
14476268
28166276
16169290
21540725
14192303
18323314
100483971
118792915
80086461
11312992
54792234
18650514
14884104
48120039
29021016
18227519
11347122
103511918
38513059
116584751
116588886
21802625
17325090
15496662
20609518
101938691
18322981
22964085
19278408
106544754
115138016
15725330
26520417
115485051
16846221
24188818
55879768
19744707
15726481
23738192
17291393
107336320
111993848
20441278
37234150
18322853
44395276
70741286
22063151
13500102
19086456
21671024
102207716
14228300
18922887
35167377
19605836
12306662
22592280
14479959
15495171
14241338
26413765
2192301
75090645
71404812
14290490
20478008
15444037
20639602
21220931
113420831
72593015
67560959
56688840
23889852
16297024
23456952
49411326
24860170
28600962
73674314
109184306
89235135
102246967
18560967
44612926
66321660
14355544
14787085
38543618
23683514
48238515
18740083
20825865
27716402
18820681
1272651
24901629
81464169
47177563
36815546
8039612
105005592
79985766
40930189
3001021
83846395
17207019
48038024
111560785
15750251
19950424
36257207
37779314
71443327
17611857
20
18939092
49806429
29265477
14196548
16907137
9207632
24320879
109560521
14290415
6148822
50156290
14208767
4618261
34067225
16499655
96759972
23774060
15859768
106956934
30291186
33716898
14622227
102810235
14840993
16507307
79572082
40513912
16201479
4419391
13919072
19011374
24516804
23631557
93012359
14523801
5704592
80345027
17089564
18942116
16188256
749863
110365072
16259374
8906262
35371399
78231411
17556181
28006093
291
27029537
14669217
23143034
25876482
17448473
9677372
18532970
1029211
23544596
6267962
16891631
22947756
27901418
17004618
5768872
18725921
816653
12848262
96180187
95552776
14678419
15860455
26077408
88688491
18126810
108685765
14550406
16721882
18393773
15737459
52526819
14193787
6043732
76844915
100558026
21134925
30794750
610873
20014300
14368074
38962721
41073372
52070270
18978948
56436152
21574303
22298092
16006462
16574870
9676212
37721962
94222353
89781282
21950504
16248737
7255982
15171294
72675249
41644309
17138297
17091862
38117104
8194942
30364057
14982315
36884797
14626005
13436432
29582062
19327778
69630485
48071844
22559344
22273270
8417802
5391882
14167316
4075151
103987995
7295892
12889622
89880469
17640165
10926202
96072188
17129139
17396021
14944221
15959560
13743532
30026185
14834340
22100007
33155502
8861182
16235700
87229767
15065156
37377755
49732023
89847045
30973
25455332
42935579
85891683
87520051
62829259
47509512
18275582
103102680
27328460
54389440
16655203
74244760
2241221
50325797
58925643
22097670
23319431
93348648
14134831
19942219
13220032
10419
36232215
42654588
36731667
32045725
31127446
14602930
4093701
34747631
10202102
20285831
26476245
15338625
28043
17524707
22442925
15382820
17265499
15607022
29775308
14707495
35048875
56496499
22972480
67068439
35823945
14063033
46634985
91197341
88877392
17159560
14681605
17663756
18997933
25963763
16380111
21145241
14226495
83883736
19374728
22587869
12468502
62077173
4902931
70518118
16886925
19055291
21037966
16936532
5062341
695933
16717534
19929500
11180212
27600394
16460682
21940170
27528653
24773177
24024778
18467617
27267063
87040861
79376683
16331762
9819072
40491638
16043494
14087524
79921296
11624532
20455334
97451564
51405063
40610085
17574359
36474003
27135479
45846638
5774722
15398191
19676637
40264996
18029055
8594282
20834936
17077419
28216668
8637672
45873694
19423917
65580030
20118601
61348709
78400779
65496791
17093617
15514266
17853760
84707039
16623863
20608910
91283756
91222570
15485441
19430233
1976841
53122252
2100521
41652589
78767466
33626956
34797208
41407443
34991912
53153219
18177223
40348386
65493023
21362105
7861622
19299909
72398292
16652611
16793850
18081931
20742073
50545304
62513246
7861312
9667812
31685653
36447596
16459787
43381579
14154293
23105732
70205528
19185307
68846846
12844642
20183845
71876190
756278
8453452
22071503
739423
47651258
70071092
24812027
26527812
59518665
14529929
19928703
15962096
11740902
18676177
39475581
59352730
16332223
21957047
19624836
17009073
16529278
15652540
6304662
17223014
14353392
14592536
21044572
21370021
11520712
14515799
15488134
27090222
14127891
17027860
14070772
15087011
55487074
54324657
16130275
15554352
54950432
22197298
14185058
10846482
7782442
20209459
32235851
17296072
15021206
11344112
7081402
26642006
14675012
26096983
26565946
29331434
19882484
30983771
38070896
17365270
54468512
15373201
19519252
17396212
35554723
15953276
28043295
22166575
2316691
11063142
17827249
27157593
27964433
55613326
21481343
20182089
19248117
17839678
24379802
32466404
7516932
15417706
33999870
5846562
14278729
7518942
32536298
16318235
53502372
173283
17491347
16257077
5911972
1424181
15661871
31353077
15443294
7110952
24224649
18197639
17468725
16797953
34720428
14553073
1586961
17595350
2520
30202451
15706739
14596740
17282561
14591033
16625755
1443131
32285566
48011329
21789095
21328926
46966219
35668024
37806307
16113331
14222176
18638681
6053552
21875717
14234689
8432192
38057913
16846275
15600217
21182469
17820753
27949750
24928809
21091954
15233716
3469041
19777359
20109973
48756138
29747085
22129280
16303106
34179380
15496178
5832832
21252570
16002901
16462880
18512632
14380299
17445974
25971804
43150732
7411272
21263769
17843
16998020
42379178
18365936
25689567
21142522
15099656
43484759
14061105
7353782
1315061
785510
9491292
19513060
15239834
35046185
42279047
39075222
21754753
18869730
19680477
15660322
16516483
15593694
22556477
18225685
26269030
7763532
23554196
36201281
16587002
17550652
32541502
12926802
1242301
40920065
8065062
16446860
36437507
37012965
17966840
40501523
39741871
16953301
30313925
19802879
36019258
19007323
16167024
22346318
26344090
16816396
7167892
11348282
34343682
9694832
12044602
16261627
15071986
21960743
22370838
32070403
15384093
19022446
14080704
11217692
20266022
11879272
16014113
17033125
29270331
15140562
7557612
18993395
26420606
16148229
23639352
19554706
19058681
18463533
14447200
30996250
27382302
17219982
29885622
754485
16115216
21718496
28222252
23359416
22677790
14837709
16185380
17718497
15034394
16467958
24575769
16005149
17070613
7799412
23395480
20190310
18907463
18319936
14495977
17273285
14670800
15664387
15948926
18627768
14170709
818954
21145799
19497554
8421452
755452
20177350
21065825
22835267
19785395
15120684
7413212
16437867
14732530
17892913
14749520
20011792
21002609
21439222
14985228
20873135
16727535
16364846
17071260
14233497
17194296
20653452
20097362
18944397
19236891
18967754
18132494
19637934
10798802
17978709
19290664
10810102
19541375
16960143
18143601
16212749
14481764
12992412
12846852
19401794
18970984
16657699
18655359
8249162
18396070
19029137
18768730
17240761
14306318
18806621
17232895
14740319
17581955
6017542
14389212
2212361
1333741
17430692
15924169
14683791
770759
12046102
15687962
5172361
661403
15249156
16116995
2172
16051471
14239222
16014883
14774426
15284466
9567972
14056454
7313952
6837002
14693823
8713712
1240201
14506351
643653
4322651
8268302
27373
3925681
3305791
14348594
11435642
4236021
3561421
1772941
14412165
7426192
2569261
1008531
5901072
7310452
9298752
8567392
9458092
11386712
10219702
1666871
9601512
9355562
34473
33033
6211972
12628
5934562
1183041
813286
6114312
2869531
1834171
5357812
1309321
794806
51583
700833
780457
12773
781408
8264
