4207961
2329066872
36743910
2916305152
148529707
316389142
87818409
1652541
428333
5402612
742143
14293310
14677919
14075928
13493302
325076723
42389136
13557972
2933294457
2434051392
2949261587
20068679
3337804853
3250914614
49698134
188793260
18622869
4020439462
2920156339
1536791610
14377605
1169292122
11866582
14931637
249547283
110396781
4036876454
208361818
15473574
16955991
15458694
322183008
436829918
1947301
20818801
15224867
16129920
21414576
3403138217
2282389477
98992586
21514744
143104075
25694156
393588826
14957147
23865382
158414847
429227921
16303106
29442313
216776631
110326494
1291770157
755113
29417304
1038497886
