399689183
719342407
303796041
14677919
3839031432
1289075148
485051625
2291185544
2831600607
2966888137
96495126
805519394
17006157
57195772
18622869
1602350186
2929301619
16017475
15458277
16949344
35516339
2776797432
3372938542
396016152
528893064
306923259
3825706714
272392103
178316031
2461918014
24351795
18089975
2772223039
480633459
37296071
66660156
999937974
460737707
197662233
2818666212
2841994421
23837574
3071976828
100080235
941807593
29328876
561607299
115754120
1308805472
587813819
172012842
17293897
