29472803
52758395
20060293
14677919
16012783
18194898
15458694
16955991
35773039
61518194
20479813
33602654
9300262
15164565
16303106
14075928
788524
4970411
5402612
194525761
759251
28785486
14293310
15754281
2467791
1367531
15012486
2097571
14173315
67300697
51241574
89803672
62203380
206849588
104884438
2851595145
58919448
92579189
17141560
913410842
256217339
926518628
19493112
15431856
15473958
87818409
14511951
742143
5392522
15258192
458674855
11348282
807095
6017542
2836421
15856435
703738471
23207857
188809568
621393845
168139803
206847460
371796153
19802879
3108351
16129920
19697415
172101296
