2837670442
16548023
28668072
1220204215
15485441
916031611
2354128850
226690054
1198988510
15846407
16686144
807095
1872590082
104532480
14677919
19636948
1010090538
18500863
1310770687
961350806
277507874
854065238
224652287
813286
384321453
637313893
133042001
13251272
349055606
215410574
306025835
92365271
98264697
71263789
222561695
286731452
304185486
216937595
57709461
25443388
25991028
30774459
187389678
248041674
183297477
41669350
220204392
31330513
174266952
114058594
79533145
48525944
41866995
