3293218821
23508439
123417995
581971753
49883265
14677919
83876527
25073877
1623451290
746476958
446941315
283184735
44658587
63653875
456153921
176932408
154760803
260457731
26784377
273693969
24474870
1703499732
18676177
1683900948
3118999701
586671909
2283837931
20736730
2298565537
2394758311
70984741
43042353
239721049
569478894
2871367661
105211981
120550155
113503757
539670727
718728986
1582853809
70202449
31447081
242828744
20609518
211050464
149760844
20107966
20348655
44227913
38724129
20710809
27083523
293850289
27091468
127245578
284441324
39194722
190366672
20445088
65414320
34701524
2569146288
1260403568
25554667
428333
250480521
231989667
28575531
24167314
32135704
109422761
450882770
16403943
29797840
71023061
43139414
23109173
19362299
2521654188
179739172
112003278
244929019
183521742
247986670
167425703
2269685251
1681462776
2529107314
730943725
632175151
349415407
631578548
232450909
404844834
1650654672
1655153460
1650747822
1662606066
59944451
2459556480
169087264
248017225
625976631
2340026617
19426551
80377086
34652070
19314586
120943272
16302242
41651800
270462052
1584731918
29098812
1209765007
23002923
537752438
100593320
56469188
16712361
15139071
28585582
239648023
2191503132
2172598195
2172597314
2175123102
246140765
227418297
38688377
22528547
45892981
22961177
20545055
1594968740
64770337
954167839
469638445
512613427
27698202
77291156
571964152
437179412
238466349
472579053
602259959
191124115
37823344
52529896
14279256
41256952
28870086
105147032
36362259
96154204
400501644
212119842
64560257
186121723
23642374
15876379
183845276
246481013
43383705
168811540
