14677919
185142711
135421739
87170183
3243048324
456518157
141208596
3940551433
586671909
62762183
1339835893
16589206
142221927
2253142422
1536791610
321271735
10228272
85221650
75996291
313492078
2785480981
2543397630
372754427
3065990191
612473
2330223926
17673635
42606652
783749610
1330457336
1153045459
16542390
83529586
57948579
143409075
136326921
1914087050
14700316
3489835694
3484806794
358136545
97913631
786958314
377228272
3618102199
439981807
80876565
2646263522
975915324
349007898
26688378
145125358
1486427558
2588841246
1492538024
750728839
3229612231
833123408
342186029
375030835
430990719
337703682
1877831
560814457
2944795009
32380550
2183816041
3326855016
3317982588
398614591
40244575
2592737454
56770540
2587240482
1337026176
14159148
80473367
15462819
21114659
26792275
1654241748
39922594
76671779
266714730
95438524
44595330
902534288
3171712086
3243667675
3269020218
164264220
102957248
468479147
14120922
17082958
105710210
47595335
1372552416
549721194
2467791
283916211
2884771
295251095
287156977
79708561
350128848
2222673457
347035710
1072993274
77732185
947192262
1056850669
58243368
1100927498
208417986
29958928
1073676020
50943008
18071358
1606048885
1657730988
260251320
47055387
1317076194
2574072036
18625669
177829660
39743812
366947884
38647512
20565284
18863815
27725199
17482727
401471773
372677761
458451038
1204200368
610173600
193364583
378460963
171117515
168606635
70652594
139876086
99448420
45452226
71201743
116677732
222516693
54829997
122928781
1582853809
78242874
244890156
37600239
223796444
200913899
490442018
47753886
428333
759251
14511951
68930231
417032491
303608188
67058881
40869312
240649814
1652541
87818409
3108351
355989081
742143
91478624
109241992
5988062
17381587
52339151
597301440
65992743
24929621
83554074
1110763562
102382667
40400019
94530194
43077446
39448240
1294541592
18189062
9067682
42382372
30417501
78259714
141633175
1429879117
23976386
18776605
60153427
21323673
18071597
1715638082
499544289
69544220
820067942
41552881
250495841
40010267
40885516
428792888
863720408
267470988
119667909
37629039
1244137812
1346439824
711694309
18839785
20751449
371730289
230140702
183230911
17797666
134758540
253167239
60937837
19897138
561335546
505694805
110025421
84554399
17717614
33801019
103603559
57879889
90628174
14293310
66306024
120965579
11695892
417632438
109275593
149792144
173195708
82949914
77888423
138822469
113352671
47571031
27602673
256495314
122995784
807095
97611573
94816809
55520719
31135086
99642673
405427035
56304605
142722336
75509967
5402612
5974052
923156538
277434037
53414786
43434364
67577895
68977380
87118217
373416209
133880286
15093629
75823831
220228167
108936259
293428171
557557721
140561330
59983585
16425197
24727891
231033118
177547780
86106315
177886974
19895282
92367751
245687754
180505807
6017542
28706024
33464913
79293791
17710740
50393960
56312411
50944856
37034483
132817648
36327407
6509832
25966181
43568964
59808841
139385992
78941611
92945681
121828529
56631494
97865628
68399705
18681139
132385468
75854417
51376979
70903729
94163409
53555106
31348594
79915337
23061619
113278275
101311381
21931363
296454626
198405125
70217580
165740464
49657979
35701096
65659343
35927341
149198901
88856792
92726549
124258971
103770785
11348282
196235064
57188977
471741741
19397785
813286
56761423
114501238
107318424
85603854
53556894
115341081
155151279
76294950
783214
268414482
86254626
101695592
17919972
21447363
57998991
113419517
24705126
57928790
29441764
66334209
44588485
25421094
