759251
238319766
2467791
14511951
14677919
5392522
3404418963
14075928
16664681
45617221
362189733
360376862
35586563
23234807
21129105
2347964497
3347017152
75019567
17006157
59145948
142157505
19494203
80700514
20346956
16302242
1260366252
248900032
380730306
451586190
44196397
32453930
1330457336
16228398
14620646
19697415
807095
742143
14293310
2557521
813286
428333
115485051
81480697
55117855
27711685
112481670
44381332
15745368
1180379185
37106040
157157264
33615152
25073877
1536791610
21544409
62591681
10033122
62290422
16303106
155823836
502281810
79293791
26053643
133880286
336116660
500042487
6539592
14824849
3145143038
14607512
23206141
90067580
139162440
23027237
6480682
50393960
259379883
15846407
15485441
27457788
57097104
436292177
443215941
30364057
256573865
19777398
55458823
32135704
36362259
51263592
87277455
266303611
2275275865
23151437
574021481
1216976942
17468175
22159122
43139414
284089166
23083404
35936474
16812787
1059194370
28209292
272693623
3004231
28706024
27195114
166739404
27678749
16331010
50374439
21447363
157140968
32959253
22940219
338084918
22085184
116362700
18220175
101928415
25110374
25365536
169686021
19394188
14230524
16409683
26565946
84978978
2153218842
1462522200
2152858855
2597260748
81427357
1360898695
156132825
488651772
488648844
488655999
28207101
28208983
20899023
194054865
158414847
23617610
11523522
1532194328
342101430
355862289
20795110
104173072
127317621
14389062
14332074
118212720
20534391
62581962
21537350
36207173
18781641
20608587
43956893
40301648
26589987
17461978
34663879
20080077
15682492
734493
22157249
48446378
56813400
17972334
40037779
20695073
38025014
21249663
14260862
24907330
