268923861
5637652
13334762
261546340
564919357
1355346715
14293310
14677919
57047586
3803136317
9207632
2237584520
296456471
2916305152
1566463268
3003743254
788058554
440686069
18160154
40447766
295573357
237483143
19150497
8495542
56078861
2159314429
11322372
1546783376
34835582
63485337
1305940272
47802715
534498162
2803786405
2217225914
2787132118
2168689532
1248537674
603805412
1111936680
366136346
492350976
425340543
186036822
16477634
94154714
272951994
243873952
83223213
176512806
256378596
228009789
14774424
582719649
582712423
450436992
17765013
138823724
619463306
14972793
798237572
170783148
50950743
15230281
775601942
17036269
880897075
32857453
46981602
82299300
