3248898181
2768851255
378751223
2393533334
4126053737
907270350
522537060
3445477035
2651067600
2486034890
2265072848
2538618480
3937581312
2316980689
3382164261
3220392679
43313801
50142841
2832121002
2401897111
3080532999
3280598403
4110451513
1254607069
556166151
271585326
2792933317
3193134475
3242003978
2715146462
2499047340
2463816464
829813273
2495008712
2489309209
2995259958
3064960395
2851555575
165986330
2765273006
2165193739
3811227735
3104598727
2968920161
2549931361
3370026621
3807790813
18359336
318034331
3378042213
199787265
301171190
2820182255
465488420
333079449
3963641248
54024550
171381150
3130555553
2932871707
3265704103
4166636774
62157539
2772202526
4055498188
2930514512
2723966959
4101347595
3910638028
2970324005
40577195
3295752283
2451479641
3019915792
3683793205
4022328441
2532589716
4124210967
1180169191
3619398135
3243323521
1345702129
3854844983
409413505
1915698344
3071071121
3601178003
876299779
1964281615
186175602
2955067379
3545496748
868280732
32164801
3280254786
373677687
3796195634
2962551666
365446733
316581761
87374085
2375187150
1061655060
2543991384
3510371958
320778834
3090804597
218887833
2464319023
357463621
357564645
3254242004
3359148521
201049831
3222959282
199441863
73193008
1128493718
29097048
2565623760
15527250
254230907
25019125
117485140
620467732
769411693
28683302
323972810
15524002
1488459235
40937008
23962971
91458149
45302545
244383386
200330637
130570771
17491102
129549154
36416108
45164704
37061000
82676477
71334521
18917148
27436167
15635956
58593385
26009909
16936235
329285710
33993367
78328637
14631227
20555005
51263711
61743163
377385039
16567106
13687132
16736535
20523846
61033129
5162861
20273398
2293353366
27690211
183756759
325210876
1089103237
3221479987
24856382
3301757655
3280208444
349824186
3302864954
3109312801
4021968377
3987849373
3080834044
3438200499
3298669673
2876718327
2906711053
3132201141
4184480117
3910425432
3190655150
4177845553
1032213793
3315301346
3310736628
3330332961
4177762283
4170105260
4191083115
1855794920
3223019120
3286494072
3151778461
4191052473
2765303378
103550181
1158561386
4180458207
1307120714
4028492834
2518037581
2493435338
240550445
174649931
703302195
4077859127
2561735741
357647741
232156111
1252955348
3003935195
175532294
2364771915
2930700139
157443576
4191543381
549939164
3241267295
181812271
563759022
2736119439
2834657939
3530098581
112799178
1687032662
1479789637
3438788368
2518087776
4179839535
3745648581
1949261972
742223821
2992765549
2447721288
983157481
3294489067
1198028701
626181639
3863972961
269645538
872536465
250086027
4184307682
301997769
14996671
2774873313
3804080554
3977667442
629640212
3872904976
284349295
3649768645
4157641103
3916446132
352118113
3358311225
3152708218
126399441
76689333
2383904816
32259774
2920263019
3433171335
1373724186
3793924047
4174611663
2919307734
14377584
29123710
565559770
919947757
3296441542
41313000
3917608992
34425121
227712275
3724362982
4168795813
3151038116
3314169023
330304197
3126424739
4011159515
26985747
3303961382
22843479
4177717757
3389689932
2678090893
26705006
1703282845
3206718921
35208567
2810121313
377439566
2704887493
3429380062
395674350
2715971
3895552127
1664557393
3002595937
597477212
3429345947
4089865355
2908298870
4166578263
33606835
3283319372
173587862
83135790
423625113
243334004
323229218
3906170720
1222349155
3624889516
4007953755
4017085278
3044722331
4225087872
315612855
2711039001
209104486
2226557318
3223315866
2961695343
3722307135
3976173563
2884971318
3501900083
113130846
33846451
24775410
36065771
27814665
1081
2735591
25053299
624413
19546277
168857946
20402945
16334857
2182880679
3495084376
22041124
3427667559
278691695
1754641
26066384
16896485
621523
28140646
19407053
104237736
15110357
20562637
23096405
67358777
32359921
21038155
34713362
7591102
109641671
17072129
18949452
47665691
3820968132
14293310
4898091
35773039
204491797
41338503
5988062
65104337
14677919
2322971328
15162193
20291907
14511951
14062180
17137891
20793816
5392522
17475575
3091664697
1917731
5741722
50687788
89084561
17448575
15458694
35880417
100312878
43697487
34789469
54924231
9300262
281867008
15754281
2467791
3023804275
93075239
2986488896
45513163
16664681
123123116
3994791934
26385463
2201794429
1877831
156981013
359390232
3432262180
1310623496
1243718738
2353972128
951860875
2802091710
4198471393
3519193516
276986748
453886693
4120134374
344613223
2879984603
28785486
500042487
15012486
759251
18420140
2097571
6017542
3778286127
3694592536
428333
3311071653
51241574
1652541
3910691053
718346215
2332401158
55946105
3212513734
3112437559
4135075001
243306905
2998225295
2897294325
2661597937
292243621
2288659153
2956356034
2345529396
3438225705
226873426
3961895056
94364050
18344486
1201467703
85993870
3871006816
191425569
270144262
3549114502
2608133516
4163833113
2509403550
2428635002
3865183932
3797388329
4115037526
171547162
3851775976
1568034002
4175987002
518605187
1474357436
3370817271
2966476245
4229407272
1205936070
622919575
3044624800
2585937114
937676827
789987313
334307062
139103613
1222726052
2739437738
521012696
115145787
2485020612
3295553748
2176995104
2341545997
267239523
2658808848
3301103993
2355249056
25474332
317426485
474463923
3315236604
8330272
2693651845
1262776610
16419153
100078412
270729511
933143924
459292162
22587679
16980311
205437050
239760107
10228272
2282797987
3521458397
2614167698
4123590958
4175038032
2350363068
92691371
3131749054
115514905
1438905518
1643441407
3318317090
558545453
3250135675
3931452947
2942918023
3184593768
4149779677
2586005502
3996763485
39241169
2438662848
4120643326
2300305016
3341981452
1951905816
2746633581
3931847473
4034582954
2994022463
3437389934
3407793959
4165975287
3439705305
176799481
1482960576
258082803
3947809227
3860889553
3074639163
2857459570
3352977681
341466197
3063524681
2409272168
1177059512
94697075
17520718
4143198394
398039721
1651833200
2289922932
735611048
182381024
2216758584
2720878405
85773337
7157132
210193810
2890110307
40607969
3583297462
331453643
1964676936
1379305656
359277558
2974856849
14241791
3018998530
3664273216
506793180
39328908
4089254255
3307022936
28209292
72674844
232628051
99668269
3131157772
147775865
18548136
373401211
2316146448
3401677017
803263969
2456252125
2375567959
360052340
320513197
295805671
1326932664
3952755269
2361083941
1530030378
158196460
203026115
2685777619
3675755727
1640696832
3386326318
2311775448
601818506
1648629770
1046909316
340298107
86595709
296276412
4185239652
3320621377
144874240
2849892731
2286540303
4171251154
2285785476
485203090
49560393
118721560
18949912
3919431323
3665445673
2918868666
120161686
52913982
3429615393
50102198
2881546457
4107932002
3699376400
2946289769
3154766741
4215201553
259444989
7326172
19631194
2815434014
3114635843
303246692
4038364521
138198265
3401546944
4204657992
3069072705
4216212793
1523483756
2821562603
1712886852
1533753895
3145244584
4151587457
6295852
4173605253
213378104
163964149
1273861800
14799790
21706335
1911263239
4106598080
858071
3320550963
3537753197
4126355080
2296777489
1632466190
3820961420
3350755037
3348767561
4217254214
82719001
2458561885
18185124
12480582
17497382
14458280
3504898638
853291507
2351114448
2247658816
3318120490
312937997
15651700
2397861914
28984805
82303907
42316553
2361707564
292418292
1193834593
3428124918
370495200
2995533698
2777166792
3182371132
4164252640
449006150
3772434515
2224676016
573393573
194472341
2476562946
40263860
2730255760
159373868
3290407499
1552276302
3201853462
1700813694
3310778887
86899081
4098306255
3333599260
545355518
710202889
3492889792
3817328921
360305332
2451141846
3427371035
2159620632
246011064
386728021
3153723127
3995423507
3220864495
3096210125
3316026987
1280026416
2498445780
260390523
3913306756
3384213975
4011446020
103482941
127247622
4115994023
3606099917
3366913487
365197132
3469261995
3044718405
1671592932
195805703
4040972597
2451084578
2402016786
3078024635
134284981
4164208055
2706157350
491419523
109175868
329889198
328878181
134222813
16469175
2719752686
1552304696
2776685179
3142844743
3320540478
151221446
3409408911
36659018
337974546
790349286
634065629
2973764622
317542937
45382070
3193318702
3240091760
350335365
389073053
49581721
3368758158
169759505
918963822
219690900
3969101188
91054066
2883770133
3260744364
3805927638
2331513523
2751692074
716371044
267939430
14390109
8457092
14109159
14462907
2463681456
10194682
2423931254
543598566
3760698852
4166862441
1600400100
4105509443
252512155
3343248274
1525585566
1897488078
607377905
48650264
21973269
128177017
2938269341
20728354
216375154
3311226594
87392663
4105741042
3773839634
313223957
4206253454
1042411662
2905880964
3680853621
3248300107
4073630713
1043877956
4140612794
4164757883
987941778
4208508079
3045291853
2492077830
4134672136
4165236439
1289457793
3152117351
3001487383
3653474892
3755623460
1686905946
4165660099
864174096
746089772
2282631463
2274176964
2614764920
4208787558
2280707996
348090673
2353236737
4168729162
3633767355
4191852133
4144949472
2750862318
3729102134
4209355874
3032524714
4141388079
76621282
4142748052
488814932
1539476118
1645428913
1393239967
2163454759
2424534283
725099582
250866314
112814809
590462556
2815432430
4099849715
3353612373
200240089
3368295493
488009964
274963100
1732568743
1618757089
409272497
354515291
1692289705
570139377
173233253
2790673840
2438543623
2827956461
2789981422
80703539
1636965600
2355287360
898058054
91478624
1070317490
2188711458
2751816499
298769861
334906910
3252912145
2616062641
21437626
271089100
346222084
3489489862
2917388440
1952687966
119516176
3106270617
3790555637
538048468
2567025842
521500050
3183779889
457498637
545212549
2782610613
1066409845
2908899031
3153708985
3948670293
1427002244
812193240
1388563602
1268521076
1964217900
17146147
4069703176
3105435604
2213655313
818670740
488079793
3018102603
4060812039
3223660778
3387586403
3214594359
213752945
246325444
972321114
2577235388
112442512
2885702998
535777243
624407938
76854771
613521666
53753667
2835498119
4049631252
14601336
110347833
293860122
16848971
2390191754
3021591305
1205972184
1484388367
880790892
3032365103
407556226
91146650
2961722717
2283361754
8235612
3329841129
2189042016
3281959333
3158226602
633316094
432962544
2326270010
3014984554
30638882
26886131
29270260
204444000
112729525
21256953
528547428
83406305
3910862416
255221179
3427497833
14550673
524396430
27978407
38418472
17072055
211868703
58448800
14337289
3719987654
3301910843
2784785006
1671257868
635672775
25073877
2899133017
21547342
29046629
365445243
17884677
26347170
20702052
3192563154
722546593
3294339713
3381638271
2813927690
281044508
2466787867
18149516
14583400
108382988
110509537
1228545349
54999357
618197588
816653
263928436
961253773
847123669
186129806
601813540
299112358
14754932
1611669086
916113396
7144422
454776294
327756127
1151816083
2790026400
499275959
2281764211
469964230
328695608
631669280
3483050423
3417661761
3021314001
1942022348
597811816
263295556
2361516942
599444146
2177420990
214162237
2897666191
3181278462
15145009
544459972
1324765802
3165040414
2235082016
60261918
54205414
1449744306
139510761
1693499504
45483889
1500089520
1615993536
2934078309
269095872
447935911
312927309
186744632
23088369
126592212
2950341430
776483251
2731214480
3073611072
734930461
40842944
144416472
63302020
442237496
414304780
19725644
602317143
165511377
2233154425
16303106
14133970
237845487
1666038950
18948541
338240032
316327930
18985501
172873571
605805760
297174372
137365854
22209176
15670515
74286565
2803191
84623395
618294231
24223641
20065936
14372486
275686563
1327886654
1557315432
978908012
1152279248
1582853809
17057271
12804422
15057943
16343974
16973333
87818409
742143
5402612
16438248
36843988
18080969
15492359
14850955
14634720
45577446
15639642
19826509
79783264
9207632
15143478
19515424
37710752
69671186
139993742
2187339895
2849788275
508857272
332971856
36241120
3435120387
3817470340
1344951
16794568
14888578
2890961
1930311
189573424
1552968564
132316316
1342541772
30261067
6070762
15066271
2757541958
3023482896
2916305152
154002144
31424625
16941968
23823684
161568195
350757083
1954803769
123971247
218538325
15071830
80868086
19647284
2915662397
250224984
39598748
870731426
582762258
15638912
78979659
54548130
917718558
15235948
1705865744
88458231
24139578
45891006
276271004
1569144055
130223243
14173315
3357541245
2282404596
1884558206
17680050
376424845
16557472
41099421
2822481903
29704098
2830437492
1202095423
546323418
46499589
120426428
17454086
1342114543
1593864733
746242452
47751349
19166368
10422602
210489589
29452677
1964257994
280851894
7789342
2962053155
166597521
2350742684
16551172
18131988
304771072
13830952
52551600
45872794
29573746
158414847
20622213
3088143515
17298438
588382817
115485051
58951897
3177593550
2462094260
95023423
50374439
88756857
57173447
94919897
1342242703
20609518
56836811
16365636
17135038
21887420
41480390
17219108
23107573
18654679
14237001
16031536
53372965
28124259
109041907
3044924064
501389799
3342100108
2427852481
634718782
836402629
233940849
1955024648
1194947442
932724440
2922205468
326813935
24052479
16953664
193818082
15752192
624945989
17781673
18027434
25676568
2285738774
16936532
822006151
236414313
2579714306
21050023
2759081185
91170178
108337092
50404338
113438061
257591177
18963070
40414752
133447189
22060723
2866673757
149152087
723052184
51980140
16491683
55473790
5752542
476412109
2797681
33610571
278538451
2848642927
61675911
288359370
3039105744
19362718
18958988
249653920
1345743612
461013813
62647751
2295575252
630379079
3092861014
2584659632
917548740
209232713
251824052
1228361779
2515639046
108407189
2965432565
18687463
34687493
3192905563
43166812
24483516
368397875
16585184
2901641399
2609141312
1371251480
470810726
985947319
2194096531
993094381
29470720
17977954
20747847
34763243
1021090266
2705564893
223394216
3459051
1598644159
158079127
136361303
18665800
3127834998
14700316
20622594
19402238
65525881
35749264
47459700
621573
18713254
29730065
8223872
19658826
19562228
326359913
17471979
18806753
6519522
11348282
36184220
5695632
91852905
41990158
2227469748
2558325008
360844323
15066760
406326115
1552739420
20086450
404461205
17207243
48854328
1590046375
2611458349
36144455
1969630836
35738491
63888769
1280151054
15131310
64743535
1087602330
820674420
596893898
359962497
14499829
1560968040
41509378
15224275
37781811
14276094
40940457
68792362
17093617
21512383
1258398914
2992751
2371644853
229334080
14850840
213282389
28852952
97535301
268420138
8147212
84615562
16211434
10933662
173992307
28535982
19110632
20071863
21209392
1774391
18958606
2521001
47797211
15163466
15846407
86281994
130649891
104609993
3223432778
180505807
821330766
2163777667
14116807
588376403
18881534
946869756
264897818
1517537972
14749606
635063243
1244395394
15838599
14922225
15234657
18927441
112511880
113696592
36803580
555532681
24742040
90964854
38232487
11928542
21158690
469689725
23645599
268548585
15880163
31524543
388636270
444953983
1465770662
204962327
629194371
142072145
22971614
211921346
22256645
35787166
22940219
178003639
27514654
59267030
312786366
19181549
26163517
91294921
134907830
23678071
68412310
268479992
24675932
17674486
27614991
265943526
8848642
144284168
15294801
15369265
21191567
18659866
36258479
18175673
16657990
19202455
163001025
22113929
134915817
16626951
158515843
17791196
23183591
159251773
16291762
15112249
48528914
153743466
23554196
159219605
15313351
16535953
159181273
45533536
36428566
43815496
12319862
19519207
27868406
30375884
15158464
17008328
19199335
52934974
87989291
94063465
73908704
23223266
65372895
101769255
117410681
114544830
33420178
19027255
122821982
129218329
126156342
13881572
96132846
103646231
112385503
78003757
103222557
19943152
14451294
111697179
37365670
64123500
98407975
17302075
62758291
19188815
114375176
89786212
79953113
15260162
16119193
94583827
18673924
21793963
7431052
116770621
94316158
36665760
48388653
44607180
22093870
46816553
97363112
30745164
18744739
97261727
14254527
39885951
100209238
17283278
18202948
46168783
110605729
60638004
35114020
23368092
16667193
77793188
15734380
19063254
110971278
22741229
27812512
89728570
16129800
16360046
14768661
109684311
15826025
41007369
18938698
51807344
16792149
19220217
55748658
4800271
53488297
42601947
30871594
103049290
56965125
18257163
23703690
15192462
18971394
30964508
14985438
68852080
91566252
18577279
38830686
78384956
92704027
20259714
6284972
23576755
62898712
20755912
98333174
43245214
98451574
22711258
82860384
20588598
76605996
96301348
82409897
89929271
88686444
18168823
63532900
82859841
17434997
57429648
93223034
15423477
68904223
72246263
25090169
30266993
50124592
82859399
73409136
46549707
85720205
83872996
82721062
22878282
16595710
76092685
14973088
88356440
37898030
76999372
55597252
85112630
67556325
59575640
63506487
84628397
84190133
66026046
71065257
83429223
76459780
74576794
16270424
83427539
83138579
50814821
32453457
18050436
50305463
16674576
39371298
38744182
19676044
65644718
71494875
23509697
44007281
66885463
68623693
65128991
21753875
16932445
73481226
35233288
14314467
76754093
23589657
17941804
76377851
9802712
20322914
25283620
75536589
18007221
18538564
71400957
23612498
19837231
47621373
75410025
17843264
15887107
30960997
48893161
47453683
15229205
20241967
74861019
46552556
68642717
24838969
33257957
51784559
14019992
72353015
24583357
30959873
37969015
26017231
50961477
51581031
70954817
21379436
62897663
69200543
69525528
19498445
21159227
38770341
28878095
3272951
17245752
21222890
46386014
67885492
16163761
26159255
41911725
68219161
14771220
62872304
33715148
25798234
67575797
17808154
33481081
67191957
30863070
15244628
16813034
52682279
44090752
64013626
14875897
10029732
28542721
14847155
21560472
44334742
64315091
46384663
18760919
18379329
45823375
7673322
58764291
25763891
62707983
18519871
19755416
61384370
53829923
26618468
48497316
30397207
24825275
24496399
17829594
14497056
6369552
15630248
11447852
22284424
19940190
17700704
59766501
17988954
15967649
24027953
18044059
54348262
46944488
30823468
37294378
33884550
43112269
12884642
31290547
28122937
21850829
58468686
51680922
42572353
24391502
23915100
53737254
23380645
25796204
30389804
14114393
31488398
53622308
29206398
17422054
16918503
27223729
56190920
16564093
31503966
54136930
14759049
17897772
23329646
44289718
14619429
54295987
53955961
15019546
20734393
15830216
16077024
38703718
30272344
44603996
31562821
15690637
16065256
22813537
41312787
9468832
41506603
47640431
36146304
44344053
42434031
39442601
24394928
7096282
17889308
15128305
15006571
21170191
14632998
19666726
14803701
5380672
24447643
14681605
14075928
15693493
22461427
15473413
14094741
27457788
18022904
20978103
21879024
19058681
20536157
20362778
32546214
21479907
19316480
8370622
