186165992
601320686
14677919
189671070
43923409
14147395
588983351
79633819
32140200
602326074
3108351
448685095
1536791610
500704345
2935112986
2836804893
3124968105
750836323
559951544
166238095
2891431833
90368802
221127430
1947301
14717197
55355654
14957147
1038293940
114943487
250419137
114589771
885339854
1318993662
19822242
293939227
1703234323
298685583
118796524
252111723
431858452
14336163
2160827372
1117241226
807095
17635162
2467791
2358554334
237147973
2409683900
736947122
17905292
2485277791
2446452002
1335267692
61309816
14703671
20680900
34323617
65375829
27082873
2248932158
25276610
68989483
2171424114
15432119
488908367
2317350218
852128070
395062838
257834640
2160179521
607404629
24655292
523512145
1531962690
256066582
1183682149
1072554536
499870922
339035842
551255558
1305500168
1260362246
256498174
128678588
437018330
449137265
482144995
145583488
778269924
1230624024
824146435
550350350
150347056
36422077
481214181
2255303941
21843729
526589574
412540170
499505585
49444148
14449262
730117658
124161387
867072600
851413454
1083155718
28142433
981510008
1101381187
1115429749
1084561506
1219794450
1230971340
1177302319
233032749
1107830384
762305828
354759709
1551566029
1549097935
1123760497
2239404792
616646148
29816798
1228222194
1132885890
47095168
70381564
380402174
466877675
1170468331
472525734
353940110
21054720
322359732
17478962
127669142
127134193
26053643
1711562280
786963331
214588918
26779584
419719338
1269716419
474566490
44666348
57788099
123339122
176617047
140093395
1093090866
21982720
1330457336
1339835893
538994455
562073737
97670725
1618725368
196753432
1571022608
1240167732
192893133
1096078958
601227277
26553086
23864985
30313925
19072472
25092574
17312175
41565651
726746503
124908488
277546050
6017542
17093617
97936419
713261137
19974627
1189119092
759251
26565946
28221296
15601171
25521487
19777398
2276829494
14641534
20204927
409486555
1035872540
1553657959
492742094
376895269
14882900
776342516
250188790
1152279248
1582853809
1345702333
16129920
555928038
1449951800
33041426
28382675
435965051
1850368237
16589206
91180720
32004130
31641658
50374439
16305330
130682467
122028557
31205498
34528094
29573746
22256645
129845242
69129108
114685387
41886366
273034909
365133096
308508145
169115363
337906865
289724824
14336082
24739154
24236683
256316319
16012783
70442867
613497601
1122507564
106529788
138860140
128472974
234955485
308212706
188014427
65427146
47618250
33252498
314163614
18812301
32166535
15898172
25690886
80331801
202431569
142977623
33661949
41346792
16807170
27651048
370425922
632009078
1343486720
189652312
189660705
147845476
17425114
72968442
14522828
5402612
95023423
28424453
742143
130684475
428333
28842244
139986343
564159387
29209404
15063139
18576239
16376711
38435380
355743494
132241469
17471979
20188834
18171994
5695632
2836421
15635604
18219438
32122637
593410164
16797675
15381535
103944637
48610587
18097604
209562506
274117050
731842460
973355760
370843260
1109584069
754082310
928095852
323526394
489965345
912881545
816405054
102096394
31214157
36379785
76806161
351084172
2557521
173606185
231293900
128572389
14323188
117416536
17849234
20542307
119400242
199045906
19611233
26127836
13411472
15635413
18057459
18999989
22976472
24794358
109115512
35383323
48188688
14420135
813300900
320723245
204127614
14216322
48551786
582751963
220336959
876505818
594867801
98004287
13160892
39924175
14074515
15754281
76049972
57422635
16013028
592170691
31714853
82689705
602017969
5988062
15280868
21918310
15164565
47627035
231254680
187340783
18333304
19472585
786764
16973333
121489873
427926964
216044573
18063301
101508803
243840781
291821950
25092348
18479513
18690908
116460304
26832919
20783424
18170896
568604985
14293310
596344490
40910930
1074592622
595211619
479809444
618401257
960638402
352107514
14562016
582375046
17196092
469438197
26291588
8795772
71023061
14237547
30346404
57100687
30079246
117803388
17130917
10878332
12952842
112519741
34742219
364448145
835637845
23626278
19000747
16331259
17636023
20486228
31759830
69575056
220566518
45684046
139896348
15673837
7292972
222254170
242000213
173145539
13527672
23986856
19261752
16792916
517559170
58033734
169984825
33951018
19805042
65604254
28001848
52447702
10257492
18776432
20785093
17139668
24126361
3487091
15042296
8965932
30950136
35750011
14972350
17548935
11403462
17904776
384060251
25117975
15205798
69625014
165871371
85648036
267280117
25721142
130649891
56736161
436266454
300392950
31122496
22799750
19797489
104888477
89289402
41016986
119643883
306991422
46598192
28785486
16721886
24569387
172818480
17844641
192942697
75582163
117046110
20090273
11243802
11810572
109421005
49987057
16546180
19746495
268404789
46715620
872394470
24965613
16019697
16439471
67382798
15568127
211172376
512310762
195534522
395656516
15919596
17242874
14094741
813286
52797877
159894847
87809737
21870081
19778050
413569543
27358410
115124945
223936855
26594945
200134589
60983046
21083000
63150199
94519679
42696269
10228272
2883841
110837067
351617807
168881305
402994210
39695043
18253799
274793767
99811494
25107962
30229853
125365331
398092540
28562317
342835127
12611642
21898041
6450322
25928253
15566901
16561884
25087685
18806753
15485441
24019308
20108560
17074440
158414847
15281287
369271993
23816931
13320862
39837333
104493961
28384595
24749103
38531995
297047872
139930250
30009639
22940219
17789443
152494482
328930027
388926755
38786575
28164096
33587536
53194854
500042487
234053160
180821354
41523902
236548150
23130962
131351549
132309698
18675582
16667262
41872762
28340712
28220400
10156532
14824849
336116660
15693493
77888423
20221159
80700514
19877186
52551600
15846407
113184599
544517731
29255539
25203361
16826656
30008146
16303106
14075928
25589776
26257166
19900778
52422878
14511951
498048285
19397785
29546945
68964248
19740592
82282572
28123862
22650211
15012486
