42917001
613537399
841116259
1148030178
481336457
2447086974
171355391
1054143836
481882948
478322676
356088853
143388401
482203628
573588598
497766595
2686770528
477910668
129145854
80107297
305603067
24059402
416542960
1669854782
55624368
477658668
480457324
627355202
479459331
477869359
2918270202
425973946
359323848
64432167
224119031
170013467
523157302
1922754072
541818082
107734460
478494488
543282556
14700117
103065157
6467332
5120691
927652440
105328660
15808647
296459271
20578408
27830610
147493686
120965579
11695892
17481977
105783183
24112747
304909941
20596281
19380829
9763482
14677919
17523060
153703098
49375859
155151279
205622130
200163448
16081782
22205952
39511166
11348282
15076390
759251
1268869796
214614034
991401146
96709645
360705100
41012588
29971409
2425151
18016782
13201312
17137628
40841471
543460515
74964902
19397785
2223162554
43040601
66111769
14940354
19277186
18424289
7152572
41067945
14499829
2249854790
24980246
2318696720
492305681
2253665018
16153562
927137894
384327388
2602959463
74105075
21841184
211413815
69231187
1330457336
2695009326
2904188772
1890240859
285475285
950165300
251521725
116366915
1139649950
2469605695
16542390
3230745373
4144271892
2605710105
335891957
373307031
2791245386
1629950966
52810218
33866039
105710210
287117871
2889656916
92253447
19593016
2725775585
261594893
317034396
84351228
3198991
523058589
2272515481
279082219
88147848
26753787
590316679
755718001
15309351
1071596678
794593244
3066016678
3016185331
734657576
24273149
223110908
2835099636
251116380
225775547
1964097110
161801527
6385432
1137765446
2459904061
201394249
158267078
1449320024
8736882
76918775
2268748494
1582447969
16581178
2304274585
135464477
1321898108
2810785386
220276970
602922945
17741799
95918810
2826529099
306655573
318673863
323839489
343600927
148517828
164263382
89856037
20197308
2961297390
859471621
33434994
333982951
169461707
471010707
3046490198
47813521
3163548300
155507136
44335525
2547339931
2913830408
575702002
238480712
98354773
269780552
70622526
30664613
3239192692
16734909
942156122
135514272
19596849
36042554
14260960
16362468
66767154
107636870
733281091
143540993
69518967
2714477364
2816733930
52121743
932516946
22893150
76134964
3171712086
2953366898
513067381
2160451159
453920815
3287800219
2234692735
231422245
92773212
120788460
1536791610
61767355
2230987464
17732037
140875192
262488658
2215727498
14130366
26708210
136641060
58263895
17692554
45847467
140442253
2178499310
90672407
44704537
19760270
2892783998
978579036
2378044171
51968133
60532319
87174678
432525187
143426568
116806870
217748372
1871602675
15333047
1014634303
2786372440
2646263522
37627950
614134623
115341081
79915337
111944435
19438384
68497896
505694805
87233065
44303210
122928781
140798905
55520719
42022523
11589192
2395668313
149043514
614178630
2597666894
1402100124
992994991
2150403589
113612825
105627165
1062742964
138822469
16708781
925094390
950783972
17874544
3000838099
284530476
391901721
1346923656
245305135
1664568703
74433034
3534907093
537465783
222106205
1572190250
18159548
2826671244
2431635092
71504313
2467109848
628615518
254957731
107680763
2257456297
984141738
316974182
95588504
635466990
161634802
607189372
324814256
1027800625
84021687
99355615
3254045385
145540592
2253142422
577377400
81545396
2856691075
63604619
3042776671
2916299274
63992320
263793754
1325202630
19059502
22763833
3314976162
78513180
600864768
3280725152
2202005849
3013304275
2975641309
458992712
2846993232
89376796
1205354364
100472536
3041270042
115887279
3018225020
2486306867
1379946168
2769221738
431469382
550377428
18284523
2651029910
157221022
771431941
1330338618
2428722788
600117245
59442800
218141673
2477802067
167452533
21551205
756035371
17816786
19329136
44667113
416857073
23260348
118757160
68069915
2842434988
1548435690
2955928989
1274690550
444633346
724818308
287587232
2532459042
369680637
169599273
22164685
321271735
17850606
67802523
141208596
37676831
57948579
1386091694
2184104324
2587240482
2588841246
1152279248
2228021594
978908012
1598644159
2227695199
215224249
15754281
807095
147491390
1389150666
1171829071
1176135546
259608706
63959573
91581445
57188977
1492538024
34197952
580766593
391210974
598451631
97217966
2603184042
355989081
2559574928
227248735
1116847783
2427057066
461016619
49378488
61997150
20536157
468479147
24353544
75461194
138291647
230856076
428333
165506153
75816710
1405220132
178672036
396707695
1013243604
378056166
2574072036
2425231
1039264772
2855442949
2878094030
1170885648
2570642840
1487070804
2686834802
2428796856
468122115
2589318188
93766096
2765974980
2785480981
1056850669
1182597973
579049958
2597413135
2541363451
634426266
372754427
1516758181
551528689
2534310320
172057857
1913153718
78312924
355874903
348988523
519311183
480891923
295833852
79715929
1923373933
549721194
42414011
1088334553
33801019
2197696580
94163409
65659343
108936259
195703895
46073276
118024094
1062278047
2201291034
149380242
15991258
113278275
16589206
161318053
202074582
299525595
85293311
210785197
1326421363
41552881
1669849555
764334150
141633175
149516743
1614696542
56505125
207773069
1086642313
740368644
22209176
1966507722
338934670
356893311
1288050427
1035100758
358814014
1019464058
155561448
14091343
706884372
230140702
1549631191
159904799
40637908
2240269165
1050708768
50944856
250677217
1320141312
17381587
1423007816
846977912
137780376
347035710
72511763
54488325
1617123242
1089493032
936950809
323727938
147433385
460122636
539885042
478466550
1130259151
1462026090
61758209
53340896
48600036
46649078
42837437
18363532
4047721
18171556
375474419
2884771
15458694
20214495
23484629
32359921
789148104
87818409
53640157
1243420014
470299753
219940006
424010588
89423559
1621917386
1620056192
1625905874
1620165872
1620355891
1631988938
1454014380
965875879
17710740
17651152
27990659
399478461
333375821
326706343
313385516
283632721
265540120
1660674504
1642473805
1681010874
1445587982
1431095438
1309296072
133210644
117682305
58137095
37629039
17208347
1872395220
335758014
221652567
63643169
68103688
111363626
105023729
100435990
126283787
210392852
198543662
1655890716
1538180466
1600383362
1506850765
994708670
979795484
700462850
462902673
2257427119
2220938808
1916826836
2213932272
2213874211
2168038388
1704744870
1672240741
1585720957
1622464160
1351170073
1448398512
831242948
761738419
482838927
512982609
572464261
448744998
477500631
399379494
419438992
373802649
260783336
175999738
149063337
147229311
137544824
139016226
137381004
134455655
133120894
130743819
126369329
130649891
124602510
100551971
80304808
98659965
89896633
63080343
67558336
71548087
55494971
53979014
50254941
49298395
44693532
43855487
40596411
26971429
7401202
38624666
51241574
64639742
67378160
114431792
114978436
123171317
151106990
141584822
192103171
333888813
461841349
2263910472
91748215
103202959
117412034
199262539
415553048
376075938
216758514
169058509
122453931
1892416032
1307550235
775379648
1397019751
184296258
1897514666
425728274
485612821
2313198259
18373968
18071358
368992525
75246346
9207632
23971393
14511951
8963722
237742285
14606079
53426191
233631354
23719690
57411021
33338729
21126842
624413
14293310
52868514
20402945
284920800
5392522
53696134
673953
28168999
262561990
14437914
296118382
14369310
70663487
17673635
77888423
89669859
40247252
10228272
32858804
374472155
14580438
24143188
74286565
29958928
155285529
22240612
38679388
335369838
21237045
119134771
259843963
75357513
34208984
18393773
299413847
1947301
389992469
17568791
70926703
450577886
140047339
32423136
451586190
100174414
363797725
7309052
105192845
36823
11518842
24752484
33464913
472874996
13839372
24741685
352145373
1081
252411597
15492359
31127446
137616033
42374574
121407739
44396229
371229686
51408252
124069006
15762708
360155647
16575239
282520959
106837463
353466012
25485344
15723290
116677732
337650972
44744034
101908434
14372486
94530194
17800797
13982132
139189823
45547903
33933259
96900937
7684182
2803191
65113959
88856792
210792232
327228914
23587089
14745264
14077431
14316371
348375714
255117773
33838201
12629592
14992326
20182089
14275129
18238260
58173133
14066247
19580783
14075928
68639853
409089061
71201182
17503180
14159148
300392950
749963
69920973
76294950
52422878
38800236
15473958
42382372
20108560
49650980
241252324
3416421
50090898
3108351
382267114
76898199
711729109
14434063
231377539
101406844
118201804
171117515
177547780
49578370
231033118
385909720
72539202
458451038
317745318
372677761
22558481
18622869
16032925
17739918
555174678
279390084
62499610
30631128
15875921
62030459
28137012
38647512
376180040
727557901
15639696
350224247
936695288
1119384594
31577674
119048275
1100927498
15007149
12409902
151432737
1227253801
1167807458
290452792
326572285
255615469
113888852
50943008
14224719
1062720092
95431448
185113657
17249208
1364930179
39963385
459142903
50627926
63796828
1271749327
174238227
551757469
920488039
23058879
165085226
1153045459
30417501
1154869812
13508182
33696409
8447542
23766957
1670175908
1515884658
358127438
53089452
333935142
1447305066
289277091
1593695947
183165874
1856721444
1667050489
435297255
19643660
1867843520
438152067
1676078360
17591347
1960541138
243381107
15670515
25098482
25390350
49744183
1324334436
418926544
337065278
1964350244
1495093470
385926583
220659127
20065936
47055387
462387632
1339835893
80225686
281355580
41094453
17986699
450539646
99642673
2190026348
127483019
428792888
20571756
1191912552
1670467506
2341741537
17675016
14048734
114132739
452050314
21408397
18650093
258994195
20844327
937386085
258283931
18086993
304897961
162304163
415436105
20759034
741520723
31399326
15812140
1111282716
200235244
1185592129
1106788105
289505651
382728892
312459570
1040035579
1148102359
85462891
110520327
381289719
229910053
1222018640
3291691
292765961
1000228238
953223246
712030506
274606076
14231571
185248181
46704429
9404762
13507972
102382667
154875149
1401726968
217514102
56039856
21114659
16872765
206447664
7490462
18861574
622661135
23962323
1305556297
116746970
1437659089
1925578266
86095091
237087413
175423518
103375095
1548489476
75025780
440651534
55573873
15469101
46864800
497600704
80664593
75961872
1165206254
1707281120
102488708
989
17865713
344764478
493314517
24110876
2213806352
267755156
1357567292
130764344
69539409
579299426
2312262702
14756306
1364904476
472629570
210633817
339172099
5943622
480525355
349714440
54200821
124953456
607031197
610337941
515686112
1671848557
2350890408
265564870
441609799
8933572
120994136
121971824
154622331
22140626
1034921
104531410
92198436
246197997
68151172
21660493
107784662
349139265
494340159
337602499
809930538
309051515
23178322
757177542
595205030
412845065
26762299
52822960
196548528
151422557
110370939
71498070
118445593
428196165
2217566917
2250820957
1481125170
1432114224
2275029918
203996352
1489396878
201603173
88346887
352071808
134726319
764998956
1283326962
51657858
201605916
1328726226
2229972397
106124185
2283038180
28515803
2297577079
2248081694
175452679
2310532574
2307876128
208417986
15050369
109579523
420982263
214432500
1479352976
1339535796
591680808
1141597434
266577415
779863892
2307818196
103514684
2334539262
949199738
143882595
483428711
736251600
447081835
2265693110
2279118108
2308713847
278418826
335246965
1614927356
75233270
2328455185
479438659
87912905
2223138080
85808309
39732216
1030493862
302699373
808382646
403738698
1882198280
2307341611
468912326
126847449
1646339984
847251956
566101087
532895350
28172926
481437720
56318573
56369561
1391616979
83529586
883883034
2222673457
130104041
1163496018
1166649492
1482820898
213739836
1150201302
1389154987
86535708
582653236
485960244
1243126304
1500426494
1447949844
1451017340
47595335
194017030
1270746139
83663427
135782269
98362607
711694309
786958314
588587397
57563268
15954704
53075131
2253821635
17469492
67057594
207809313
69544220
25628754
75989138
103849564
1073181793
27860681
275466164
571878474
17990493
11530262
381949397
252018855
1592684888
42606652
1683647743
1948865150
1695784514
1649603582
1620058729
1603901210
1629983017
1368737382
1287965341
1067542106
500438125
2160653996
1366219417
1145308387
203657176
1052284897
572629667
1652526218
101215084
1642669674
1380986642
459849561
166665752
245218929
48940193
71815077
54829997
1910442534
2183816041
86254626
131805814
245687754
185142711
177886974
121044171
1710278444
135110894
212066025
53556894
30767393
117473093
39743812
1317076194
1856414335
1916980182
77732185
1251083774
1422444751
129598727
751400048
254429951
41814169
56685329
20414217
337552434
299795015
1937660168
1644275809
1954801321
1189103605
1844224638
1925926196
1274411497
147859148
61458407
15942075
85186058
1271350026
43017766
575188047
168615621
32812476
332188446
1877831
28134618
586671909
26792275
6509832
11014272
20562637
7228682
561335546
147115917
63913455
14800270
1533298536
164213375
5988062
947192262
1337785291
40194420
388272261
253454293
122022996
1201661238
44588485
15093629
61126132
757359614
31348594
52339151
1269695654
292251723
256495314
372575989
83972205
446659342
31135086
56627441
617812352
122995784
74689776
104707193
1513504760
559345507
1649856438
104454186
78259714
830650902
4898091
742143
287156977
97442036
18949452
152719505
122658025
373280952
295251095
321866313
321556383
27212872
53026841
1693181612
354527847
358845236
243023355
831363378
1498595629
1244137812
254063194
30913636
18678290
310239584
30313925
1619528083
1096043983
297357168
1598078460
16351416
339566484
32361431
1072993274
2467791
25053299
289798661
72506502
1704005810
1627413726
1676281176
43384673
210709989
296612629
1239037315
320563079
1684910640
1346439824
83805213
228302615
1141637624
965531864
163582516
599329617
136337303
1320600308
98829676
1288175774
283410655
442782547
949254890
65150447
11856142
6017542
177829660
1561053608
5402612
71201743
240649814
70681570
969441
35773039
15164565
58243368
441636351
29960421
19897138
24500422
23196062
788524
884946553
721564232
24705126
59983585
628256906
471741741
371730289
373410448
350128848
219617448
60937837
20609518
50393960
813286
87170183
51376979
40400019
139876086
109241992
75509967
56304605
32843303
277434037
114423418
78941611
45452226
149198901
92708272
92945681
99448420
121046433
97865628
168606635
220228167
56631494
99918503
68977380
60266777
247857712
8167022
109275593
59808841
135421739
417632438
102594253
22179561
36327407
1073676020
39240673
1466172404
1587762014
1630518343
222838977
783214
134758540
1630397047
20751449
1652541
405427035
48410093
27260086
101311381
107318424
128155589
132385468
101695592
57928790
145125358
37034483
35927341
92724677
343627165
18839785
103770785
19895282
124258971
113419517
18681139
