26548315
2097571
759251
428333
20536157
14677919
5392522
443215941
783214
18812301
26053643
48269483
21522338
163343683
216776631
29442313
19397785
15846407
17789578
17006036
402957663
22162854
424839969
412356204
1339835893
1093090866
1536791610
16664681
21206144
35861227
16245822
30313925
161913667
33998183
15173544
4993981
19002707
22498170
8766122
32036992
50411797
14620544
14708747
22545453
2340925856
215268133
2649204474
15485441
44039298
30364057
23544596
100849806
47285504
53297035
31080039
50515656
361564025
23544268
20978103
256573865
20196258
436292177
24807616
66561957
89503894
149590738
59949396
866601030
2464005186
2279366852
17372386
34951495
1668027336
23655671
1319921
14920785
34738598
25108484
52820773
15169907
181795450
85909539
