428333
5402612
2467791
14293310
1947301
14677919
16955991
35773039
16016427
15164565
14606079
2631395771
20341454
5743162
30050899
13878902
21313053
928481
6439652
382692563
19034656
421362314
1241845176
41964538
1413859374
90427009
3095247658
1620952140
3355137141
344227968
17308489
37244785
262306917
35664966
2291629872
370531175
570090464
343377549
39977773
320455090
935344358
37039575
486923344
41469463
3686904803
386586964
17580230
22070342
133451927
21697315
67358777
159534011
25053299
66730149
41140546
22217793
16616220
35485316
20338094
28245295
159090710
620976374
818480720
333772709
979373929
44429065
2326064550
2396448674
120811192
2411512039
2482815792
38450042
278079962
221410667
852066582
334133504
76704495
1006957266
31604293
1225885723
778821961
85868440
79494638
848807424
2258226686
30445529
3665707156
21502807
64703428
1283766961
3242758916
2481105272
222812461
3640588040
2291802279
596646565
112508240
1223135803
16303106
316389142
9714312
785997738
1190847492
2317351705
474464413
1977537332
18922205
15199325
82007271
294728278
19816859
1132307143
45843794
186189089
17605855
38467759
2466162074
17414208
54429682
25373442
15110357
20562637
34713362
84663513
91478624
5988062
30248966
3108351
90889908
62922863
1877831
167509917
20455627
64500923
23486900
25828822
262835791
539665155
33621627
85332821
14140509
2909240899
291920328
2941365709
3063244003
3071539976
3122253241
26020842
2282368782
1531522224
372329236
124257788
191871768
140964213
51241574
15021918
15237481
16365305
390973130
44513878
67700991
101896529
27586772
12413032
22185381
119049214
183699302
1525490348
38518844
14073364
152862026
49686679
1724473160
1038719172
23692369
12518442
84677520
451339059
32685399
295904821
90938356
19002707
14749606
16243405
99152132
20249683
95742510
85366967
58612485
14385527
119958924
16071424
23361428
79011908
17843439
23989927
59010637
15220806
13265132
114476497
115911638
422023446
15147042
15742462
32293658
482300500
22806023
22578402
21102452
36049458
22504772
10401882
15682446
280613961
16622961
96505646
24515472
23145103
493294702
21156340
5692542
19244181
30723767
143849069
15636502
15894074
16250929
148529707
107481633
169216744
63829781
16787126
14465113
76639716
87968068
38507478
31193001
47356178
34600340
25140900
404232180
130134236
18376500
123565032
236227132
100818837
165900277
23389030
64945120
309568734
41334678
41389093
256170537
35415477
325687450
14589511
20027233
265003684
15933994
183665579
37302503
112479899
361036510
40884282
366266381
14345759
176843166
22882864
46038835
19253485
9499032
21827584
15743206
14500743
14427407
16419853
56434264
16800811
45690330
59166951
11342502
37003924
17870480
61530523
15940915
100804018
14514774
15094659
182005056
15594313
217508992
7458942
21553660
37564255
184488975
17280622
15663503
16194820
36750478
1652541
9893842
50393960
17899109
19918047
116022388
21951147
22830001
18230621
16679681
62417275
312428872
352730269
110473250
39328400
18681254
20067579
57988472
19048537
12447572
24689822
90961345
20691360
82867291
115097756
19164725
217076406
171996976
18991192
164691705
45619608
20182642
759251
22049097
226766323
15492359
14528874
157064188
23080058
17919269
185397767
112471133
21118985
16664681
807095
59507002
21892347
56448102
14800270
225019212
174793189
38478303
47366863
28119492
211978520
21246341
52844632
221068485
56764085
17232815
20437286
38500966
61206290
16045268
76518929
24440724
195760665
18904450
28584164
46570462
49693485
40171447
6827702
14327322
25450760
21219027
21318607
121537720
82963512
63820437
86199249
201882918
25163124
17627579
82179330
