14075928
14677919
16012783
19778050
3309753239
152886850
4140522073
16543775
4149281606
18622869
8936082
14824849
759251
15012486
15485441
2467791
51241574
5392522
33587536
755019
357606935
970207298
43910797
216776631
29442313
2999667956
15164565
16015741
29295002
2097571
5402612
3001542605
13159712
807095
17448965
8795772
113420831
39666777
476176736
428333
1339835893
195409453
3282828716
822006151
3290070855
419538326
59293302
113032969
2362195106
180463340
1337785291
2252642910
264348057
21302878
34394666
336445332
37050345
6039302
16160352
67649842
28133492
89084561
5695632
35880417
7212562
1536791610
22536055
1184187264
15842038
972651
2285701868
1447124390
862421569
146207159
19725644
366703658
74466400
885795212
185640378
303827856
15872295
2327860633
165215726
1510918164
16815644
556337193
16129920
9300262
356582705
46177695
30021018
7144422
635646175
344955115
55355654
177882435
16303106
939091
15667802
198133238
617825073
16017475
749047134
577407017
524396430
30333898
33572600
18215973
227456512
44194064
17840015
7120132
482338092
500169379
250769027
25939221
388411785
14506253
51197470
813286
49146834
30313925
120232348
19697415
21982720
17545909
235282770
6173842
15224867
14094741
50325797
63737212
15617668
23073320
41979284
75374394
26140145
27739510
15389230
15137295
