5402612
14677919
566140472
5695632
310389538
407961995
1008202542
244822143
14075928
3328580302
1290220981
284270017
1452173946
203738846
317310439
1495498748
93554724
62873247
31869934
36728196
39275966
391664131
345724697
32688098
468583731
47876022
930920850
163896580
21451001
386169383
42461126
720703826
1046421878
513322513
326252846
165285585
256804459
290812715
532427818
740370499
179202026
776756046
1005377000
603914149
185445243
563319044
179380852
429379029
602509859
255134665
288945757
377765089
386788466
171237780
77624316
40916985
159947705
483170382
39584324
712643060
299192073
377757968
349795293
359535603
262443555
170561243
592396733
292587433
370950751
406013430
260010984
21506437
25521487
227504826
308655927
300670435
369243518
166002143
35063997
368169473
259058865
450168827
38795094
381572385
562551041
10228272
231181448
345811633
636684995
184910040
180505807
