14677919
4118331492
19239880
15754281
2804949532
129644191
39590629
188188234
2717266556
187044118
2758948984
2325351036
481376138
84540004
74024808
156719729
980360677
135950388
81028461
115656730
35805725
39522911
222157159
2536074744
37930894
107400409
19777078
40342628
119403684
2965222149
1669114123
118545488
2256882072
33520195
1494658207
17752026
15074642
27760317
2305436532
28536689
624247564
75698464
20257409
437862388
28342530
40887351
2199962785
28273980
224337492
279854727
24898568
2717079542
3368574700
60795946
3234815901
193003734
84110051
44169953
39826188
259840707
216777909
70809242
236354374
106714016
123339012
300478475
184762182
34309035
24511456
256301932
37776045
165837728
339701013
188006067
408603875
191327482
205437050
297169759
179398386
54502344
126436384
39338168
39342378
69326018
198535390
3008879087
3636477556
239032855
618393991
3988438725
255300173
784656800
60704266
3242446763
3904435356
1327632199
2255457102
80759906
2577575515
3246752411
3402278739
3152040966
2233069927
3489823874
58501056
16664681
41644088
373979250
72371342
134647381
2532942559
2438173117
141333525
1953648950
1090315298
34714943
3121485732
47692657
31915193
161444631
150793437
453374754
50415313
20450814
20639470
17308157
50771399
267939430
8457092
80935591
10194682
17236093
14594980
130841549
18039763
30170185
14327878
619127545
97348240
274638526
54190529
351805014
287848403
362630527
156343950
34934429
43346123
14326090
15766070
88821769
133131936
271064798
75413521
63823019
57683238
816653
22330739
595822244
53606869
25053299
14236503
110982986
513159565
113425681
50687788
16706011
18994600
16146095
17675384
8632262
1128952327
1339835893
1330457336
17454086
9722452
182240195
6017542
64710909
21057785
2717886660
175461315
60865434
172097332
66505112
69470574
48440176
38665133
275220311
123580195
55573873
62557485
59922837
68855626
23133853
34171224
40713101
18297088
64563165
20432727
146367309
33804533
52458449
18088810
41847444
36751573
181780312
28407958
15230805
180474276
246018393
3067236245
1087218997
69064308
2885207987
50850883
50851703
14758257
2425151
21066857
7996082
4970411
17711659
500704345
10228272
525264466
395388847
31237480
157981564
32476415
46104914
3248785061
49762925
14159148
487118986
40133183
2249235943
142851028
26003862
2460294426
78682416
33535408
2871796583
199658149
354095556
2515983236
1201152774
153033613
26573303
75279848
339261594
180505807
19243885
22805034
38004863
11348282
83634722
17240425
97082874
308605432
31233633
105136087
11160692
8315402
41909879
28589824
17973861
91183040
36370970
17718003
13099302
22776989
133008925
16794066
14840606
74550489
38708779
126750296
78688550
301705809
68672895
538424420
80379478
10712662
73105769
48073442
17850880
82537780
16334137
19406393
106175018
82609596
14480138
35005785
64851983
377502269
39820179
27900594
334197404
27949730
1904822916
2776308111
1904777130
3015820642
29119692
55321415
6741632
63863896
83308524
57327256
13839372
102889489
49685585
20242549
51075078
41183523
75270377
44924110
31201557
31513669
17711232
24746057
63542310
54281707
36177171
54296879
58951368
71699343
50752334
90963197
8110402
90388204
129929008
17675497
31468484
68445350
36390281
39336282
31040862
78774644
133435134
171683042
76715426
23224461
32529120
20609518
48042754
14754376
64706049
42629261
15664281
17696000
76467759
246785189
66468933
31040205
9826022
25935666
66451963
160910872
8150682
54201645
1428966392
249404850
68341947
349081033
18374171
39931528
130561233
1454604001
399592819
174361486
31494764
20372050
610915762
207577470
15110357
2382519241
18949452
2655414728
57763444
964097857
2690245393
2734967824
2664172141
1678359175
2785646609
1523823530
74014934
102748740
14213711
522201237
185025252
94170264
136140018
200549081
25350560
25938617
76651032
70799317
80937256
21207962
29913589
14614833
456887351
1451773004
362051343
313537605
20998647
39519209
147708404
161789161
14306125
15587168
128372940
250526921
6449282
12101862
260907612
15299357
22536055
56377143
36843988
34713362
14584765
100292002
23654729
787909554
3199241
18080969
20032100
19230878
76117579
145675905
14620190
402717244
284567124
382650147
212017556
292436525
314743903
306585836
75384317
458693156
55055214
2466315161
330384477
126068283
20536157
27602146
249090575
17715048
14594698
166122734
76369002
14770715
20584172
158460464
2669410451
24744541
95919695
40095953
2467791
61843152
68313718
965741665
65473559
2097571
5402612
2884022608
237400389
95740548
54341363
16814640
82939864
89153011
81853685
2880932962
116519514
3021556996
145134405
14173315
28785486
15012486
105155795
14293310
26294335
15828014
759251
790680
47688615
214570761
15518054
142393421
185649929
14594813
9317502
173237205
129927156
246471130
64643056
32101740
168520768
50452226
18286139
1652541
742143
788524
87818409
4898091
5988062
621523
428333
807095
3108351
91478624
15492359
15808647
15249166
138814032
44005522
8802752
813286
131574396
53832123
74215006
82412766
131230929
65360150
54081363
353647664
56787223
153643154
281547867
16563253
219192111
81128862
61028957
173407188
137378612
35836422
78938482
54229606
37968025
62889696
48418036
34575282
102101549
69801967
176092749
17036898
237437291
16259106
30070288
69992052
106315709
72875264
191928596
115669046
65151248
36082429
62341575
148268206
53085742
15008449
14800270
15234407
5120691
50393960
23428392
72639047
55447438
72958556
20799928
68740823
18688500
67694743
136353305
46047076
118078684
123562548
133475566
15231287
14632156
72421754
19397785
783214
11650532
43196119
15249841
17618540
23514666
14997780
55032713
81215368
96612327
26598157
14717050
22873424
8183762
26493930
27650825
7540212
49964411
67282923
34996429
57212860
101589482
14091231
57004100
83018699
93855391
15952275
15525564
35804771
61343091
28282126
48191636
79335205
