1434251
14677919
2646550207
401488459
435225922
108568373
769398037
1408509804
365129008
2725825164
2473944786
44874400
1004436224
2508429080
141269460
2305288110
343627165
596190000
531524384
254189974
20015311
2186996695
337765315
770120310
493314348
1543176019
607029733
1349494664
1546214689
1092316459
1488203328
447810777
128854361
132123068
825091388
204832963
471287735
166767883
118739566
1625305710
153933937
632329648
89700550
46403451
72644483
344266660
50593330
265902729
14810827
79506333
346499404
156247074
713993413
21008866
20987043
19550464
17336372
