1665716990
15458694
8936082
51241574
14677919
2329066872
2927820096
272019676
2097571
3313732908
4109788692
2887714364
969300361
219754597
4139427553
1302017664
4053241940
1848894126
2881211600
2225859840
474479762
239051647
16815644
28785486
9300262
2347049341
2467791
17036898
390176029
581198013
3985289592
3020506522
3071563530
2262057978
2738938142
3332453952
465301712
2774129017
2634241944
2329573939
1493781000
1360280131
2178334844
599855982
2945732426
3013000176
197972000
3220567770
555152595
739117760
1872035868
2718617456
2802194413
2295062665
2937717558
2162071028
1719459212
205302299
55117855
2769133615
1782482738
1634112649
2464022778
41184329
1110469898
1689464786
2595386592
1972460862
66563880
488788107
2981012436
159225370
2813267076
19017237
913334064
3228573366
3296524634
3293787368
2377411058
1345433713
2330665686
719017303
2516080184
3289098416
1075688498
2361775730
1532043589
1959596815
2815085802
2810382834
3319460101
2996301692
2303770951
3340068024
596654941
3125581648
2279631913
2160186824
2713562552
2757041660
2956400594
1572137822
257977556
2852341618
2256586500
3319487755
1723606314
702147740
2938872901
2707350613
2357599370
2816115822
102162231
2378978227
2364729312
54594438
2937651104
801358561
1063371997
3186698749
725304512
2190744025
410492817
2556462172
1966044426
3312140071
558294303
2934211394
3073572286
19090871
351127535
2839228199
834316544
2279773176
321970500
1607265697
3232054991
30313925
843112550
2327359038
5695632
1904916446
14594844
185506731
1054345213
1681431577
1385526308
2553831288
14861004
60678524
2846100896
3114313702
1035913561
2281451294
2274989959
2717942358
2379219780
3287157709
1007564418
1517101794
2694520573
411171981
1609100226
3184644938
3109024245
2745470084
101798589
16312576
1183295713
2278347451
2148941265
2476416068
17525171
481349251
20106852
171360729
2860743422
127245578
1491028484
2910495019
2333768196
237548529
1528003842
290758912
3140895680
7563792
140070953
1536791610
893331902
2997834415
1479203894
2577288732
66339576
1961420294
1655991319
2577010862
586032653
1613265512
2781053568
2751079770
2295406284
2943466453
3246517004
1438162062
887163673
81164242
35773039
3188677522
3335760275
2838545457
765968310
2342861612
1902611179
17446621
1604903450
226690054
2866292504
2257258856
3245451978
306167303
2408008723
2912426774
2908403163
2786660319
26257166
2683854304
101928415
1706052576
2767293289
3047104110
16351833
178517231
314662792
3244149846
2852376794
3191655764
2278063284
3051536208
2267220931
706606430
586189030
747699043
522796559
1694837102
2940883485
3219765600
2722943364
2388122202
3229156207
3238997538
3184096869
2733167990
152778479
2446047506
1706169776
2326595491
3197746370
2365011403
2207546638
1701756180
145792497
1423984861
557455977
1584921954
149760844
42519612
254098644
2820458876
1593672980
2881224733
2277070441
155688803
2214737432
524657792
34310801
3191608596
2373826735
1573345322
257676776
2402436522
2532995169
881380386
207588053
19325609
3189154453
47786101
2592531470
1239900000
1558779882
3021538951
965273120
3089941363
3041555791
2799250475
3192642062
16012783
2856172724
2746725999
1069747176
2800318329
2754936553
3018096824
309307312
3245789391
325451111
1086830197
61003804
2267716740
1423623420
1625872592
2888750575
1105439888
2774752741
2296948422
2953220310
1954552470
2290277892
2190339438
2881006849
1590213798
2886865581
2261967668
1950240414
2800001988
3178517671
2756019384
2196562752
2149083832
2279836434
2512729147
2852344975
2863253135
2479452568
2755998282
759251
14293310
84165462
157140968
17565514
1642042506
2544265686
236699098
2750638759
620064341
2743363620
288304848
16541021
62513246
2926153639
356035473
1339835893
17919972
1901273544
240990050
54206230
2392179595
3035337061
3105805351
257597239
1371522661
2986410434
2742264290
16440762
3051596469
3060577716
1430799834
1023096199
166739404
3008260507
2469661928
31150944
2309030120
2616082020
2973203875
2843743087
2768689050
1204567627
1396161031
520013555
2967044632
454939382
2817305083
2671638690
2943423206
1099302192
489399736
2755797476
2861486800
2742405818
834876829
14399483
89084561
251873156
199110089
141341662
2906541139
1881444678
2858525911
2534532556
1422946818
598919816
109656563
770959452
1587678775
15651634
28603812
2820052111
2839388160
1069825291
411859932
623363195
2798294190
2169045654
2369366540
2760879479
2755622246
2741917617
2393707344
539343909
2469882835
2593591562
390860562
2316464970
2578922137
1214244974
612043406
567679429
1455485089
15846407
2332541197
539382986
23151437
1423345975
542965434
965348773
2605114354
2564479494
340693988
503884977
2381562804
537293483
1706533400
1107613844
2575720551
1508089776
257799442
2521270830
760928006
717122384
2457423654
461223110
554703160
63586621
476234589
772399849
415859364
2352728137
621373741
1035134684
16573941
2251026506
2165874474
2302350672
2302030076
2256941204
1194853357
1419822709
2314744200
2327599630
1040968376
161038224
625288779
1408824440
2273569327
2241444595
1643856133
2292133147
1678546016
2263396255
2209708862
370161663
1678949138
404916846
1316961930
27195114
1187647735
26565946
1411714243
803265817
233183631
434545375
989973914
1308829592
64019328
612009655
1869775525
593108432
126990459
16043308
213793065
312230865
1129822063
321445166
34395888
