1020058453
14677919
99183373
2494299318
5695632
571202103
1542533869
190365654
2411272644
64483335
26531880
2735591
15492359
17825445
9313022
17636894
1877772703
307527436
1603479656
9075022
28447903
207867550
221435385
429514916
341921712
82638581
114899080
112801997
20609518
14230524
134578155
92393934
62179330
39203045
5402612
742143
612473
759251
428333
33884545
32532614
23205844
73875538
30973
26787673
14165101
5988062
54223225
16953652
807095
119174866
33975694
26797063
35423350
19602540
8168562
62458967
43230335
19225816
41136167
93231037
92372939
91460726
36011737
89487370
24752443
69621647
60536634
34823266
55868916
75417523
33333991
43025945
43283371
33274868
41373386
73307867
27082142
25125874
38468799
40896045
48350152
64613704
60247575
43882582
55879183
36683228
32982466
47523145
27771885
41754040
55298905
54087632
74808216
