2337370080
1853783143
80474191
26053643
759251
428333
15485441
183529295
18294703
17380167
18436379
25589776
15577108
14301074
44510593
6017542
18652344
23543947
20645208
142104730
612473
19397785
20178445
19562228
27260086
19927627
25365536
49061402
86330674
90420314
23151437
14677919
586198217
17308994
427475002
48410093
807095
17544803
54730258
28785486
29730065
26585095
268414482
43192807
1367531
14230524
15693493
436266454
21447363
36782022
7744592
14075928
1434251
15846407
10228272
5402612
742143
15163466
