256596567
259379883
498166332
384330450
247723476
14529929
983655260
18227519
21619519
50325797
39294671
13524182
16244449
6730222
19651092
3313622383
168295477
15446531
376936946
573918122
16955870
108021761
2347049341
59486068
175634499
284278132
168691253
332637055
409194010
3182867041
97530284
3274191061
20800915
166597717
40533912
93529573
1645717729
205789121
379172971
104237736
69620713
7455352
299661515
28164923
14717197
1087194962
70498392
885149478
55355654
46227914
55561590
2445459474
16906530
48029066
19417492
112047805
47739450
40116885
18983793
69773058
3131048201
71627462
290851282
20150502
21918310
16129920
2177442220
45564482
3403314244
19546277
12133382
14062180
16955991
14677919
5392522
15164565
21323268
18639734
16012783
7517052
43919633
22055109
403855355
26487169
30313925
122226401
33186808
281610530
19400611
20707966
1631140573
68739089
27922928
178170937
818081647
7836182
197869772
458989076
22088714
53215424
42119682
49753604
20888115
15485461
26223938
14173032
1450167168
327071621
194346014
2439081054
245069853
403771434
3340687445
366254048
11856142
84312619
91882544
20646711
384163459
79254426
2902031256
380500399
3886750582
156651229
72426152
2883463365
2193607094
602321455
207617302
3896298147
37284991
34939208
16664681
28571999
8839632
15754281
15003446
15012486
145717740
14173315
60113926
18517404
2836421
16631172
21872308
14112296
17896874
383486561
1587669602
2186734153
56938863
232591949
277125802
604456932
843832364
2422770984
578026783
1375130095
2256488185
3730728988
963008875
877666716
1704926844
12912542
1229074621
78926478
2319965522
389263463
262363044
1911303422
1729770470
700286457
278570134
1906666825
38180018
32474210
36022903
45190383
20076659
156483272
252032226
316017351
160245250
1020857448
316251733
15256077
486358649
73404948
19794115
2208170407
2397606097
15438913
102707504
17980523
6107422
47253057
628638850
933693476
14138785
16343974
634598384
2237237556
2695810070
788524
16973333
87416722
87818409
7587032
821923680
612473
2097571
2865078826
2884771
742143
1652541
51241574
14293310
4898091
1754641
18949452
32359921
11014272
3407890707
16334857
24799500
17636894
8683242
9313022
15446126
19038849
19619047
41337901
16336998
8223872
15135958
21661279
38833642
17623957
20685061
2998771683
353701419
280716675
278691695
158865339
19407053
16896485
2735591
14800270
203652149
36843988
15492359
1146597823
429297453
1480642962
242618658
15210031
258819961
455366870
264671180
36226441
23344188
338330795
246823608
1177632823
459447657
2272207286
36452050
371465104
18646108
223970563
18481050
1105089212
31047924
334053327
14839147
25101996
28628850
14335880
27311044
182824991
19268706
25254134
3432935417
163648850
262913379
60680268
15976697
48459553
179245596
17995040
7702542
24295482
54306830
195271137
18560146
76438819
18294521
108807556
1432029667
72907355
282695161
170025854
377714371
16710420
45450902
15300388
40099128
2188423838
50836292
247857712
47678782
96442308
70987052
168715580
778885008
5402612
6017542
8524892
82142636
246585278
23484039
38053161
97334517
24227424
21232827
326745108
250758475
714051110
18034541
160625399
264370502
1064700308
375980238
455824771
43111757
430841130
144876165
210862918
49663664
56121651
244969675
252877176
243801041
348772885
197478610
2427647809
255996385
2371952437
609372856
35404934
24828532
43698856
3274347372
821618390
254207829
2244340904
27588709
731223740
74594552
15830701
289556231
2609762756
26574283
37019708
182366731
29280295
1426548096
270453567
34681960
35002876
25709609
595184823
80859044
227065692
147409568
61292961
39879120
37718217
60622883
222164515
103087049
40982362
384445331
898301664
352947624
26819104
24410456
389551062
486840302
18719020
24443284
851544830
18378349
222177693
14669951
19988458
30043148
24578794
21778391
14802885
473385747
162114552
93913891
28445389
354948782
282245814
455309376
1347071545
300338214
14115408
19337489
39853973
114782468
39264827
14945561
263197731
234905402
1483347860
34280332
1356209365
395393105
157913933
3317470338
1705865744
90905549
2707765460
759251
5988062
3108351
28140646
67358777
25053299
91478624
20562637
15110357
34713362
624413
3440693962
30818980
2252839610
44060322
14886375
84402174
1345822466
529371487
131150573
475116120
525237364
37391190
33495086
35120520
112874216
2426574114
29748372
96682182
2607477037
366819502
72442349
2413104151
448461258
52123263
3426014292
1656845317
1551826970
5561412
241583523
5357812
312653402
733751245
18891923
17841130
18916432
184726370
50055701
1241635501
58379000
213795411
16595597
33750798
7520262
43475268
18906561
17078632
44196397
15416505
2334614718
1338047336
113047940
1217108497
19717430
2893191361
15745368
71295439
2746667072
313714566
23022687
2259383122
1074480192
111388892
13131362
2179895676
237403203
1490281285
41634520
274233761
196168350
222954248
1928213371
50769180
49709066
41012588
1228537610
632341632
906797108
17573691
38495835
17454769
33567692
10774652
457984599
547969112
554335063
2845849081
469194846
37555599
462104542
22456513
999453985
78523300
28918971
3022045469
264268489
792660210
33611715
954124423
2167674121
16992416
422596571
1379288282
829735580
156585627
1065869268
327289094
612076511
156803045
16409781
19795404
20180686
947843994
75691804
176758431
713661673
251164136
360489166
2636172032
723884990
208083510
164194743
176803724
14353905
502067536
176745226
16366471
15450996
9508922
10168082
492833134
14730894
254732884
261749735
86177206
2207780696
585373512
73657657
101264587
475811383
2616520477
329323059
884935388
19601111
715044396
27762318
95699292
2552639978
351361539
955733059
393190233
21457289
121656624
940368062
19312845
238099363
2173016900
972909709
1618641848
129235890
26900055
1157784678
9460682
177584156
732980827
885733974
62815642
12273252
16913772
347627434
546170165
16930986
17000457
120181792
218022222
89517005
16334724
26541422
16566551
297174372
137365854
605805760
14208474
24741685
22209176
2803191
16425197
10228272
74286565
24727891
15670515
1931179794
218620803
93711247
56505125
33838201
50090898
13311832
14113411
25412522
14597808
91220126
4918121
486139568
22046611
922011
51263711
172023851
90717768
858051
3080761
60150406
6527972
2295371424
17476350
15651700
1059801
61743163
15927336
904810278
31720614
52354784
75354209
17960461
20147730
1308512629
18208219
47247213
31484145
23941720
20277810
19019298
26759915
14442905
59739644
18091025
18090786
35789155
13171622
50753411
18294275
18294197
236953420
44438256
102754598
1689434408
102094857
112872946
545618159
168679374
102527566
15463671
41458395
416311594
237591901
259395895
59853587
2409330439
81157050
145313421
193838214
201891203
18120133
775319148
18856867
262144590
443918542
22522178
586734515
190092133
49620233
51912109
100592354
386616537
514835972
102819479
31546412
90420314
138404716
133483902
23390520
15971805
15079601
39085071
34837057
65681636
15130891
17549691
19739279
52166809
475524030
60642052
1499852552
61342056
397230151
160983113
38679388
275686563
18326925
14276189
14372486
20536157
15281391
2890961
972651
44401911
208155240
816653
119372054
1344951
227070376
553036368
121140184
20402945
140912249
14216123
1534167900
93295809
56562803
106498703
404422077
14292717
18927441
271211220
306850457
16732770
326315947
20273398
80700514
61355746
29442313
216776631
783214
12
117719204
39571880
27254413
268066769
378759546
3004231
315878798
101395252
30501800
21279311
14232092
2308826019
2348036946
312430851
1878224665
522704485
383329505
2808415566
3267541916
36613841
3187774268
1514696312
1357859378
48327725
116554969
3475690522
108378330
1094055133
372524211
288517650
230608846
2487597752
44791231
49020351
143923554
186466081
21548510
20279864
57632487
328756267
2950855103
346560733
463081342
130876859
567748916
280215147
256387790
3459412169
557418568
55514310
795680557
3011269928
37479771
2677667413
2849324953
3004208904
760212361
177896122
3374126201
195988950
201145649
86374941
338698729
311138261
2707178707
42556726
3313604630
3235879474
302278374
65190247
2709465584
50705139
322207182
284822375
544814345
180834272
160254476
3728361020
447780019
57136442
129479804
3248039178
3482483008
622439768
351244138
1287051902
89793222
3309087654
371325876
1052195594
348796164
61120762
34061590
1979557675
249748832
3403021065
706333
2934208988
18793488
3606211332
428043230
349735833
135616590
3637501470
372338962
18738354
475289378
50697813
21634592
2243124794
419213124
3090281978
79663990
2575255608
596496434
232473876
39557871
2697066355
367878165
868221438
2791790095
735964765
147970507
3792186622
58303569
20666150
166999015
27100870
3557817917
1631553252
782632916
2235527687
2817313893
1687581678
169274720
93073696
396967117
3278507210
599315120
2783801293
90938087
29259675
431673974
388545216
165815041
40818608
1015062552
110920065
991268454
599617536
1360489802
2570123624
3182695022
196953248
3032369179
3457037772
1281389118
19682173
3656021658
1546871624
17049277
2850364691
20295146
351100543
2298515646
3047452899
34320581
3061912112
238828908
3225144023
216492804
956217427
1671856333
111155942
369680216
3334074620
423770706
23426523
1011480529
3589605257
1115372323
312119952
310463188
369583954
156132825
42519612
2765982797
109764514
2333742097
29480656
3273030302
113210692
116063922
210223625
146527747
1091788476
252176498
582372793
7732202
413021355
252791255
3241753519
57864544
2612297671
2292907644
437895367
3022816340
1137769309
66911641
2230020654
89821315
2433832424
3231681394
53789249
521790475
1325509946
1206826062
3030604815
903808441
629724728
3004526994
3146692099
1370804143
269434402
1301230057
2885575073
3448781182
36420202
41117012
567827463
923393886
3412683640
3271857397
25867668
3316678242
210496726
315124926
84582705
173239881
338825436
3256112990
486266081
256617610
1099124762
3304887829
27871175
3104450712
270060539
413784704
3310536223
61639831
1966973570
406831820
313013278
1021172252
2699375833
3079056296
2261971872
516898987
1161836964
2305407200
168524747
528921736
501344334
57790891
14804094
161766988
70215596
236980012
125568698
3146199807
10828092
921387332
48463227
236194210
330434951
64099761
335769857
26861068
2495567768
51970710
256633975
3279507696
20400078
2213271234
94638663
115018440
1118742450
451708180
7913532
66896012
33977442
461286509
1268681940
64483439
1475858786
1964912004
61546033
38208768
2892034192
2943845752
241235857
322805768
1268436685
501394735
154608141
2372947320
131328613
930793291
1661154601
25881194
2793775634
1880658570
381839601
57091155
21377384
88483180
223571410
2862857896
15086971
1708624236
3164458362
816373508
61550582
65947064
175051297
3046942851
2911365129
512011935
3396326476
15824708
357786973
541385453
2360120413
3296340366
147535625
1682589438
34830725
2219996760
1307544762
3074109890
1453321362
278658252
1370255653
212590558
266211804
30454183
585231438
496588662
18165661
161382247
34880656
250365143
2973469067
109211677
444937583
2712255159
3011168861
531298048
318068129
3035464687
26147214
2342417318
733533786
442472865
98335186
3185399719
233666407
43553858
98406716
30428394
38508292
483342931
1617072302
69703340
3217508453
28487761
34611037
2977684228
78920860
50461704
2908293891
14823265
73163090
366651723
59427497
2305904468
38293219
7548472
1229794940
88340948
3232838066
566810805
592367840
525421704
158618080
180229392
24243073
1494335946
2415243919
1869983083
493653532
214099261
976640628
1938578233
22114062
15949983
2783089332
3402230933
1184133482
3630736590
902786358
185837614
276934640
117711185
313161768
2207977304
3166564439
3447397341
2910795273
60465954
1355576964
2194571515
213787415
28811203
122000945
270112367
22828149
3558102739
291327319
2913722920
16145808
3284618485
3279444806
3424476088
2206590499
3130090127
307164982
3183347786
406035351
466455213
3174127245
98156850
15291309
39365678
179591878
855810870
392750199
40624305
3370385931
141942792
2307527743
2789787102
296792712
1170230138
3320884585
274259116
2544151596
2433468239
16051471
2467791
2916305152
468583731
71294756
6629912
46110962
163864230
18391846
19874292
14511951
1536791610
178148839
18198400
91033239
141083361
142157505
21802660
26823392
42300167
18803554
16029780
20604674
39822897
18208354
39706174
428333
353425916
69200889
247623489
16303106
1330457336
2835276183
32002507
39275966
16228398
110445334
41896109
18251618
27459374
14075928
1596541134
24781829
59522488
523632806
102135528
15224867
48100887
55117855
19725644
65493023
25073877
11348282
37710752
394254612
2800892557
50393960
10926202
15143478
2243428620
2243384155
63485337
65195961
1589486384
163981466
23428171
25925522
31590077
69343575
20940614
38316003
20029472
410089108
1092285990
28349128
14824849
233603286
96821645
604352242
257013116
47285504
117040383
232400153
76987599
23946892
571812244
921198691
67483542
490039192
44706253
329746058
807095
30948732
14063426
32717570
32453930
16826656
18393773
28562317
246481013
28706024
813286
500042487
19697415
455288410
