14677919
259725229
14075928
32717799
19609379
26254883
52517480
32009466
115730820
94075547
523346634
45084262
16581795
19407053
13783772
15905103
3059981268
887780264
16228398
116807864
19668592
3882727697
2678444202
835736599
44380735
4519121
2916305152
32359921
48750575
16305370
16615190
16303106
500042487
123655290
29442313
316389142
216776631
103619317
1373810180
26664274
32306015
2902914131
463011876
3366105303
55307193
3224549916
36240413
45935344
3249993494
44066353
1511110134
292577345
5988062
574770049
192359870
291587685
104201057
24919888
14293310
5943622
3307218826
338129026
89447929
18164420
43166813
2398230265
422433154
312420308
3219747200
73147282
1536791610
224070880
216051071
1601997926
118436378
247985536
3181072649
1340940282
76714586
325852608
161801527
23027237
30364057
6480682
78194111
139162440
726841088
44196397
46335511
15222806
2235643358
17469289
810424
20962674
16145875
130238521
2496850404
3094026223
1448438066
3076985520
546450438
30591733
36004754
158184001
16403943
368541644
3009498314
18253799
2988197866
145415253
159144775
36215289
2468405476
339398117
2430317070
121504426
15308272
2824959836
2922233660
452723158
95148167
1955221016
1680758701
719138653
2901937743
559313958
574711932
164506872
344216204
29710508
819800
8161232
73178535
132961448
20150502
27010483
50393960
119788592
1926911660
1132994426
393734482
208442526
31311757
4620451
237965441
15473958
247300203
1650916729
446594210
807095
28164923
16334857
289558397
283583062
567675439
21073108
372326456
1593970471
289871471
29089119
229139732
2592409392
2155843780
14885549
91478624
2511477648
3108351
151106990
85633543
7563792
2403368770
2448099108
2246186893
2541833306
131682692
14514804
1894808269
235013063
445223693
971345324
1606681286
52466789
464291857
25330246
174923374
19103481
1180896955
2230201848
47786101
2437160899
190390524
1353100782
102018600
1597117070
369054463
547321396
196474263
50191150
2165620221
1344951
313057571
61579489
189640708
469982584
987199014
15723732
20536157
2250944018
316123695
446572989
259890549
857333774
595012780
2196654648
232062748
1240251
710061973
306025835
30065770
15485441
25725698
6539592
115485051
12133382
287413569
14133970
436839363
428333
132642474
346459711
1337272446
1887918558
335690666
34701524
836385504
44182242
20279424
244714706
245545259
114818983
161179747
369505837
14091091
46968377
564686965
95023423
436204760
19426551
563067533
1482904093
17560096
291524003
36771809
118598851
22940854
14342564
21313727
109041907
18985027
18783501
31164229
18695134
145331696
61322812
35778956
19318231
23733373
14429414
23670204
39635217
34104616
16618332
23559586
12449542
13213122
1373486120
1362730236
19089165
197298330
829216171
34820442
1064042478
619562929
1376160025
563909903
19725644
50811932
21514559
211672384
79555373
14179819
11877492
19307639
260907612
29799118
115710058
138534338
555928038
15492359
930625267
148868319
187015786
617862456
384567319
38536306
389038362
423084045
613226851
138134695
37178088
211459685
818218555
158144077
44017345
169410860
90484508
18136692
17853760
813286
1715051
37710752
196917975
1769551
38289217
14800270
431756082
15693493
19697415
158414847
24277551
454343140
7212562
65414320
68195522
36550247
21688658
18948541
18255387
256068067
21544806
62581962
20609518
343712129
277161300
26077191
39288259
59889953
19789294
36686415
18055751
25521487
1652541
2092231
62947082
20416406
25718169
28256108
