14677919
357606935
2349198408
137396575
2467791
598728894
22642756
90420314
17994509
1899081331
92081091
102788450
40288957
3154797725
95488665
1081032308
256553901
16334139
95431448
29473210
1244130846
30972306
17994112
70858251
53496184
43784187
490936482
1950770502
18785334
30925378
498156048
25388180
16213634
285193416
6604072
49832133
14192680
35773039
115861974
17836544
87493961
44479984
58576947
87518961
27181156
287284981
411447701
930291751
27179932
85232092
233593103
1862866050
454456450
426974872
151919177
522544405
84623056
84108620
28538089
174381739
61780533
165543626
18091004
138372303
265902729
343627165
69096612
627673190
15846407
53732896
39367703
19357429
87075439
14790966
21193261
22207520
22336161
54275319
20697303
113414972
223993479
29314534
268368832
100308854
61597483
18479513
16672159
20950232
20899023
31504542
125762072
4207961
1286312880
91180720
18587457
259375460
56798334
65067637
36966686
41156772
521878418
39389304
42562652
395690150
21436663
38663826
352567528
807095
28355356
3983511
