24682806
17230113
974791759
16334085
15560223
41258937
19795404
407886710
356898981
15856164
238297075
18775665
17164327
112243365
112242274
166181690
67693464
13213122
14075928
14677919
818041171
413980447
14229262
135242940
17881732
289998339
18999708
194137231
91539653
26574283
2467791
15012486
14173315
28785486
73147282
7905122
201724739
95438524
18794930
10876852
15033673
2273122932
91386571
485182129
2999689781
2999804950
2999672518
182422417
275686563
2174110039
2226739236
164665633
766535269
121158213
76987599
259925559
1337785291
14836197
402958517
11856342
16877611
890891
590316679
28370738
28206390
19368770
358478540
280716675
19407053
211891109
226348151
13058772
2735591
20071211
18028630
43154097
567554897
3181202818
15518965
194439261
29463928
62894963
119106683
47650483
28133800
23101207
3819701
563927881
15895180
40063894
129845242
188565420
569484334
30818980
84402174
21328656
66115438
41192167
978908012
41830628
43129645
14717050
15492359
54791458
19678937
308556440
15361389
43885373
14801539
28173550
27961547
15020865
20006987
19618527
20264905
16651754
40878677
29264626
17374906
29460627
29304837
23783692
26577824
14498484
19673276
22536395
238316099
6472832
127134300
188411429
1104327972
122115475
15905103
88957777
1183232918
16439117
17033995
91478624
67358777
205789121
15209862
106498703
28186908
44060322
2670321
14326090
15692087
915119508
1947832884
1954190564
21849816
10668202
27487343
19923144
19790872
17520616
46443983
102120497
2837841
28339798
18994600
390206283
25360971
28164923
404422077
4898501
11856142
106438545
296185379
95176766
589491474
19426551
19013887
16407418
18773470
50004938
24700876
265902729
21781349
55594930
22976125
16826656
19835035
44166798
73406718
33583496
1948661185
22078711
16334857
32002507
512183754
621583
60642052
18999683
1754641
16896485
25053299
29256864
18164662
14293310
16746076
16012783
28175577
32359921
621523
27073265
21778391
16788222
1632625794
205183966
296868734
2513993731
1511455333
331688662
470451179
167446005
51033036
52818366
2278237371
361625684
48748777
17093604
196367419
18871873
207773069
382267114
34857406
15231287
717313
15426758
18316059
17003765
50090898
138372303
1293122996
26143748
26003862
48062810
35761403
245418986
25531732
39263697
8963722
1958752610
579485880
275186369
9000412
112025987
989255221
43165750
2557521
26257166
369648215
21660529
21110465
21110635
158414847
18949452
23059499
15296897
201296379
28172926
37104970
917325176
83315180
3759441
3847371
16887507
14208474
190587612
5988062
15008936
16303106
16193528
73178535
596473345
22648737
8510242
1652541
15485441
14216661
2884771
18863815
19038934
24000965
16034244
66694922
15515420
222554496
469596034
1114542486
575594012
19071682
116559622
20998647
517782144
102456961
194150526
12848262
203123011
543100586
14660565
1676078360
19761445
772368
119782567
13896552
19248109
196599991
102448827
19230601
153403071
15256225
293693355
14434070
20562637
15568127
14372486
6017542
8736882
95463729
167547258
104029003
36916922
321091056
15314816
19546277
73236032
2890961
2893971
30261067
28140646
44669326
6730222
28568222
109350515
20449296
43351262
299798272
17455910
26765788
122418054
25561260
48752324
4532891
182623903
26584441
12993222
19636948
27947088
11857072
16664681
5402612
15110357
742143
116502194
428333
51241574
7684882
18567018
119788592
19778187
14062180
9245812
23484039
113425681
362051343
15764136
10221272
2097571
14882900
14216681
54904679
592234582
14514804
17426969
21832608
347549723
326250156
19643448
22836731
177590814
366154376
55015842
6486602
249604018
549683500
114853664
110321195
469411277
260380326
22568416
18638090
255160048
817386
19661363
16950711
14800270
15808647
783214
42703075
14180249
1344951
15670515
20542450
102481836
72928001
8841372
18981482
248389598
18965790
25375962
19252599
278874331
15955754
819800
19689050
2836421
18220249
41605985
65727873
13558962
17826999
34762845
104237736
11014272
7712452
14886375
5746402
34713362
24727891
4898091
31192906
12615582
6433472
19000033
106470258
20536157
14885549
38218058
3108351
69317400
11106282
15884517
6038642
18726883
86354712
14580438
22873424
72547437
816653
972651
14511951
807095
7309052
75970385
9979012
17622474
15858658
80156481
111053011
14705603
47960191
9192432
20402945
22825992
624413
82877036
92804182
27015752
18131006
22684343
16184358
759251
35815963
55077350
91852132
