7717612
266166985
168857946
60642052
27814665
24775410
185808487
113130846
541042800
44196397
24744541
21649774
397361111
810424
20962674
46479088
22155975
218948414
163810501
18363030
58837642
17659626
14942950
14337915
42436219
36184220
1774391
49736166
17219108
45564482
26308335
19212009
25365536
1754641
28140646
67358777
32359921
759251
2467791
51241574
25053299
91478624
18949452
4898091
5988062
16581604
1339835893
9624742
14700316
14159148
30313925
1536791610
39129989
148496087
18676177
21324258
15588657
14677919
41476705
23605284
71256932
5225991
15057943
19923638
16211434
88262815
285282053
15279429
23993734
12804422
24737795
19397785
18806753
154584937
1344951
19415445
104571475
151544201
35459922
30278532
17230018
21769127
17043428
23518723
25170188
1775731
96824115
17057271
17461964
23740932
20562637
6480682
278072240
289420613
19877186
27778893
16929600
15492359
77527412
20032100
20214495
77740842
726976746
27848112
300423699
149180925
2319108198
28583197
972651
816653
2735591
67609370
19784831
169686021
79293791
14293310
35002876
69620713
34713362
15485441
318531174
17919972
55117855
166739404
562381032
31080039
50292966
228379737
141598384
292250240
32469566
21401466
15933910
16929349
1879831
14791162
14222518
19546942
352093320
22502595
563907943
735412513
779830
60294969
16402507
17900402
17005782
23875941
28726228
16945578
63888769
35664799
9917652
14089195
17801340
14109613
14511951
8936082
