115477344
3022160326
1137271452
2830626302
28012345
2959497429
30364057
2587615405
2858236397
158414847
16303106
21305757
15651878
55533591
2376770509
1237643778
41265813
34738598
387219754
14920785
23970102
75266034
190905427
17454769
10774652
15976697
86177206
18646108
223970563
41634520
14730894
12804862
54373890
1332863874
29216764
17642330
389230624
15503210
18122925
20837035
14481502
102819771
68426875
217232813
2485766659
2865598780
1151583152
1920343040
68283652
2950533670
1854621546
1898578069
2573121744
1501534411
466954526
40116947
1942726328
514443850
364030350
2523685351
74772410
333674761
519674398
1360032649
310581115
2220108769
1315497385
115076119
2196028171
2747350736
2420616116
2826551973
63497692
15782399
19172773
14091202
1499655631
58875860
2194406692
2985886989
1071629592
3281870771
378930505
600005038
14677919
23467152
83665853
32213158
845743333
27683639
281185971
2233154425
18964696
1004339473
45334837
1617930092
27921424
27036323
137998007
383530188
2248210368
387142550
2506022000
14764107
21669810
1710012366
234420703
310658479
133365015
961587511
82232418
466981780
991570909
431269382
165151224
15575092
38572124
19083561
