19082313
20179628
32422915
16228479
14677919
2929740753
1605796945
764113316
2894826527
158426909
23259281
17006157
16129526
409542124
26930168
24800432
14515799
845970984
22770131
1020651097
17372204
55334133
475286355
25146372
33480171
428333
2183407459
409006796
472457552
24716704
226024110
85955407
101839237
35565556
2617322935
976549099
18507316
137494634
477074543
349389652
115992746
308592599
195209519
2243359220
2204295354
17451055
16116713
34682633
40891771
1211852089
14496886
325830217
15584149
68449573
23501022
90959399
19735580
567523972
36362259
259375460
226320142
88763317
15220768
500704345
64282421
22642788
783214
173373241
318518392
19408552
27602545
298537728
20710809
42389136
43638469
126062842
14074515
15778911
39298589
164412502
36743910
13393052
146099195
14700316
14226882
19608297
252634665
58503762
221135570
59031230
41405412
16245825
16673982
91180720
18686907
69193833
21844854
546135718
633980404
16017475
18622869
148529707
14962779
48802204
453319164
18587457
50325797
5741722
20245775
2467791
5392522
807095
759251
939091
813286
87037825
76901771
40918816
58785008
