14677919
2612311915
19050314
879161563
600029236
2948102601
17047208
15154811
28370071
188007231
3319244760
303598509
344884261
14645160
273678873
25319770
2304034704
334216731
24908105
1477312464
147295417
14762341
562495967
24791743
56050543
987849932
2590242073
1635213618
2882277423
2901901436
514727834
980046830
1851668641
1565839604
297719472
113653403
1529905135
2653695734
1349576220
27046750
17258849
14897792
342764968
1339835893
198337759
112536878
1105012994
2910350817
309909647
1266281
15066876
851711263
7931022
175691292
14294699
21410687
21581503
3089445663
2825227164
69331791
284944250
578082150
2782211491
123977178
348228838
2564057876
3040224538
2745596272
2253816445
104786280
1522181906
70725281
193483797
2817228170
2265032756
2773841060
238507280
16034244
14747551
1344951
742143
27596259
16629477
19843630
26710373
475260339
28405485
34030502
36722950
12819112
25950355
621543
14499829
208120290
146569971
242758695
35934245
1635778098
543728251
17136009
756914910
2459609448
2243103480
1880558749
1375918266
2729061
1098569960
27002573
54795290
18539266
19697415
2873496389
596904346
208442526
2279253295
15363133
2826832092
1531734655
17881732
78645110
16188864
2303351288
700521902
272621312
533414140
76143897
2790023408
2268035068
15919934
7081402
2361354199
2228584802
2717694091
127339200
417455992
2329396697
1584380228
538342587
2645798760
280354655
17879144
2435789185
1970941441
15521075
1891806212
40464134
413218333
11177602
35681219
26396117
18065266
230565769
270365431
191058797
20649686
114857580
556986491
261515114
65293006
118952409
18700629
324978824
19658826
32372834
14647570
15411998
315545532
1855402111
714653856
1711286204
198832264
15237935
422743098
15485441
1347713256
296977242
64705947
871686942
237670274
18223968
14085070
356324811
396221712
23255247
16929085
42697488
890067620
10228272
15484063
933383132
79489732
49658746
15492359
1152279248
27754737
100573148
309929629
17471979
65134016
15862891
204832963
21166399
23813710
179732982
425790025
619891923
272167513
783355538
15134240
76332033
27412566
20769532
19767193
6433472
316439280
16827492
104173962
254371948
96135162
19462877
324067266
98685863
94799938
17158780
