1962726644
274963373
3935320893
4017377728
37941284
2342506441
3187043027
886872506
2740638388
178390148
117055276
2282522406
1081921999
600232428
294010528
232926660
29620795
497748661
443279472
155772860
30278532
77184664
11487032
53486744
63734362
21781227
86411990
19864215
241179240
57363641
169068424
18016898
57872085
52664469
16887774
297628194
194093776
21313105
51058347
273460647
21298320
24407244
311966272
172485263
972651
341442075
253577097
14603651
21201280
102975807
494865364
58873419
19394186
18426337
92743985
42809524
104866497
156778125
244173750
18940709
92566083
29203708
389201592
18982572
22009731
14677919
16890374
20560267
75060487
205251508
35759968
558927457
365981068
151544201
298129522
342815951
340344886
323192537
236352824
219121918
243606282
34358706
39270053
373851497
115945528
21597886
36954810
72043564
583083028
515740827
38142380
273861147
151876540
55611314
180378905
193757081
292226934
58309438
45428128
24866239
15632759
600283235
31714853
256781583
8223872
76289737
439108599
199353722
565632899
23992398
765686258
344248372
78576858
540031591
22794226
20139356
53401310
19389989
364338344
47587162
224156640
510263933
40207750
92762098
441280684
592818745
20324400
64418855
55254593
154544068
1296073424
28756198
90671758
102648910
505749318
557958621
24872613
584054653
233579961
356061058
877969950
235607699
265415259
333299760
65602388
143021198
240616291
366715217
1979103811
1586872692
1910666906
44354476
34580221
53092622
39978318
47917870
128157442
15944949
131303630
74419552
2445485280
139043340
767480910
43669056
17105440
104905769
39994652
21114267
16881775
2306754373
26793734
222429683
1106125243
2930455691
17717927
899756972
3096453603
376844844
3157738390
232899296
503497923
239414778
184863722
84028943
198195856
23363716
1960693316
33900164
3346448488
46516990
172910215
221491716
61298915
9222382
615003763
932677950
1336953829
2549564730
9240282
29789628
569678019
3110207338
126679458
3880685333
2429427672
268242325
2493984432
91676508
442707102
277044093
2430302442
143783990
70642895
2990354998
1939733845
44408594
602650664
325689691
293062485
81157001
26963816
1871517337
1376770896
215351975
138429340
42964523
85788501
188779668
431856649
1615761673
21050692
1673389267
3110548017
2849847891
2833604752
2609797050
22754702
164289197
1073312688
179572940
234117127
365683901
2305329174
42027725
970664210
3994226482
2639442205
2953999080
337327082
23254703
2205163769
419146155
592689005
156006523
112816225
3342732946
1216736642
23657941
235661754
436950361
4033834469
2591206742
193058158
356899008
3598142301
3300659536
18082946
2556377551
77869609
201649319
124107218
259875592
338998497
53182779
216044573
31092447
31892440
112856192
93266739
148386845
108390812
54203238
806133
33902652
2872952055
33387266
30991309
3806713215
103845964
2677143114
60877268
3290690447
20267507
260722061
13599812
3619681462
77026870
191510990
889653918
83708073
2337230912
3047230558
3318977177
132162114
232950160
398103942
2518523250
69013630
7152302
21591378
627051470
2679318481
328652057
1043488980
334732261
2707465177
163883734
1675632314
15466959
27627313
73869046
2659851390
86125733
454914724
164430860
49687503
1106717064
3131388136
416437447
14055192
40236442
28156339
2651676925
3302130207
234863507
882096644
14362168
41542389
320382019
20258334
247000322
351149475
1960879800
1714630165
34428945
3205303750
20377132
2894632995
41092202
3402983211
86981073
268764694
227709514
408827293
588980590
2288837457
2279303100
3189966597
233268736
335787003
300761808
272601404
451781230
217413827
951985735
2895807483
39111569
122478265
552200326
153374101
16306690
12484512
279044438
14266714
20797776
250233232
437367134
188061210
1446322814
3318986296
2304810559
2656366105
1580632548
26380884
20780902
21753919
21759979
21291593
1251564200
3014047527
809415799
3375522017
35749264
526667729
1413744618
2329249238
24001959
2166637884
785306598
24885558
63996157
435082000
218513759
269141528
1695887486
25100168
355543154
397934128
2919315095
20596923
2480377321
2492998671
2458076396
1379116945
2706771180
593085977
1694775085
22014953
189192946
22646133
1020930595
22653968
1231118479
25951388
130727459
2490372907
620001654
16344001
579936431
156385432
1145136692
69072247
2570008111
7121092
2883867971
1910765132
424272003
330205850
2801509962
1328844530
3329655047
262867108
53495291
423590219
20962674
807095
21295141
43546870
201918601
25053299
91478624
166220696
17789443
576234617
843527138
1921349611
304046219
607130526
632137143
38019644
2699083268
2195911710
143790621
552916021
90655590
317134426
2485965433
2690903982
1495702700
2174244426
26240624
552317739
3172780685
468592388
229408746
1379384750
216878506
475879267
143904242
28098114
342744440
143073186
2471059188
20262053
14784903
146207159
343402908
822819590
29186876
608869901
1204668445
37433838
90631588
1939429280
431754906
123520779
71265476
314865149
1586332512
313996165
890553720
74462230
280468305
791379685
2226435744
519822149
18129528
25170188
16402507
1500696168
236331645
1660818439
806416622
76611971
28134631
16174462
18508090
15374825
908354634
18540309
363782146
2424383191
330337739
920961072
3032704301
39536311
2775913575
37718321
20260603
219865330
487049965
336719772
362504960
480468322
17217932
113395810
2288600306
355707962
2490153955
20765116
329010018
2238879541
522250263
52123717
364230999
190049989
157969368
22242699
26795595
2832409853
34929667
23962305
198320960
111040216
17765323
31469906
1070826829
183626904
2459422584
155963812
602648299
964963458
1012708176
926896596
868834754
2203297357
247289875
1851880958
212663982
36720161
2383531069
366108799
2593018478
40879210
2733099566
43435719
2335685082
65716459
84072197
39737501
56366792
15280868
103596932
24912909
22125341
54571974
20164334
179424302
1313212969
32526259
113737955
2747202745
109875645
465972025
50271647
29989612
380859598
483195215
25963481
22906929
485293164
270599793
187489821
438284286
2591258569
341994265
82088944
25484683
2639067228
24745863
2586411746
177568113
1112140406
50845458
163094896
596262629
193683739
223969953
1100600947
266161171
2825987490
508952140
356730510
2800533331
46065109
2463127922
280927555
2654090628
16996353
19501941
1337647801
212209552
75118081
79834662
2736703086
51118754
729135871
2654033088
2608360813
12397052
140381556
404794649
29470622
2246770101
2572166315
386048065
349138839
2490218508
2388820153
147013919
256520549
220019336
1039091540
2190512829
2440212680
717860977
955918934
626429690
2301089911
142367613
2213998464
132177036
438294555
233926958
296225736
341974321
902518586
19585201
1106739038
443574307
1119340897
590005648
828739668
558953824
235188987
455027155
18840135
148664824
383989920
39068650
22481547
23011444
242000762
175364170
82850939
17556198
111435350
352646670
373940321
292042516
325020864
228795129
243808041
342860872
250681801
17093617
163797228
300206560
137282587
231259869
93899422
148690959
123039060
198862126
24663531
176175363
19586990
17958288
36716412
28778213
281696128
56334961
44263279
271903493
66714854
183337680
256656253
21867286
117716435
245409076
