3173791294
1928881303
246103
2429625187
2946769330
20479813
2967119053
742143
14293310
14677919
5695632
3197491842
730068464
125512325
17813135
40894553
103110877
289838994
58919448
2365688876
2260373173
21522338
1491876301
51241574
15224867
27726303
51285915
2860926454
283777645
469330673
43113979
2248872301
2916305152
3515946196
3291519526
76959901
33721957
85906383
1381015860
368508367
22512685
106519317
21316279
19510776
17514354
32436402
65772461
39876885
17327944
15652889
43166813
189253902
1451773004
249299305
509628989
2870783409
624910761
849951900
2209674606
2949839969
1655611202
239442869
1598687438
844315279
1947613784
1064144696
28377276
221147815
23462787
11512342
30331404
15808647
13982132
246493616
16284386
253854657
25222559
2746683784
3152654915
2896341174
365662159
11896242
2584044030
256251231
76212176
30925396
40156330
577552703
1583355613
862539240
473951597
125481462
80335780
209757631
2890908016
228628039
18700629
15811542
21459600
49686679
197901148
61447736
17442457
3002012409
242936934
1155165133
148434878
507532024
19028966
46977576
323907302
113130846
44224256
162887009
184997446
7315022
14277276
29054405
11620792
87725458
2296443391
2808219345
197593109
36112143
566291737
19777553
376747080
340356226
1223059802
322646099
884744054
16334139
22822771
258896387
69074550
195767336
18982903
69711802
228942497
2471147682
2155859569
1201468789
9676152
1361403872
210814800
786796010
396691903
7542802
19255955
482348318
316163832
14116807
442160336
97299311
392745595
1433736926
165841595
461513506
14903013
41003275
23111119
64250735
20258334
5520952
1452034232
228403233
126503408
19982260
280137736
872152117
816653
20653637
875458850
29091751
43126886
57466391
2202059449
2174693510
151496793
151904264
2354840438
135265904
54641489
477485439
862409983
2576905380
1573873243
621523
200226529
66367559
31002593
624413
15096075
710278115
80681990
314011033
140427956
53039176
109290405
158006058
485924782
78669790
299798272
16669075
20436059
14282672
101802390
19539716
71028773
357648167
36375825
16341166
14615871
1601549102
745476127
36774033
130649891
426909329
1585906567
455024343
1339835893
2285426744
158396052
39092982
1093090866
425872825
33998183
2528303509
2458563254
2541619760
28136613
378740424
2458567464
16245822
557151599
2402548327
2517646015
194140922
370260313
330921167
33416753
629474079
85894667
38507122
24742196
38023844
31418774
24012170
519536557
20998647
39416218
493454735
407043981
126373017
27073265
139173680
45985944
2411495790
800100318
1065721033
116766949
16955991
85721484
47336791
168085460
316327930
31443503
36078825
15684633
118975084
18638502
100601004
15859033
38530021
48110818
15308469
16201819
15692087
119788592
29710089
29710508
316673390
297635111
118952409
1922163835
42313640
792449084
315002750
1291041361
263804554
14437914
12133382
14062180
21918310
20150502
115710058
19412785
19792358
72168063
198741618
268895913
702131646
66124383
46222735
69045279
151433313
18638586
57378886
20516659
103975413
35762667
95776405
18541756
278620896
21781279
138271896
49441959
89581205
1169878730
135508487
1264799124
74829880
1944400008
79473719
593986363
588497884
324201651
20248200
441163656
109650984
1308231031
67747939
193395677
16933716
386427623
60642052
19476868
1072649472
115490380
185808487
27814665
24775410
33846451
41003633
1710005630
15307727
59166197
14653404
88761820
20339060
168857946
94682674
2360227482
22888221
769479835
1537208240
2374632642
14599117
34713186
19073346
16841929
59211696
16033375
45725092
17368500
20678850
254719698
44034613
252791666
205789121
16184358
15522756
111113489
19546277
146099226
124237063
104237736
496089340
104509652
89533247
288998203
234373824
1265324029
256659681
756214939
395226842
102389370
14970036
34923877
17093617
169171657
23098595
22797378
32431468
54664757
461174001
10496902
13904152
15458277
182964244
360800740
740610750
512228118
43963249
15237693
436922149
125186206
193797587
216138213
2264983748
17925200
1862246455
15488026
19979844
1427388054
192993192
2161101728
159224545
22545453
151106990
247097124
1700342114
2352592488
2190853818
198728096
38027049
234923388
583111400
64990595
69354861
85964215
38489678
51622152
14531304
19154824
444121048
25081344
100521035
536905167
74763913
86985626
48800840
238280031
14733445
169916402
17155995
577433246
1173726756
21906739
377581047
601398944
64482503
1898051473
90680898
1920161564
874655161
231120710
14326090
114102708
1375137366
29573746
1562429922
105588068
1654698733
343472374
812579611
17266725
27318985
361903576
19596228
11740902
817209
16228398
36728196
38459380
68269765
92554791
21934849
35796774
18636754
67655176
16385645
14323863
22149727
18170046
284672748
20402945
36082429
771525061
267399199
283827278
105177612
427843313
226698068
20791294
1692087836
272210521
384940104
916303212
636629677
66401056
794709175
46519992
17445739
481538782
17781673
329313187
287465957
958278048
19673977
14620497
391629910
16429603
165622748
353274749
19659031
20242234
36339871
18244332
86626845
35961145
529719346
498961671
128599644
167121443
2157115346
1603929722
30284896
29253031
63540017
41855610
9689662
32463503
27648004
71244492
80102450
63485923
16186212
267171658
208120290
18056078
205847300
212771854
544550972
183323231
32580204
24249169
268389550
151574328
42115136
156380959
785230440
89536216
1655684432
65353100
1528647528
279723085
256225105
17873822
44161798
24760277
19251967
26823522
40488066
17003048
18618039
46387907
34708125
26810542
57410869
21341100
21228251
71141911
15457383
84629892
9043022
48471787
26037516
21419504
22814630
148780457
101858228
18058609
15282064
2996801
395365280
180410174
615957642
280548474
701195418
908855162
19662718
113523341
65174274
308506248
167562319
426159377
80930700
21669123
19774865
30313925
23462018
25997459
227872601
123943385
78596309
29967834
18645499
234888678
17408254
78306928
74247476
18480494
55734363
607272998
16523713
1395452995
1941314394
405024810
282282694
1969364748
71652085
127663598
1871563760
1115579676
443803826
289452073
1372375970
921824256
216479877
1356919946
262270117
136018330
318518392
102445051
16892009
1733362032
1553050753
237381325
1743911556
22078798
14501400
1978511046
25393674
114973731
176845842
197475713
19191910
73380878
15566901
1044771
9548232
14985126
26982121
53911602
546050178
112805705
356359065
455075350
113201620
879161563
21662996
14614615
37701900
42664672
148872151
435302260
15383592
26365670
432578840
83618557
759972222
430233048
1374027848
876080419
245730560
1917731
45444693
757896
14387914
17119957
18485250
10748252
9907172
43371831
14055301
6519522
14074515
19697415
27977856
15383851
22053234
10791192
44777959
23794763
94588784
15182343
26079630
15179874
39250316
16616061
22079085
25372825
18683406
68987936
15723971
17930077
16129920
132241469
488979647
26657119
459492295
13493302
140924372
138530516
104576097
200958613
67333334
25552666
20186316
17509945
65416742
41602160
8984292
6450322
25928253
26077026
25562183
15368404
59161755
137429956
14592723
15662282
15985218
69356392
19444017
74521617
63162660
234895264
17901931
233364902
334705090
239894804
227355847
113462919
46424522
107502030
88740365
70188601
26769506
32459743
16300786
36052870
20864931
40250272
36695510
88717331
48715988
19185441
25661626
112775879
989124709
1037517716
701286774
124850387
93673775
464871521
15985346
614513664
20868714
1444132754
195180528
22837709
47797829
983177682
1880532332
119514109
17028879
19151125
21663232
19308138
17419608
107491845
41866944
23674342
38531995
17393790
21898041
621543
11856422
19397785
15110357
18949452
20562637
322255131
4898091
34713362
28140646
241215352
37008978
17292434
11274452
1754641
67358777
5988062
25053299
84614572
18083786
50075587
8276112
20182642
38372614
8724862
17813899
109611471
25983654
19407053
32359921
19606528
81412512
18682917
43907062
214933219
7717612
22654404
91478624
14800270
42690723
567840583
273092378
1732340887
59790468
158414847
95431448
807095
193442384
16264003
219594956
3108351
16684965
429287459
34635492
759251
32062804
14511951
2467791
14420767
14278568
316717525
114018364
41271217
14602259
61636488
154206398
19026854
116193106
169563805
229888557
22431584
60662463
119752725
211699876
183651111
96878088
80899027
82944279
348628740
349069023
128211271
352024333
224353426
256290372
132186769
48437303
71551560
100809366
29199444
23967554
22708797
3355281
18170896
22752559
78712620
23162455
84635988
33715192
213823830
23776791
27899908
18083983
127685430
89307532
45972358
45876299
32146628
11768542
24959108
17788837
22658470
16316655
17545687
23554934
30972306
92440764
21346576
17372405
71310977
175467165
44918155
95216320
74709617
37687077
76943994
128574773
50655319
18248403
190890578
41822495
169266318
80910617
41151535
105242077
18023868
160945556
21833427
24958792
5392522
23711785
1013974532
167160157
228770156
1040483000
430019680
882637400
87510035
150757875
11348282
40106111
28383739
25950355
65476823
41643844
43251509
17068564
64498695
116836600
18954172
25085528
70741976
180306138
14755273
290022216
19031473
15587500
17002395
28160998
1769551
1023020557
834770064
15532983
24168698
16949344
34720054
269969386
15134240
118823132
1924483482
47744880
102412736
13787352
22019881
606758781
136312541
19658936
42651647
23771696
24236494
30862829
14499829
20272531
16045742
216732662
243886271
22541773
146569971
16115979
86697288
373471064
428333
44783853
17837184
15235829
44957814
128884885
49992096
23999515
27922157
41615372
70837868
6794502
62539653
108638625
18057077
17154954
18935711
14435376
141947171
23964682
44346972
20557590
813286
