14511951
19697415
14677919
35773039
561474207
804555763
2831717436
14075928
296979153
43901113
33838201
260741931
441804621
102880340
316583747
22143555
2440731504
14938053
16315838
1225082941
26092859
2832376490
292691834
34283613
29433614
16895274
36184220
117662694
22692199
24919888
17471979
11348282
369510596
393142031
2292233328
299836218
76391483
100549728
1058206406
77201212
39294966
179236504
1918599793
37721339
435951628
27718978
119891487
1386007189
23551666
2496226370
31208552
1101937098
420364784
407053278
1861578894
18334682
17630750
758970498
17458621
44508829
126077465
570090452
30860721
1298775493
39291145
414927150
360663756
602989093
5988062
2884771
8295072
14216123
20402945
16578473
52698165
35009875
27841166
106017864
41439548
51801586
63518219
66473648
58913750
544282746
19032584
60679847
