870174998
2493321450
35773039
742143
16955991
14293310
14260960
887331541
4129581683
16686144
759251
294660973
19701628
49634218
2266906687
369822365
193660590
313612738
1710152604
3996599481
1891806212
600662692
54327995
546137134
92582687
95979076
22631088
220728516
26589987
890891
1469747174
331051303
2409495260
1869370004
372922391
868894248
305690608
389044855
316389142
351099511
568470409
422263364
100085953
3084724067
141947171
104514398
202833346
1710565506
2992386734
251270329
2550552574
2467969316
124161685
54953661
807095
14216661
2779055651
186364931
2817221448
36191419
493175789
823615574
2573014538
2582830669
2749745342
14499829
91452026
974022566
256273390
91593408
570341347
2614442811
2224264883
1651618880
713661347
1093150837
21887947
1332345158
548035890
1071227654
310339863
28567809
328390720
22023103
16179676
2175400512
2395436191
1033329414
16381650
185052274
23587939
28836822
2213113730
1915268299
219841696
311507686
30272229
212106981
394581283
16042794
1339835893
6017542
2238120780
87818409
416675074
175471321
327800646
19038934
23655688
18999969
8736882
151123001
324091104
222136229
415790125
7401202
39250316
1090625214
29738086
76332033
352311644
35598529
32372834
862400282
813286
103948050
133448051
19697415
16303106
