479083985

17703262

3938800876

343043956

172792784

503310376

190042598

1557214944

403543703

4238009900

3957234993

2548744214

67790263

368388673

4237591634

257323431

635921712

17038200

139718165

166906469

31612875

1293778622

2382010531

47599241

250243953

246040411

622092594

4188295887

82685758

142857410

4188316133

885967520

132883311

34386044

2485025854

637140831

4236861374

71932909

2699955747

147961102

189196845

1486019796

4236616752

2444859489

267455815

4187290523

133184440

2249612424

4161027755

47187311

282399239

4187336157

1869470143

4186801709

4235944093

22267095

4235810832

3823529123

955939236

4235713752

1537534748

4235547198

30311118

2565313384

4235464963

3581451555

4187076076

2205432048

628875576

611696495

2876009530

4082067796

583988923

516228964

